ego_speed	departTime_ped	npc1_speed	lane_npc1	npc1_distance	ego_changeSpeed
0.0	0	10.720746878235408	[2, 0]	153.87651037592332	[7.061392793072034, 5]
0.0	0	13.08146898099884	[2, 0]	102.09775089438637	[5.583498111743731, 5]
0.0	0	24.722488417782166	[2, 0]	136.73298858946657	[4.248953622514913, 5]
0.0	0	43.949927495943065	[1, 0]	103.16602443114266	[4.490842399139214, 5]
0.0	0	15.459933945787935	[2, 0]	157.16046207021185	[6.887085662674178, 5]
0.0	0	16.6853063369409	[2, 0]	166.97809209578799	[4.321446611930663, 5]
0.0	0	22.92106917132284	[1, 0]	178.50876833840724	[6.860353838668489, 5]
0.0	0	35.187681206283024	[1, 0]	146.27673062461133	[6.624912374898493, 5]
0.0	0	12.449559883667154	[1, 0]	99.98133384942376	[3.6681205037685274, 5]
0.0	0	42.39610575856568	[2, 0]	139.89830458851324	[3.4635076204538353, 5]
0.0	0	44.38765991521208	[1, 0]	133.68611065385662	[5.729593020191085, 5]
0.0	0	26.964767224119456	[2, 0]	91.98765769274313	[4.078293830913219, 5]
0.0	0	41.096966540142795	[2, 0]	146.74053945110222	[2.1972882552975754, 5]
0.0	0	17.306341789476978	[2, 0]	122.18838183740661	[1.6210156087756349, 5]
0.0	0	32.810618364876134	[2, 0]	135.83310519562644	[7.710128126396079, 5]
0.0	0	28.102511749027283	[1, 0]	156.2523223216833	[6.802036746260055, 5]
0.0	0	29.671489746018413	[2, 0]	91.11030375064874	[7.323241822315291, 5]
0.0	0	15.561334898863658	[2, 0]	104.54677706044819	[3.930773456879454, 5]
0.0	0	12.630266623455283	[1, 0]	152.3451669389978	[3.572242957684111, 5]
0.0	0	12.88272738346791	[2, 0]	118.00687918215812	[1.8325762327857025, 5]
0.0	0	25.43984467915599	[1, 0]	126.48635678477243	[4.549634155280062, 5]
0.0	0	29.433700213801046	[2, 0]	140.62858836819305	[6.247507462628992, 5]
0.0	0	23.6285662782309	[2, 0]	161.5597996884535	[6.657071272248717, 5]
0.0	0	18.254820787524753	[2, 0]	175.72088100001446	[4.41004560753118, 5]
0.0	0	40.46762714422262	[1, 0]	141.98060249157538	[6.595490342081515, 5]
0.0	0	26.300237403992025	[1, 0]	112.48629673010946	[6.804153552705426, 5]
0.0	0	35.49378746686749	[2, 0]	173.29599036697556	[2.407811131748235, 5]
0.0	0	19.741961866793503	[2, 0]	105.70722027177595	[2.7371729682142627, 5]
0.0	0	22.691000818897912	[1, 0]	170.8162897326588	[3.2798254920231367, 5]
0.0	0	13.524235885209759	[1, 0]	148.89393981221656	[2.14182686714826, 5]
0.0	0	46.70381070881205	[1, 0]	150.35173448519606	[6.129834084647735, 5]
0.0	0	30.858121581619788	[1, 0]	178.80583073473883	[7.520581534368825, 5]
0.0	0	29.10631361120251	[2, 0]	114.57455912491162	[2.971843021749225, 5]
0.0	0	40.222326791216084	[2, 0]	89.67927265467252	[8.124681974535507, 5]
0.0	0	11.811844941267617	[2, 0]	169.90822641175714	[7.460183668024251, 5]
0.0	0	24.939297870491504	[1, 0]	145.36109629599935	[6.465708743941138, 5]
0.0	0	22.527102578135885	[1, 0]	158.58244891087105	[5.764207116328218, 5]
0.0	0	15.805899052745454	[2, 0]	164.3917789689587	[2.5629122824837465, 5]
0.0	0	13.484765005534607	[2, 0]	151.6021703018341	[2.711620278447611, 5]
0.0	0	34.99705991027238	[2, 0]	151.9734683802856	[1.7110151533961522, 5]
0.0	0	42.58577244249521	[1, 0]	139.214626685619	[2.3684158953756764, 5]
0.0	0	34.66832676476451	[2, 0]	139.51580055706162	[4.515691229015092, 5]
0.0	0	34.942198313064296	[1, 0]	149.49553588912377	[7.088677040467063, 5]
0.0	0	49.8939603540804	[1, 0]	107.3364625577832	[5.4216752688181575, 5]
0.0	0	40.58710339021286	[1, 0]	153.81822018284754	[2.9787480625479796, 5]
0.0	0	42.363523147586896	[2, 0]	134.25094256287966	[4.640046948295432, 5]
0.0	0	43.88837505320858	[1, 0]	135.86794123759455	[5.1296458480720295, 5]
0.0	0	37.379958872604625	[2, 0]	90.34034759958566	[2.57241171428638, 5]
0.0	0	48.55758910117655	[2, 0]	147.7826225371118	[1.5280254555065134, 5]
0.0	0	43.98087090621748	[2, 0]	127.77577990073425	[5.261495584687602, 5]
0.0	0	49.68004164494989	[2, 0]	143.49016545749075	[5.119074943900013, 5]
0.0	0	38.42153266571529	[2, 0]	122.72477805308495	[4.760041496959369, 5]
0.0	0	48.082650575344765	[2, 0]	159.67215601528693	[6.519706131678623, 5]
0.0	0	17.533851431574696	[2, 0]	161.1549853576127	[4.246036630236808, 5]
0.0	0	18.076262881846674	[2, 0]	122.51843905304645	[5.183092035611168, 5]
0.0	0	22.62043703159962	[1, 0]	124.42647157330262	[5.123182031167587, 5]
0.0	0	19.19516514243064	[2, 0]	132.9493593703944	[7.400749289635207, 5]
0.0	0	49.33327831241243	[2, 0]	105.80946976598045	[7.945465095114514, 5]
0.0	0	28.590667014277063	[2, 0]	158.0988922742708	[3.9675072682410883, 5]
0.0	0	16.719924709470725	[2, 0]	146.06625005547363	[7.191787499081933, 5]
0.0	0	31.86744740569125	[1, 0]	142.65199519958153	[3.751506525460044, 5]
0.0	0	14.902617110576935	[2, 0]	166.8853454593552	[4.194961464211177, 5]
0.0	0	37.49944417061129	[1, 0]	137.7575398908105	[3.659481783947349, 5]
0.0	0	17.906989061688975	[1, 0]	135.75534673832536	[1.491892496676657, 5]
0.0	0	19.951013591920127	[2, 0]	108.26076000838047	[4.065309668240563, 5]
0.0	0	24.812134814236643	[1, 0]	161.78166711645014	[7.76327768239793, 5]
0.0	0	13.551151141385693	[2, 0]	129.76750630267506	[1.9271414964420233, 5]
0.0	0	35.780609670962846	[1, 0]	99.3528349320588	[7.468687770459147, 5]
0.0	0	39.06877937194268	[2, 0]	150.55367380695142	[4.65660445105924, 5]
0.0	0	30.462336466559936	[2, 0]	131.35148710932924	[5.300608696073073, 5]
0.0	0	24.911817450028323	[2, 0]	134.365056650909	[2.7819469913996615, 5]
0.0	0	49.33678584677586	[1, 0]	106.1369910170429	[5.864386584667182, 5]
0.0	0	49.23061641120077	[2, 0]	123.90016739745244	[8.023209880419365, 5]
0.0	0	42.90316197979881	[1, 0]	126.56306560656341	[4.78800771929153, 5]
0.0	0	24.257462805484415	[1, 0]	139.69076549328747	[5.127726746770641, 5]
0.0	0	27.478244819790245	[2, 0]	155.67379211000232	[6.8427039833808605, 5]
0.0	0	22.69054630785913	[1, 0]	158.18544057872052	[6.84321232959321, 5]
0.0	0	39.307856627922625	[2, 0]	175.5189260497158	[8.103511655047065, 5]
0.0	0	32.096042209921094	[1, 0]	170.37363757574963	[7.808744976767414, 5]
0.0	0	12.067776243514103	[2, 0]	154.0078867012266	[4.292583937967369, 5]
0.0	0	23.78629616602477	[1, 0]	153.4835005169808	[5.094967992036972, 5]
0.0	0	34.91710885469847	[2, 0]	90.88148157187877	[6.277295584744653, 5]
0.0	0	24.392872176291032	[2, 0]	96.87617804114294	[6.519441510212213, 5]
0.0	0	37.711248275163285	[2, 0]	103.09546312369122	[7.527947667141358, 5]
0.0	0	32.30396146192231	[2, 0]	106.2589522880382	[4.018498419022599, 5]
0.0	0	43.72560134956244	[2, 0]	102.43421089076408	[7.5485378733537125, 5]
0.0	0	19.10640151792389	[2, 0]	111.63170593387244	[4.390313996109231, 5]
0.0	0	10.532888061102897	[2, 0]	151.01841125362452	[5.9271975840509326, 5]
0.0	0	30.82426997557305	[1, 0]	124.46441876748737	[2.660550540351246, 5]
0.0	0	49.78089232431277	[1, 0]	141.57587452005407	[6.00533772873335, 5]
0.0	0	15.107837129873074	[2, 0]	159.66921479001346	[4.565054642017007, 5]
0.0	0	21.011976779270306	[1, 0]	146.61562819678676	[5.580977796482523, 5]
0.0	0	42.232521049441765	[1, 0]	158.41119048176088	[2.591683480955845, 5]
0.0	0	39.993674677190135	[1, 0]	178.64265102763773	[4.205810814043571, 5]
0.0	0	11.443203142793537	[1, 0]	141.30641829580088	[6.526986767979264, 5]
0.0	0	26.170792609916244	[1, 0]	159.03897868810833	[8.150208885815992, 5]
0.0	0	28.207226927224436	[2, 0]	144.8854588404979	[1.7278104192311559, 5]
0.0	0	30.529024951587655	[1, 0]	168.58522550444053	[8.261822791027415, 5]
0.0	0	11.3268482299676	[1, 0]	121.88226971048628	[7.55805789732483, 5]
0.0	0	38.63214963204335	[2, 0]	163.2049747325794	[2.460459424007699, 5]
0.0	0	39.95898518135227	[1, 0]	125.27141807317568	[7.203539999642801, 5]
0.0	0	31.570409457300165	[1, 0]	176.4360480755292	[3.3336929489698397, 5]
0.0	0	36.34586237754548	[1, 0]	107.78881691271513	[6.021108223902632, 5]
0.0	0	16.483187697290553	[1, 0]	93.14183604670558	[7.580189759993984, 5]
0.0	0	20.115067913520804	[2, 0]	160.7989117400209	[4.4002282685958, 5]
0.0	0	24.459512358084865	[2, 0]	147.72123927981838	[1.9054510970204654, 5]
0.0	0	38.47508340391203	[1, 0]	95.96815401120823	[6.988138322499161, 5]
0.0	0	14.24744878081099	[1, 0]	151.10203939074225	[6.4281150882920794, 5]
0.0	0	36.35063427555949	[2, 0]	100.15793762377535	[4.283840933843123, 5]
0.0	0	14.949755682321118	[2, 0]	103.93592999793194	[1.9673134422446656, 5]
0.0	0	32.3336404112372	[1, 0]	150.19625025700748	[7.67439280047892, 5]
0.0	0	17.11827525855857	[1, 0]	95.45380500739951	[3.7563320883926123, 5]
0.0	0	16.436940870718445	[2, 0]	129.2149320832052	[4.226607225798647, 5]
0.0	0	31.23161917302929	[1, 0]	178.2044482503056	[7.378138500873811, 5]
0.0	0	37.13619517587198	[1, 0]	148.44751840498574	[6.511211255171483, 5]
0.0	0	45.427112619614164	[1, 0]	113.19475961402425	[3.340681898526803, 5]
0.0	0	18.09013845351567	[2, 0]	174.43844186950247	[4.055614439179941, 5]
0.0	0	14.469260290089567	[1, 0]	106.90962811771105	[4.858204888891217, 5]
0.0	0	22.88389138789475	[2, 0]	155.18777579198292	[1.8742282964108417, 5]
0.0	0	26.617737906402464	[1, 0]	106.04839678853656	[3.2559679381671205, 5]
0.0	0	20.762433925212434	[1, 0]	164.53825703336184	[8.196896791999162, 5]
0.0	0	45.08550279203239	[2, 0]	158.00900320506898	[1.9431207672208124, 5]
0.0	0	45.71253821940555	[1, 0]	129.45874667937565	[1.902956929945073, 5]
0.0	0	26.09150368738205	[1, 0]	160.37082898331226	[5.8347159544393, 5]
0.0	0	16.96824891076304	[1, 0]	129.8889450762061	[5.345345735092965, 5]
0.0	0	30.993320794344683	[2, 0]	150.33998647699477	[3.7900046161840466, 5]
0.0	0	17.466614426465302	[1, 0]	145.35687156405731	[3.450702120112809, 5]
0.0	0	13.408132233764062	[1, 0]	136.1081902822066	[2.121912098627718, 5]
0.0	0	25.697566287067936	[1, 0]	92.31079541312198	[3.1309783345818887, 5]
0.0	0	11.830759956799733	[1, 0]	143.1501518163203	[3.0063138911809264, 5]
0.0	0	24.316307254958545	[2, 0]	174.99343219681577	[5.365076055844307, 5]
0.0	0	36.48017602379479	[1, 0]	101.26506681202098	[2.917736111994302, 5]
0.0	0	41.46580813924152	[2, 0]	137.9186649801947	[5.232521155029751, 5]
0.0	0	49.369438617132865	[1, 0]	105.281098352624	[7.4343554089865815, 5]
0.0	0	34.85467927945013	[2, 0]	122.73014561233151	[2.127502738978022, 5]
0.0	0	18.8386556323172	[2, 0]	99.68071005185507	[7.451732779123704, 5]
0.0	0	45.49718932787614	[1, 0]	148.10515080837325	[6.853100074237784, 5]
0.0	0	44.47272858734486	[1, 0]	119.28254088822669	[3.029640217053407, 5]
0.0	0	13.857453005998723	[2, 0]	92.93856885660898	[5.868720937392524, 5]
0.0	0	22.875622419865675	[1, 0]	177.57907969305046	[2.3566432126507775, 5]
0.0	0	26.767042462214214	[2, 0]	177.81865918541848	[2.943022918357214, 5]
0.0	0	26.061775247803304	[2, 0]	98.44351697041733	[6.911903602323964, 5]
0.0	0	14.613310238092021	[2, 0]	96.43868300139145	[8.064707231912095, 5]
0.0	0	47.60166905288713	[1, 0]	143.8674343934648	[3.727429037066034, 5]
0.0	0	16.575093133013958	[2, 0]	166.60784140125043	[1.5204957794375973, 5]
0.0	0	31.069021235155432	[2, 0]	153.15740393590838	[6.948019583249655, 5]
0.0	0	41.56379141278291	[2, 0]	93.43419861400297	[2.2753500673581812, 5]
0.0	0	21.26235612941485	[2, 0]	167.29180600121916	[3.0988596266800807, 5]
0.0	0	36.00413577383006	[2, 0]	132.57833873167652	[6.564711915535785, 5]
0.0	0	37.56979400624812	[1, 0]	126.89788206455913	[4.273802154083316, 5]
0.0	0	42.76860392629526	[1, 0]	101.79428557551442	[8.146397919985649, 5]
0.0	0	29.946526759946032	[1, 0]	104.62074749206963	[7.937275539420178, 5]
0.0	0	25.12599799789015	[2, 0]	155.88337019244597	[1.425217291291988, 5]
0.0	0	18.65649254086954	[2, 0]	160.62236163881457	[1.6642775909478809, 5]
0.0	0	47.826422027771876	[2, 0]	177.45334606070506	[2.541715249705331, 5]
0.0	0	31.919601144473276	[1, 0]	89.37362303982378	[6.655962099030503, 5]
0.0	0	17.463102159594715	[1, 0]	154.43581221427888	[2.698646841312352, 5]
0.0	0	49.90632898946322	[1, 0]	145.35143870085787	[1.6268676059364073, 5]
0.0	0	14.88745835251902	[1, 0]	130.63024743263503	[6.9962972634268885, 5]
0.0	0	42.72261035431625	[2, 0]	162.21375579699924	[8.15478509647645, 5]
0.0	0	46.17791287944688	[2, 0]	105.80058437836456	[6.079336642958478, 5]
0.0	0	32.152009098810254	[2, 0]	131.71215644394906	[7.178426580483406, 5]
0.0	0	19.748504433715766	[1, 0]	152.35857064941217	[7.795953937536944, 5]
0.0	0	48.21021014510333	[1, 0]	171.95744730742575	[6.544554733036442, 5]
0.0	0	42.688347434943765	[2, 0]	160.70055851423538	[6.7497760611972115, 5]
0.0	0	13.494759586702736	[2, 0]	165.42025633921963	[4.305176645839454, 5]
0.0	0	48.894256697458175	[1, 0]	130.20190264492487	[4.269449490691633, 5]
0.0	0	26.74051451830707	[2, 0]	122.58445346381919	[3.750381406343213, 5]
0.0	0	17.34793396000944	[2, 0]	106.27986961960795	[2.1233150765003797, 5]
0.0	0	40.55920564096634	[1, 0]	104.93904814646257	[5.9123204323374345, 5]
0.0	0	24.4255327727312	[2, 0]	130.01602393265122	[7.8956550640474426, 5]
0.0	0	37.68904662657924	[1, 0]	118.90537932390187	[6.483959682394952, 5]
0.0	0	23.14659620542477	[1, 0]	152.91269335689057	[2.4819577155410686, 5]
0.0	0	25.460465553369332	[1, 0]	168.5273497334637	[4.376630665533356, 5]
0.0	0	34.38855973268755	[1, 0]	137.91005796215458	[2.1811194436885466, 5]
0.0	0	46.907137731918745	[2, 0]	114.91172557457229	[6.873844356149863, 5]
0.0	0	15.573998658121146	[2, 0]	178.24086056489563	[2.9808410204443407, 5]
0.0	0	31.6350864974535	[2, 0]	137.21538752438806	[8.300959844777012, 5]
0.0	0	39.19614897425054	[2, 0]	147.7736352031168	[2.741591618935243, 5]
0.0	0	40.2623148167516	[1, 0]	153.35409159869707	[7.72988202881573, 5]
0.0	0	23.98207261091795	[1, 0]	145.3744250596888	[6.824482822129124, 5]
0.0	0	12.419876564006971	[2, 0]	134.50110268078592	[1.4921818327371672, 5]
0.0	0	47.52541923308057	[1, 0]	92.38679143238411	[5.70097393674016, 5]
0.0	0	45.8675477818605	[2, 0]	164.43641528290345	[7.17939546395761, 5]
0.0	0	28.222970361241476	[2, 0]	175.0027550092811	[7.1241895871440155, 5]
0.0	0	19.830734603101472	[1, 0]	156.57957862581577	[7.873615520833976, 5]
0.0	0	39.76275024020006	[1, 0]	176.28829116056562	[6.31722960187541, 5]
0.0	0	36.51347750862665	[2, 0]	120.52443078737339	[4.684309159676317, 5]
0.0	0	33.14182399908826	[2, 0]	128.3020464232467	[4.277007690209617, 5]
0.0	0	43.598782970286976	[1, 0]	98.10849487734126	[2.9328355333051372, 5]
0.0	0	15.083716764395927	[1, 0]	178.69284244974696	[6.142804181026823, 5]
0.0	0	44.4942073356358	[2, 0]	104.78268619342056	[1.6797710057173203, 5]
0.0	0	34.712376523590606	[2, 0]	106.80939376328256	[3.130193140508233, 5]
0.0	0	42.5744924737002	[2, 0]	170.38543989862052	[3.870555827816035, 5]
0.0	0	16.833394083931395	[1, 0]	114.84227529484048	[4.050479306180806, 5]
0.0	0	42.642991183307764	[2, 0]	140.64141810226005	[7.946624601284222, 5]
0.0	0	27.198373516874547	[1, 0]	176.99287566034644	[1.5337212587801445, 5]
0.0	0	14.660443150636771	[1, 0]	103.99038428288586	[4.56254320077231, 5]
0.0	0	39.27820409556544	[2, 0]	169.0366827313375	[4.824328423097525, 5]
0.0	0	25.372693887554362	[1, 0]	166.65954618173097	[1.7134837087428436, 5]
0.0	0	43.41494648380519	[2, 0]	142.9632274756919	[4.599987719882939, 5]
0.0	0	38.5263295328976	[1, 0]	153.36911951026292	[3.7982907770916525, 5]
0.0	0	15.110821283945215	[2, 0]	98.08119135714608	[3.0171901437455944, 5]
0.0	0	48.70872528723018	[1, 0]	160.5725193719211	[3.130790512304548, 5]
0.0	0	46.88097103193439	[2, 0]	141.2736227958551	[7.437556216535319, 5]
0.0	0	37.4364361470872	[1, 0]	156.83520387968628	[4.358374106180293, 5]
0.0	0	36.01350017302977	[2, 0]	158.28387351424345	[3.141492863043038, 5]
0.0	0	39.06148823236816	[2, 0]	172.68562479784654	[4.56566299634567, 5]
0.0	0	47.56401124723163	[1, 0]	157.834868514958	[2.8820011595956485, 5]
0.0	0	15.916146033179432	[1, 0]	132.17070380822395	[5.586519288733113, 5]
0.0	0	23.457039503426106	[2, 0]	154.9694631490443	[8.024850425002835, 5]
0.0	0	25.350404540520696	[1, 0]	90.71783383720968	[6.033018237860718, 5]
0.0	0	31.41259392560515	[1, 0]	139.6193322003249	[4.584251142283815, 5]
0.0	0	23.265046812999767	[1, 0]	135.2887796137213	[5.853101411366278, 5]
0.0	0	42.48311275188779	[2, 0]	110.85241576065746	[2.7138742563533373, 5]
0.0	0	11.223129875173312	[2, 0]	107.29326955694437	[3.188827475254669, 5]
0.0	0	45.08225623059665	[1, 0]	177.634312068518	[7.373144258375532, 5]
0.0	0	24.092763107131287	[2, 0]	99.0566147112053	[7.978100796743525, 5]
0.0	0	20.77878306711014	[2, 0]	113.55976005995066	[6.818075042022285, 5]
0.0	0	17.473003236203706	[1, 0]	149.49878834664014	[2.273329401684932, 5]
0.0	0	44.3476869348915	[1, 0]	123.69511035948267	[4.2823798741884564, 5]
0.0	0	16.722523701757872	[1, 0]	107.89528727953956	[8.061885588166845, 5]
0.0	0	20.344277001953852	[2, 0]	177.3646596077852	[7.8747184105102495, 5]
0.0	0	14.77574971038711	[2, 0]	96.34689046733054	[1.810318853234982, 5]
0.0	0	30.273612814207812	[1, 0]	122.293258758165	[7.934081354754096, 5]
0.0	0	27.342444914591876	[1, 0]	89.25895172851406	[3.1741116043933206, 5]
0.0	0	48.636404255030996	[1, 0]	171.1692040450679	[3.5984461798611744, 5]
0.0	0	37.41319060740132	[2, 0]	129.15727116340327	[4.126661826718061, 5]
0.0	0	14.663130437406725	[1, 0]	143.00278896806782	[2.1771653414516985, 5]
0.0	0	18.471923663468974	[2, 0]	154.41010121685065	[4.42613734176144, 5]
0.0	0	30.34449416667389	[2, 0]	154.11450878042413	[1.7951952757278455, 5]
0.0	0	12.254356554716518	[2, 0]	171.4233023416234	[2.639249823261701, 5]
0.0	0	39.34720706874927	[2, 0]	161.3612763697551	[5.770235434671749, 5]
0.0	0	39.09081135935343	[1, 0]	165.00239186502324	[1.7807192708396682, 5]
0.0	0	27.782954033437314	[1, 0]	139.82860858601228	[7.368993994818954, 5]
0.0	0	11.835066251131352	[2, 0]	166.05316755727875	[7.55137105081914, 5]
0.0	0	38.75352383753504	[2, 0]	129.40905037060475	[6.114026164614047, 5]
0.0	0	42.70615827849802	[2, 0]	158.24106981615319	[4.689775977823237, 5]
0.0	0	33.83695232818377	[2, 0]	90.78849065685591	[6.319542800060159, 5]
0.0	0	48.00137012140528	[1, 0]	132.66371794777385	[3.471030016451086, 5]
0.0	0	31.925420037969143	[2, 0]	174.92315517316632	[3.366679019020216, 5]
0.0	0	41.32638926832347	[2, 0]	138.26893228314805	[5.219496194737224, 5]
0.0	0	10.389423460768148	[2, 0]	170.82608412867137	[5.875263837373372, 5]
0.0	0	47.94235055326121	[2, 0]	168.76455842685738	[8.099623048073928, 5]
0.0	0	16.318356536221575	[1, 0]	92.57496801892593	[3.530777014102927, 5]
0.0	0	33.29812324159959	[1, 0]	150.66553363639113	[6.575845176747851, 5]
0.0	0	21.157364711554965	[1, 0]	119.66788633109512	[5.430670018135181, 5]
0.0	0	12.926734714783677	[2, 0]	118.02943286042867	[8.063811477339435, 5]
0.0	0	34.29648652736093	[1, 0]	117.1193953537302	[4.9294197627689575, 5]
0.0	0	20.540296667989686	[1, 0]	138.678016055988	[2.6535162363586413, 5]
0.0	0	49.37245381809635	[1, 0]	142.28115011819577	[4.870058000743672, 5]
0.0	0	33.8527301360777	[1, 0]	128.48174861408884	[7.137127901418309, 5]
0.0	0	31.181328417427704	[2, 0]	124.69409996542399	[6.318348091522439, 5]
0.0	0	32.445783818138025	[1, 0]	109.00827445211928	[3.265871367856621, 5]
0.0	0	21.9305074549521	[2, 0]	119.8535713410628	[5.969263913743519, 5]
0.0	0	24.489164307277132	[2, 0]	149.11644582908394	[4.855683595271335, 5]
0.0	0	34.64041221505625	[1, 0]	151.6809449458827	[7.973377088253329, 5]
0.0	0	36.412846882267345	[1, 0]	98.32158017308198	[6.783647928999217, 5]
0.0	0	35.23230786157927	[2, 0]	99.85852561772722	[5.137297897560255, 5]
0.0	0	31.326575162252865	[2, 0]	124.36611781079732	[5.071728717846295, 5]
0.0	0	48.125700794462716	[1, 0]	115.72306287393673	[5.961312468859541, 5]
0.0	0	21.31835512919522	[1, 0]	108.16543186828541	[6.586164547280768, 5]
0.0	0	19.33681028400015	[2, 0]	178.83059756031327	[2.0052982570964235, 5]
0.0	0	14.947732511653676	[1, 0]	109.62353495727753	[1.8933693672481477, 5]
0.0	0	19.83212385427398	[2, 0]	101.6426668019933	[6.945854327656975, 5]
0.0	0	21.36634741794048	[1, 0]	138.81518679829594	[7.5698799555017375, 5]
0.0	0	29.223032187764364	[1, 0]	144.00744895689107	[1.5089440594074797, 5]
0.0	0	17.24721990380342	[2, 0]	133.69139462077203	[7.643431482603198, 5]
0.0	0	28.93292694139932	[2, 0]	136.7647288527634	[5.9809980516876475, 5]
0.0	0	10.522411695207829	[1, 0]	157.0236191419781	[5.454238488632176, 5]
0.0	0	14.508546023134043	[1, 0]	151.51772943803914	[4.809080609862028, 5]
0.0	0	34.70938525213059	[1, 0]	129.42012265823175	[5.613036842191866, 5]
0.0	0	28.422507893674307	[2, 0]	159.06599028162395	[7.37402425386855, 5]
0.0	0	46.08226196417454	[2, 0]	174.17280086218824	[4.662859932059269, 5]
0.0	0	11.522769001630612	[2, 0]	113.80648099005957	[2.1570993891122123, 5]
0.0	0	45.914193419821586	[1, 0]	112.94768339425764	[4.601294018471131, 5]
0.0	0	41.81010859661793	[2, 0]	166.35978909396331	[6.61909177133478, 5]
0.0	0	21.4418420916379	[2, 0]	114.14480824559593	[2.6746389727082343, 5]
0.0	0	27.715749404994074	[1, 0]	143.24957759309294	[2.5581225662933753, 5]
0.0	0	41.47809706065609	[1, 0]	163.6322389401339	[3.465806627992561, 5]
0.0	0	14.042162625535768	[1, 0]	139.60226362629666	[6.1908428188825, 5]
0.0	0	31.96373156951568	[1, 0]	122.34857178237445	[7.665052184409514, 5]
0.0	0	25.103482894742605	[1, 0]	96.35309036354096	[4.095777930586324, 5]
0.0	0	38.25119364737637	[2, 0]	169.46878841859305	[5.575431047775424, 5]
0.0	0	19.35364505538269	[1, 0]	110.2812949173084	[5.692512472248817, 5]
0.0	0	34.74495697868606	[1, 0]	177.8115872134269	[1.4947023665101387, 5]
0.0	0	10.427358836038065	[1, 0]	109.26422204133405	[7.235798830209535, 5]
0.0	0	14.480571487515848	[2, 0]	165.81109164866578	[4.442345220236687, 5]
0.0	0	38.41037052822101	[2, 0]	106.82603136583279	[6.093602916046216, 5]
0.0	0	24.66893444656919	[1, 0]	148.6505472236498	[6.715801152046001, 5]
0.0	0	13.59511770425824	[2, 0]	124.90697423400198	[4.0219363155508265, 5]
0.0	0	21.3625533374181	[2, 0]	105.77134659213559	[7.8967357694634925, 5]
0.0	0	43.01436107618325	[2, 0]	178.50450740227438	[1.6874384931726092, 5]
0.0	0	24.284955011331533	[1, 0]	163.43768783549933	[5.192089607864148, 5]
0.0	0	25.639372388208987	[1, 0]	104.94045795416963	[7.962573478640554, 5]
0.0	0	17.369847524072085	[2, 0]	146.28675140846988	[4.850517277245838, 5]
0.0	0	11.647059546858772	[1, 0]	167.48533974202667	[4.833308887681679, 5]
0.0	0	44.24887080012676	[2, 0]	147.93015105268196	[4.932147461802576, 5]
0.0	0	14.71879805250774	[1, 0]	116.73963505324238	[5.315792380243251, 5]
0.0	0	24.578339401029318	[1, 0]	103.3264369474579	[1.5958414311853486, 5]
0.0	0	43.99164266172656	[2, 0]	105.3858280851046	[5.135488674109084, 5]
0.0	0	31.164378288034932	[2, 0]	116.24438572180574	[3.7117945030025887, 5]
0.0	0	24.96117305671098	[1, 0]	91.69676661207356	[6.360985928459947, 5]
0.0	0	42.46186129517274	[2, 0]	164.7572440853433	[7.990131144906633, 5]
0.0	0	25.882715845355076	[2, 0]	178.6841402229495	[7.308109650314051, 5]
0.0	0	14.40637952522575	[1, 0]	170.92339677189477	[7.869160838127376, 5]
0.0	0	34.97795925016584	[2, 0]	100.98723108292117	[5.5065060778771056, 5]
0.0	0	36.517073541813545	[1, 0]	116.34303613611536	[3.059543236235346, 5]
0.0	0	27.966515873769087	[1, 0]	172.94643304529058	[6.625654895954714, 5]
0.0	0	46.67689605509875	[1, 0]	173.00969856329334	[4.7355331440623685, 5]
0.0	0	46.07253926733232	[1, 0]	160.81806340566368	[5.78543736147376, 5]
0.0	0	13.401425914891949	[1, 0]	154.51600371545433	[4.545941593736323, 5]
0.0	0	46.168448309012426	[2, 0]	161.08081020316033	[3.144381760472286, 5]
0.0	0	33.42687647104346	[1, 0]	157.40382001470792	[2.7075311118015004, 5]
0.0	0	13.817776786886482	[1, 0]	107.32418684660712	[3.3968113951224117, 5]
0.0	0	43.897069468796296	[2, 0]	147.9735847692705	[3.3779094428312937, 5]
0.0	0	22.430648814956168	[1, 0]	119.60348300286506	[6.822194368540191, 5]
0.0	0	19.268562263645627	[1, 0]	114.08612435433963	[4.226550503870209, 5]
0.0	0	18.137409887223992	[2, 0]	91.55838608267943	[7.236005563929347, 5]
0.0	0	10.761862338590886	[2, 0]	125.58948889173394	[4.436667329375724, 5]
0.0	0	36.176101399307946	[2, 0]	150.0170983386907	[1.672600112326594, 5]
0.0	0	25.645220703473818	[2, 0]	165.09050687792458	[7.060756615747672, 5]
0.0	0	17.971791466463966	[2, 0]	110.276016808098	[3.189450666486325, 5]
0.0	0	40.13517609793814	[1, 0]	170.14337597543363	[4.750368343542165, 5]
0.0	0	30.70830972871725	[1, 0]	156.37889695592358	[5.555679490305558, 5]
0.0	0	30.938554532489025	[1, 0]	125.09699718223644	[5.590049343494039, 5]
0.0	0	41.01931904563071	[2, 0]	102.14522218214277	[5.340844979661073, 5]
0.0	0	24.189447013481143	[1, 0]	168.29298534605243	[4.316915805012006, 5]
0.0	0	39.48796118461892	[1, 0]	134.71009710249126	[6.943641640208461, 5]
0.0	0	37.0805494409579	[1, 0]	116.85609047750324	[1.8377166528389115, 5]
0.0	0	33.26998558780228	[1, 0]	130.8371262402254	[5.08648466157908, 5]
0.0	0	48.998777019158595	[1, 0]	113.93000145626723	[2.6538295753608523, 5]
0.0	0	34.59601206806192	[1, 0]	167.49608811395618	[5.931774726179995, 5]
0.0	0	29.164368944788162	[2, 0]	158.6157555637443	[1.7471420583318862, 5]
0.0	0	36.822102680701605	[2, 0]	91.67008079009656	[1.7494883452775434, 5]
0.0	0	40.96239072767897	[2, 0]	97.16415742385942	[7.880193310679314, 5]
0.0	0	17.716888571902594	[2, 0]	89.1534759388901	[2.5497404341798697, 5]
0.0	0	10.60798957728535	[2, 0]	149.7492769036319	[7.305747935080622, 5]
0.0	0	27.06055171817468	[1, 0]	108.67969329462198	[7.08387735185819, 5]
0.0	0	38.61542490967771	[2, 0]	140.27992655838122	[3.0190219105698213, 5]
0.0	0	17.184864467116057	[1, 0]	105.3515538616736	[6.268085583195713, 5]
0.0	0	13.222334374332567	[2, 0]	157.0064695862372	[2.4013337937195245, 5]
0.0	0	30.92876944404165	[2, 0]	118.7957595093106	[4.152915353496285, 5]
0.0	0	16.844439441320965	[2, 0]	119.82740452182304	[7.576606199081669, 5]
0.0	0	23.909966595363752	[2, 0]	107.08039446386655	[6.873422389932809, 5]
0.0	0	17.168043419931948	[2, 0]	122.88660409563323	[7.7116289498899855, 5]
0.0	0	22.34509496657859	[2, 0]	105.49899513107862	[3.5579241161280204, 5]
0.0	0	33.79463673669571	[1, 0]	142.3054261885002	[4.988094871952462, 5]
0.0	0	48.49010873556146	[2, 0]	145.91066244610852	[5.091749049863497, 5]
0.0	0	47.06166397888215	[2, 0]	116.4912235183855	[5.4329217553744025, 5]
0.0	0	24.200598680845083	[1, 0]	104.08644821378033	[7.3489342309613415, 5]
0.0	0	42.03480928559647	[2, 0]	97.85116353016306	[4.841915077531916, 5]
0.0	0	10.988387618928426	[2, 0]	116.68682658580124	[5.344973460387369, 5]
0.0	0	28.88198241749255	[1, 0]	125.72835016508213	[8.030765251238916, 5]
0.0	0	27.479073870446705	[1, 0]	91.27127252714479	[6.0107327029815325, 5]
0.0	0	44.08626192979925	[1, 0]	94.04085130184073	[2.440021484795282, 5]
0.0	0	25.22734170022695	[1, 0]	136.27899103684604	[5.772970887961896, 5]
0.0	0	28.857032334933187	[2, 0]	117.09550226286976	[6.809528058642334, 5]
0.0	0	30.398374293474998	[2, 0]	160.60042680620478	[5.981593115376074, 5]
0.0	0	11.514026684567247	[2, 0]	161.13550606062836	[5.692080203500024, 5]
0.0	0	22.05476377994812	[1, 0]	89.45743833685997	[6.953944355856994, 5]
0.0	0	49.851833938056714	[1, 0]	118.85772251887754	[7.645312912460696, 5]
0.0	0	14.129305840530524	[2, 0]	136.86482338695174	[1.4438847267957182, 5]
0.0	0	14.969490250976227	[1, 0]	131.46647732380546	[4.677898906364659, 5]
0.0	0	10.131197615065576	[1, 0]	166.64015930598546	[7.097312515303922, 5]
0.0	0	48.20060845299585	[1, 0]	156.35657534157926	[4.279993650168971, 5]
0.0	0	12.087188054018085	[2, 0]	125.31872783702389	[5.490214168647727, 5]
0.0	0	40.537600239445545	[1, 0]	134.3532329576148	[4.912989700107154, 5]
0.0	0	10.345139675725907	[2, 0]	126.9115530227032	[2.0614752080763035, 5]
0.0	0	43.8809102960864	[2, 0]	166.3282371645008	[2.393503693639123, 5]
0.0	0	29.172750881513974	[1, 0]	113.38268508680639	[5.066658567204792, 5]
0.0	0	12.0903412532443	[1, 0]	122.63078832635983	[3.803623752085954, 5]
0.0	0	44.77607719575281	[1, 0]	118.62571076709278	[6.666767810132304, 5]
0.0	0	10.827385390266741	[1, 0]	91.7657278418585	[5.773360881244507, 5]
0.0	0	39.01152332879296	[2, 0]	147.28426961745606	[3.372683375167172, 5]
0.0	0	18.152093209886022	[1, 0]	130.73890814347965	[2.508462808106036, 5]
0.0	0	16.52873537579774	[2, 0]	115.53532462772273	[6.4515395916488645, 5]
0.0	0	48.33954392082412	[1, 0]	110.33018761532156	[7.071692652714082, 5]
0.0	0	31.197221858757	[2, 0]	125.76125161146643	[6.419332968156702, 5]
0.0	0	23.739642019496706	[2, 0]	155.38671669457594	[1.4107122411495845, 5]
0.0	0	29.832779147897664	[2, 0]	132.5579087631598	[1.772048371582642, 5]
0.0	0	44.21738055328624	[1, 0]	159.8544131881829	[1.5329512415097362, 5]
0.0	0	45.78430488963636	[1, 0]	113.48738370916281	[7.378566138047048, 5]
0.0	0	23.447648250399798	[2, 0]	126.8358292755932	[5.037477701860026, 5]
0.0	0	23.953762434903496	[1, 0]	111.75658282624863	[6.15871398823409, 5]
0.0	0	49.91816966582797	[2, 0]	101.33260332635359	[2.1465089727100732, 5]
0.0	0	31.752210397259603	[2, 0]	155.02696733141744	[7.039605811352947, 5]
0.0	0	43.25628241129858	[1, 0]	155.20540691361032	[5.545576376201462, 5]
0.0	0	35.19620041688954	[1, 0]	153.97915139906698	[3.3627444111017883, 5]
0.0	0	40.400974314344865	[2, 0]	118.19818003647762	[5.840552158539103, 5]
0.0	0	23.085503941474375	[2, 0]	174.98511570973255	[7.419475075305463, 5]
0.0	0	30.662874541888012	[1, 0]	93.54262656194811	[6.863234070832103, 5]
0.0	0	38.495841666242974	[1, 0]	128.81235607059324	[5.949175863533806, 5]
0.0	0	28.154373331604695	[2, 0]	129.0389844520338	[6.021424721346398, 5]
0.0	0	23.396416721457477	[1, 0]	166.04269776724664	[5.227123099976632, 5]
0.0	0	33.89467737908497	[2, 0]	117.89776262921401	[7.952317198777491, 5]
0.0	0	13.378451488884322	[2, 0]	121.57954546814868	[5.005950864528957, 5]
0.0	0	44.17780102718348	[2, 0]	105.78195082162898	[5.467603885028031, 5]
0.0	0	30.31831806806074	[1, 0]	169.7492865577497	[6.781755791870544, 5]
0.0	0	23.229594692182715	[1, 0]	150.5974020659011	[5.869479109971631, 5]
0.0	0	25.594116207724436	[2, 0]	168.27258518651513	[3.5357068922130774, 5]
0.0	0	27.612051072868727	[2, 0]	121.07970864078322	[7.6810143466939085, 5]
0.0	0	47.475419199133235	[1, 0]	163.75727385942986	[6.7581653217386295, 5]
0.0	0	25.496739661044817	[1, 0]	106.97399027067667	[8.091759426196772, 5]
0.0	0	24.73622739884274	[2, 0]	146.3589943069711	[1.4345910579228602, 5]
0.0	0	42.03428443275426	[2, 0]	161.88768128830108	[3.888954619098216, 5]
0.0	0	13.421789250977298	[2, 0]	142.18327260397254	[4.050958551581754, 5]
0.0	0	21.062076839279957	[1, 0]	151.53490297770637	[4.848080967149593, 5]
0.0	0	14.036597983781578	[1, 0]	178.87189336289345	[2.6811141375600283, 5]
0.0	0	21.070269620699666	[2, 0]	105.82834177266685	[5.679445727516959, 5]
0.0	0	42.094463071967496	[2, 0]	106.13391020725541	[6.704761025683185, 5]
0.0	0	26.718767837356832	[2, 0]	163.8949736578896	[2.6638116266735077, 5]
0.0	0	39.03813273515589	[1, 0]	105.62452559767587	[8.218385842238165, 5]
0.0	0	25.80225789953444	[2, 0]	117.25986344704036	[3.9924517018045016, 5]
0.0	0	24.097246015089855	[1, 0]	135.4121190674741	[2.473641415271207, 5]
0.0	0	47.033020136409924	[1, 0]	116.566089482547	[3.9728325847093062, 5]
0.0	0	29.07383340978152	[1, 0]	170.4334512236257	[4.690712164980307, 5]
0.0	0	38.63300060034122	[1, 0]	147.85066584868048	[3.7813163206109093, 5]
0.0	0	11.697048530465025	[1, 0]	176.04249410898012	[2.1300405522817862, 5]
0.0	0	39.7103937664578	[1, 0]	94.28634486366875	[7.38731896944956, 5]
0.0	0	12.408390346131956	[2, 0]	131.7439713330658	[2.1814242314553156, 5]
0.0	0	17.072873578994496	[2, 0]	113.30075551563004	[1.596320864786118, 5]
0.0	0	46.7736644055451	[2, 0]	165.74309269709545	[1.6874798158135462, 5]
0.0	0	37.321551534466934	[2, 0]	120.01635921443398	[3.713346255163258, 5]
0.0	0	32.45528210635272	[2, 0]	160.18068131012532	[3.5825947140099896, 5]
0.0	0	32.456027697933195	[1, 0]	160.17397963635472	[4.723524296760752, 5]
0.0	0	27.452968560515533	[2, 0]	112.79187335659566	[6.107322075020348, 5]
0.0	0	39.4929159202201	[2, 0]	150.52468439472554	[4.9825015828725405, 5]
0.0	0	28.766940453256144	[1, 0]	114.3466680829059	[6.298421955912644, 5]
0.0	0	19.598534610256113	[2, 0]	177.5966981914749	[6.621962356973767, 5]
0.0	0	18.037470760014017	[1, 0]	131.63432067153317	[3.8243735738561857, 5]
0.0	0	34.67303251551794	[2, 0]	129.8367367229328	[5.572636101498293, 5]
0.0	0	33.75428386266408	[2, 0]	129.98519289213075	[3.7054063487762936, 5]
0.0	0	23.316131500186188	[2, 0]	141.73986233971064	[8.241558036914745, 5]
0.0	0	11.164006753308161	[2, 0]	138.51152582377662	[4.2206768896271125, 5]
0.0	0	16.000360842037978	[2, 0]	113.5926920172321	[6.774302856036094, 5]
0.0	0	21.92685523210148	[2, 0]	168.11382419120693	[3.0658739629212395, 5]
0.0	0	13.565965694724934	[1, 0]	159.77963007988774	[1.9981764417181453, 5]
0.0	0	39.666548272789015	[2, 0]	158.65950316387253	[3.0897337208902433, 5]
0.0	0	22.500350292180403	[2, 0]	167.5511369824411	[2.376100452293751, 5]
0.0	0	20.061789878557118	[2, 0]	108.49555273727132	[4.787885509620633, 5]
0.0	0	49.432253706559486	[2, 0]	124.61292985571359	[2.86822516041946, 5]
0.0	0	11.043973084842165	[1, 0]	126.91139784952263	[7.543115973493076, 5]
0.0	0	33.55343683390743	[1, 0]	111.2765854476019	[5.786853596022824, 5]
0.0	0	37.33459977966153	[1, 0]	120.60270815061799	[3.3157803019839727, 5]
0.0	0	37.553130713992005	[1, 0]	154.34237182953768	[3.1540067351549816, 5]
0.0	0	29.30978373148548	[1, 0]	147.7413933341043	[5.557805831842325, 5]
0.0	0	46.26380352825202	[1, 0]	164.1841016862209	[6.7681447591180754, 5]
0.0	0	21.25045007647206	[2, 0]	161.87107594725418	[1.8298686371156567, 5]
0.0	0	13.169327253907765	[2, 0]	127.48167495356508	[2.711182147113734, 5]
0.0	0	23.213991287406973	[1, 0]	146.04852817706973	[7.140471127374991, 5]
0.0	0	37.97350160148454	[1, 0]	140.454272719064	[3.8575066913201566, 5]
0.0	0	20.712287150636094	[1, 0]	89.4318021117655	[7.8794065981225065, 5]
0.0	0	17.95187205319031	[1, 0]	99.63190194423905	[8.205145329977004, 5]
0.0	0	32.16370659997344	[2, 0]	90.62871029632508	[6.18206086558752, 5]
0.0	0	44.656536891594435	[1, 0]	170.8681420831315	[5.309555532413219, 5]
0.0	0	19.580370254234385	[2, 0]	112.53225703064244	[2.215354009448644, 5]
0.0	0	18.863651869538558	[1, 0]	161.96463753000114	[4.811641223086043, 5]
0.0	0	41.27787773697231	[2, 0]	118.18048827505841	[7.0724048518407985, 5]
0.0	0	25.448126246651203	[2, 0]	163.15146813952975	[5.2966026046719685, 5]
0.0	0	47.80914224092861	[2, 0]	93.41881598660123	[4.855469567981925, 5]
0.0	0	46.35396046775934	[2, 0]	178.44142020988602	[5.666715349468683, 5]
0.0	0	36.07053519483477	[2, 0]	165.1527833676513	[3.048947922467842, 5]
0.0	0	39.59426565861167	[1, 0]	172.31535352056136	[3.9310018610064597, 5]
0.0	0	36.180997331905125	[2, 0]	175.76926557461383	[7.462754891018543, 5]
0.0	0	34.89635781635759	[1, 0]	157.8456552854688	[3.9966192867142514, 5]
0.0	0	41.79695880372802	[1, 0]	93.11074149556539	[4.457796945737739, 5]
0.0	0	12.8987973673998	[2, 0]	119.72615560032254	[2.092984490760818, 5]
0.0	0	34.61466252543132	[1, 0]	92.72308380044065	[3.277673229400873, 5]
0.0	0	39.78230642617003	[1, 0]	129.98480532002554	[8.078292277735798, 5]
0.0	0	38.5871247797686	[2, 0]	151.49182160090004	[8.08125776448939, 5]
0.0	0	13.079593377666562	[1, 0]	92.32119795600558	[4.462902776107595, 5]
0.0	0	46.75878108961188	[2, 0]	103.96696722954833	[3.6110727804679077, 5]
0.0	0	31.30035796490068	[1, 0]	90.65604955046976	[2.8659228232594587, 5]
0.0	0	27.69886962432567	[2, 0]	151.92691048403773	[7.083877052405277, 5]
0.0	0	20.954070304590246	[1, 0]	155.76769920272227	[1.9364530697850892, 5]
0.0	0	43.921133144039786	[2, 0]	95.1596362617824	[1.4187195024422645, 5]
0.0	0	39.353796451817885	[2, 0]	118.3927001577515	[4.022550222731661, 5]
0.0	0	23.26286762818984	[2, 0]	167.77618302303668	[8.196138229939644, 5]
0.0	0	30.243401250414486	[2, 0]	131.55757970803245	[2.9247163874759323, 5]
0.0	0	34.765520759977804	[2, 0]	134.50647426851646	[1.440631714595081, 5]
0.0	0	42.359048513414855	[1, 0]	174.53041278728688	[3.280711110919536, 5]
0.0	0	13.663760045171395	[1, 0]	97.76621466564742	[2.418442515789686, 5]
0.0	0	26.08562274204302	[1, 0]	178.6951972683541	[6.239122485971658, 5]
0.0	0	21.131063004744494	[2, 0]	130.40703550863296	[5.823167538669479, 5]
0.0	0	15.432223566356491	[2, 0]	111.00861153612303	[5.467676934661735, 5]
0.0	0	16.402407360346455	[2, 0]	158.94082833048498	[7.599922473271366, 5]
0.0	0	33.762442212652246	[2, 0]	158.59144345441348	[5.174508452053374, 5]
0.0	0	10.240842308001039	[2, 0]	97.5611342309723	[5.422691422193484, 5]
0.0	0	26.980449284587422	[2, 0]	178.69817339396815	[2.028826941913684, 5]
0.0	0	27.126660403965097	[1, 0]	90.363095167711	[3.6453876690067406, 5]
0.0	0	38.22968752123129	[1, 0]	93.93728399227213	[6.794907063690073, 5]
0.0	0	20.355987003396944	[1, 0]	143.44474325977194	[5.052237024557432, 5]
0.0	0	49.3355771387632	[1, 0]	164.56450647832736	[7.526233444568095, 5]
0.0	0	16.190954703012043	[2, 0]	93.88120420252142	[1.7803282597984493, 5]
0.0	0	21.525091918452645	[2, 0]	135.9233276683033	[1.5666932849277, 5]
0.0	0	14.78971006539958	[2, 0]	164.7438974119473	[6.575485419886119, 5]
0.0	0	38.78620919804529	[2, 0]	114.76709481363604	[7.573462368873556, 5]
0.0	0	25.86429145218357	[1, 0]	130.21533229312556	[6.587110124761529, 5]
0.0	0	13.250763286316955	[2, 0]	140.90338209105397	[1.6193485708747164, 5]
0.0	0	12.302612362476701	[1, 0]	129.19877181127504	[3.135500931795138, 5]
0.0	0	11.542667723603142	[2, 0]	118.09960230947597	[2.333983245868781, 5]
0.0	0	44.94702398940258	[1, 0]	114.33376560390373	[4.102920901255583, 5]
0.0	0	21.611077194484047	[2, 0]	123.7147723209712	[4.509409193980755, 5]
0.0	0	26.133501722762276	[1, 0]	125.57870679015366	[4.501858716998015, 5]
0.0	0	23.15573019476475	[2, 0]	134.68227550201073	[5.789475617404304, 5]
0.0	0	19.516984604176727	[1, 0]	94.1420473871915	[6.026333861713624, 5]
0.0	0	28.254913424418426	[1, 0]	105.56336882430418	[4.299058074047503, 5]
0.0	0	26.087648210851516	[2, 0]	120.04593595151866	[7.6826187466841205, 5]
0.0	0	25.896816983998004	[1, 0]	99.84989093755895	[8.289107773019431, 5]
0.0	0	27.796940610248416	[1, 0]	142.3679838832325	[7.0357606685340865, 5]
0.0	0	36.7476501717013	[2, 0]	175.81150328089458	[5.946910862602705, 5]
0.0	0	49.852569306395736	[2, 0]	126.8147288996605	[1.6726519283178114, 5]
0.0	0	15.150940363033786	[2, 0]	138.4293250933292	[2.8621938651521273, 5]
0.0	0	43.18844032559025	[1, 0]	97.87033754596607	[3.9049974851155667, 5]
0.0	0	26.62362521200035	[1, 0]	110.37310994599366	[8.297340061924709, 5]
0.0	0	20.393080798153846	[1, 0]	97.64726798734682	[6.216874690275803, 5]
0.0	0	37.43695667226759	[1, 0]	112.79139255683532	[1.7402548067219965, 5]
0.0	0	15.555549765237128	[2, 0]	120.7074809746916	[6.538170686318246, 5]
0.0	0	26.29008536832451	[1, 0]	109.00551179085164	[5.600160697662246, 5]
0.0	0	40.59934855297809	[2, 0]	114.92530685824025	[4.284888847123099, 5]
0.0	0	39.83460003626266	[1, 0]	91.98138268480865	[3.462257941578315, 5]
0.0	0	26.804752373773848	[2, 0]	94.43714986939963	[7.644706952677057, 5]
0.0	0	40.533763265947904	[2, 0]	95.93326147765835	[1.6149577820650498, 5]
0.0	0	13.380998704661016	[1, 0]	161.182775422176	[2.6824063673037872, 5]
0.0	0	45.160009185119165	[2, 0]	152.99994300793182	[4.494974166581426, 5]
0.0	0	32.70786127807369	[2, 0]	114.26926700080458	[2.82825127956696, 5]
0.0	0	46.97889509585191	[2, 0]	125.69459462178189	[8.302586515306263, 5]
0.0	0	17.718591508613862	[1, 0]	133.7679986552309	[7.977391388647008, 5]
0.0	0	22.391149672839475	[2, 0]	166.20105067825733	[7.236881522677916, 5]
0.0	0	40.07276575452859	[2, 0]	145.16937178188255	[1.911576616693745, 5]
0.0	0	25.457135219856575	[2, 0]	107.73016904616041	[2.219172603970011, 5]
0.0	0	27.961007101536023	[1, 0]	99.71054989339723	[5.62553816159327, 5]
0.0	0	12.33490582620595	[1, 0]	93.13229157090528	[6.339120916785469, 5]
0.0	0	44.49636485508426	[1, 0]	175.5506732619528	[4.338498086855832, 5]
0.0	0	29.318730053708677	[1, 0]	149.47545200635983	[6.314926322440212, 5]
0.0	0	42.865343558825224	[2, 0]	162.03317233440015	[5.286735239479212, 5]
0.0	0	39.08395912906131	[2, 0]	145.2290553567129	[2.221585741900231, 5]
0.0	0	42.48348817570876	[1, 0]	111.29528688799836	[6.104854240378783, 5]
0.0	0	37.5051787484404	[1, 0]	106.23529691103472	[8.08394538026676, 5]
0.0	0	23.826527451470792	[1, 0]	112.154447100693	[4.363774602142318, 5]
0.0	0	18.003787789149584	[1, 0]	134.6263260430199	[6.049909022442921, 5]
0.0	0	43.67443991500996	[1, 0]	162.53933070952684	[3.311601875294471, 5]
0.0	0	27.046793470409764	[2, 0]	107.49919945148991	[1.953128465072992, 5]
0.0	0	29.54908089595025	[1, 0]	102.56735091647496	[6.946249900976124, 5]
0.0	0	49.50050484654336	[1, 0]	94.34424556705919	[3.19741569065027, 5]
0.0	0	33.168949628048054	[2, 0]	124.06066545953097	[6.713742641193965, 5]
0.0	0	12.74604611127424	[1, 0]	116.29760681860236	[3.270715660489695, 5]
0.0	0	27.41920219957586	[1, 0]	92.40007998540909	[7.486212744022615, 5]
0.0	0	43.55190774325363	[2, 0]	137.98346969064687	[3.895208128208402, 5]
0.0	0	13.218599049517819	[2, 0]	131.9099053554392	[6.035173721254687, 5]
0.0	0	31.316925533226517	[1, 0]	120.32005086394568	[2.2184955552540537, 5]
0.0	0	13.197069198093011	[2, 0]	171.4297069294413	[7.003295275833009, 5]
0.0	0	11.47027667600055	[1, 0]	109.0789374679029	[2.601901360700351, 5]
0.0	0	47.94577412010734	[1, 0]	92.66154954887702	[4.526048299073645, 5]
0.0	0	18.897844581459967	[1, 0]	173.82564988182222	[3.8053562279363744, 5]
0.0	0	33.06226784182505	[1, 0]	126.69462993842012	[4.571468472952298, 5]
0.0	0	40.40063283245578	[1, 0]	160.32038352002576	[4.0407628801145945, 5]
0.0	0	19.210980929497577	[2, 0]	94.21876735137005	[4.280716048612017, 5]
0.0	0	42.51863540811646	[2, 0]	121.19211242460277	[1.4038691837285642, 5]
0.0	0	14.753524999359584	[2, 0]	136.41215562924546	[6.87356996349776, 5]
0.0	0	30.207426570083026	[1, 0]	135.81252538913327	[1.8911640524749684, 5]
0.0	0	46.2126011245128	[1, 0]	126.0704963826085	[8.18642497717116, 5]
0.0	0	34.413905957274366	[1, 0]	90.89022709788036	[2.4542583946774776, 5]
0.0	0	27.34434536459258	[2, 0]	92.05486710823925	[3.260755332699984, 5]
0.0	0	47.80618366974902	[1, 0]	154.03521198010282	[1.9270187543005324, 5]
0.0	0	46.23894152592969	[2, 0]	127.90993405287446	[1.8490627614506019, 5]
0.0	0	18.315793982008483	[2, 0]	173.4387227729699	[2.57247281765461, 5]
0.0	0	32.37715113235559	[2, 0]	139.42378708426548	[3.8663960789905243, 5]
0.0	0	18.77576593333561	[1, 0]	166.863271208632	[1.6779532618547826, 5]
0.0	0	10.652434752135855	[1, 0]	170.8649836921851	[7.110901643012378, 5]
0.0	0	44.086907778608264	[2, 0]	101.75462511912741	[4.207246160398832, 5]
0.0	0	44.38063767187983	[2, 0]	146.18193766087475	[5.967473825911296, 5]
0.0	0	35.09560224280743	[2, 0]	125.70418858522555	[5.958604855879174, 5]
0.0	0	22.24635578001414	[1, 0]	96.6137738067457	[1.3929374733273399, 5]
0.0	0	35.56978243335102	[2, 0]	92.83543071528865	[6.448268707201467, 5]
0.0	0	18.517293983202276	[2, 0]	129.77456198862063	[3.5074919295229448, 5]
0.0	0	46.087205716010146	[1, 0]	117.30720957924167	[2.45543157209352, 5]
0.0	0	36.56230484787582	[2, 0]	127.06571653663045	[8.325955466116842, 5]
0.0	0	15.486109305697218	[1, 0]	157.9657394791104	[6.223222226699989, 5]
0.0	0	44.23380192994616	[2, 0]	89.48099748954209	[3.400998747054051, 5]
0.0	0	34.96464306121193	[2, 0]	151.03876237558467	[6.047052581421198, 5]
0.0	0	34.73881081153912	[1, 0]	169.52874023429894	[6.879793968265998, 5]
0.0	0	39.194501214895595	[2, 0]	132.32440595634637	[7.321818817162566, 5]
0.0	0	37.62350357790633	[1, 0]	152.2433552110723	[5.716777372793367, 5]
0.0	0	22.221692133651207	[2, 0]	98.27356828277598	[6.805452623009402, 5]
0.0	0	45.77240207179437	[1, 0]	141.09436503724402	[3.408815196450718, 5]
0.0	0	24.685407111319474	[1, 0]	133.03338287518238	[2.629417378787884, 5]
0.0	0	25.475940052304363	[2, 0]	94.46621020219902	[6.276257762117066, 5]
0.0	0	36.696308570292004	[2, 0]	157.34937089681932	[5.129673819357904, 5]
0.0	0	40.07784063654724	[1, 0]	173.14177246732515	[7.133733150192193, 5]
0.0	0	44.75417606683337	[1, 0]	146.3516067788826	[6.215872378121877, 5]
0.0	0	28.3870622322795	[2, 0]	166.310673520575	[3.195277986431159, 5]
0.0	0	49.40721099906944	[2, 0]	104.23210354209552	[7.975787594652527, 5]
0.0	0	42.809626223676	[2, 0]	109.06602711059028	[4.64953056543448, 5]
0.0	0	39.498646524302316	[2, 0]	117.81048297573223	[7.767784894395825, 5]
0.0	0	11.806707620682564	[2, 0]	148.0841684170471	[7.080023882506994, 5]
0.0	0	32.897970250976755	[1, 0]	95.08260157793141	[6.301685741813564, 5]
0.0	0	20.38275469181747	[1, 0]	132.8353915113148	[3.647025733884661, 5]
0.0	0	27.10658664896996	[2, 0]	168.97423155370262	[2.9446726533801404, 5]
0.0	0	21.100971012296025	[1, 0]	144.65422178062	[3.961628800156895, 5]
0.0	0	13.51794314061554	[2, 0]	128.19577671749363	[6.588219752941898, 5]
0.0	0	39.34214482989237	[1, 0]	95.25089924805633	[6.907341309371517, 5]
0.0	0	44.298929038565255	[1, 0]	133.283292115717	[5.513850235976011, 5]
0.0	0	42.82705350372786	[2, 0]	155.43148230116373	[2.298954671329549, 5]
0.0	0	11.680562769622265	[2, 0]	129.29794196612045	[7.795418426382054, 5]
0.0	0	26.679605034875834	[1, 0]	153.16807064158758	[3.20818057993984, 5]
0.0	0	22.728221654102704	[2, 0]	173.1261841481596	[6.964475273066583, 5]
0.0	0	44.06541367160926	[2, 0]	153.1679825197363	[7.230847804500974, 5]
0.0	0	25.69348684202598	[1, 0]	100.72695176418775	[5.8707551333140255, 5]
0.0	0	49.706571147325214	[1, 0]	146.0095685952922	[4.82289394101661, 5]
0.0	0	11.211532439390833	[2, 0]	175.47224265147662	[8.254392430002587, 5]
0.0	0	32.180047012906556	[2, 0]	177.87025998463756	[3.416086575329433, 5]
0.0	0	36.965532060909766	[1, 0]	103.0871408654454	[7.803167373534485, 5]
0.0	0	27.426105731605862	[1, 0]	155.7872218701146	[3.0057515559771484, 5]
0.0	0	30.94008030599829	[2, 0]	135.3266428283038	[2.2813701944191904, 5]
0.0	0	49.82409811027498	[2, 0]	105.4662855165272	[1.4544441608573708, 5]
0.0	0	26.400805071122175	[1, 0]	95.1206953148188	[1.4837312035693575, 5]
0.0	0	12.087282907882171	[1, 0]	166.3234608921399	[2.7257627862387652, 5]
0.0	0	45.37623531327229	[1, 0]	129.7917447664222	[2.8370439887298864, 5]
0.0	0	43.342450595988915	[1, 0]	177.198418012429	[3.0195380583531635, 5]
0.0	0	24.20019118560752	[1, 0]	159.55057164896118	[4.918190623913406, 5]
0.0	0	20.121698909580232	[1, 0]	175.10890325389119	[5.846054571585006, 5]
0.0	0	10.227682204680766	[2, 0]	94.04348324970228	[7.307672004207484, 5]
0.0	0	12.726517529712387	[2, 0]	129.6896506363678	[4.423764139564358, 5]
0.0	0	32.49522664726946	[1, 0]	170.41207236086348	[2.725178979731391, 5]
0.0	0	46.45277194710604	[1, 0]	169.679175432833	[6.612109623246295, 5]
0.0	0	28.904600544470075	[1, 0]	120.0250741669437	[2.0268237498357706, 5]
0.0	0	26.23313264772453	[1, 0]	148.7739044024177	[3.771873741537196, 5]
0.0	0	39.94941983266667	[1, 0]	108.85745749757746	[1.93380862105164, 5]
0.0	0	28.693324595793282	[2, 0]	119.62033589729812	[4.545608840791539, 5]
0.0	0	30.227586377844823	[1, 0]	159.52528650759604	[2.6402055975963505, 5]
0.0	0	31.030576435571945	[2, 0]	90.2360457238522	[6.555859056042045, 5]
0.0	0	14.23308245529197	[1, 0]	94.2040165862425	[8.18018429584893, 5]
0.0	0	30.80881718552097	[2, 0]	161.8698446702677	[4.752047363026741, 5]
0.0	0	35.21617950805856	[1, 0]	127.9554936771518	[7.3125909420633, 5]
0.0	0	10.426738556883702	[2, 0]	142.69920631705338	[2.317175725728344, 5]
0.0	0	39.78714458932328	[2, 0]	117.69866543215	[6.552780832899101, 5]
0.0	0	10.91912518776313	[2, 0]	171.19541035722332	[3.4988910026292848, 5]
0.0	0	39.99673147342054	[1, 0]	172.96519747027548	[6.481531015212896, 5]
0.0	0	47.755998121536365	[1, 0]	172.80723228330766	[7.10109141078578, 5]
0.0	0	32.18365712410119	[1, 0]	99.48793125488962	[2.174475458098378, 5]
0.0	0	15.050137239905458	[1, 0]	148.29150250271823	[5.1491421965373165, 5]
0.0	0	41.51823691264881	[1, 0]	116.16036885807861	[2.3472082309683144, 5]
0.0	0	25.16145639340305	[1, 0]	93.94046007166763	[7.594770394287916, 5]
0.0	0	16.699612955430737	[2, 0]	106.87958234273607	[1.9044823040309173, 5]
0.0	0	42.642138161150164	[2, 0]	101.36627247224428	[2.1037726666656402, 5]
0.0	0	12.28814226785769	[2, 0]	117.50097227464227	[1.5756537168122606, 5]
0.0	0	38.68531047234642	[2, 0]	103.51727253006526	[7.652593594256218, 5]
0.0	0	45.78051944029561	[2, 0]	93.4378251786265	[7.109357232819522, 5]
0.0	0	39.970069121469024	[1, 0]	121.58061431954393	[5.457300230830907, 5]
0.0	0	41.72073391577519	[1, 0]	154.47002364026423	[7.085269260518078, 5]
0.0	0	29.022964259583244	[1, 0]	119.97843450566364	[7.663344503248876, 5]
0.0	0	48.54253108852362	[1, 0]	119.27473247513238	[5.4039958696566694, 5]
0.0	0	20.393259353999444	[1, 0]	95.37087670178398	[3.320487507032094, 5]
0.0	0	28.731382307698617	[2, 0]	93.33937172065586	[4.08211027976472, 5]
0.0	0	42.08943286046631	[1, 0]	107.10281297229633	[2.8580971255781047, 5]
0.0	0	31.88992623497455	[2, 0]	120.37289997121626	[6.702029336025817, 5]
0.0	0	22.036567435579045	[2, 0]	92.77849986118544	[1.4262764676894195, 5]
0.0	0	10.422832340291134	[2, 0]	108.29861810795637	[7.016488279079845, 5]
0.0	0	10.226730448677417	[1, 0]	148.73581809438824	[4.020893848456339, 5]
0.0	0	23.535307373126926	[2, 0]	168.13870073973916	[1.4532217654014008, 5]
0.0	0	35.10931974983197	[2, 0]	116.76400969797469	[4.9689342979463085, 5]
0.0	0	13.638207704551492	[2, 0]	175.1250508751312	[7.456938786235606, 5]
0.0	0	29.241552105126694	[2, 0]	144.46878179585156	[6.008228004202311, 5]
0.0	0	21.116463306651553	[1, 0]	124.53018270287541	[2.7498011333490036, 5]
0.0	0	45.2468889269913	[1, 0]	132.74497066397464	[2.0844446163694004, 5]
0.0	0	40.75356172256007	[2, 0]	120.9814281650189	[2.699332030682479, 5]
0.0	0	44.62860297919892	[2, 0]	108.27827090698315	[2.4661285108737907, 5]
0.0	0	20.641592901586883	[1, 0]	123.30279812753378	[5.186951426391705, 5]
0.0	0	27.76233439530859	[2, 0]	128.49604735009746	[4.87615455036142, 5]
0.0	0	26.965597756250638	[2, 0]	163.5578906517827	[3.103986108179207, 5]
0.0	0	16.14010326979293	[2, 0]	108.00687883352057	[7.8871101655054225, 5]
0.0	0	16.8018028412479	[2, 0]	99.18734038894911	[2.8428687906115395, 5]
0.0	0	33.69816773862327	[2, 0]	163.82584673087092	[3.2713356640678675, 5]
0.0	0	46.2536945052437	[2, 0]	142.4619417956132	[8.11430347239606, 5]
0.0	0	21.239345425974214	[1, 0]	99.2725520424857	[1.52903997773989, 5]
0.0	0	30.818729595061036	[1, 0]	149.8381680113036	[2.908232728824121, 5]
0.0	0	40.074510349578375	[1, 0]	125.16423270559962	[7.046343988249334, 5]
0.0	0	33.86749315206644	[1, 0]	117.17146553203466	[6.374366649183395, 5]
0.0	0	45.533009859947	[2, 0]	159.38581678550423	[1.8521295613495492, 5]
0.0	0	38.47251888440756	[1, 0]	116.55755181672646	[7.946405119642107, 5]
0.0	0	21.809440222124792	[2, 0]	132.00375680429852	[1.9808648980528667, 5]
0.0	0	41.41566903161656	[1, 0]	162.73480924770473	[7.251228201890399, 5]
0.0	0	45.9172983473278	[2, 0]	98.48328160216109	[6.5399880645586315, 5]
0.0	0	34.86615449041636	[1, 0]	125.85315515066947	[2.322659770018201, 5]
0.0	0	48.27094916706995	[2, 0]	175.46515154452572	[7.862370243824619, 5]
0.0	0	15.379800112287516	[2, 0]	142.4289829779654	[5.933822788085826, 5]
0.0	0	23.33985688961768	[1, 0]	171.7681064648816	[6.401391401918607, 5]
0.0	0	30.602847141857676	[1, 0]	100.29339558846557	[4.373831375829804, 5]
0.0	0	41.967669939626084	[2, 0]	142.16432753449538	[6.533605969607893, 5]
0.0	0	47.7421339989484	[2, 0]	108.23911750325968	[3.5529045828812795, 5]
0.0	0	30.167193423512984	[2, 0]	176.4647923692096	[5.367296466826965, 5]
0.0	0	39.05169232577907	[2, 0]	169.05522423139882	[7.236262604081579, 5]
0.0	0	20.56938339914292	[1, 0]	116.52570864713581	[3.6259297754930793, 5]
0.0	0	22.06874080220543	[2, 0]	120.47333869097696	[2.674855716318297, 5]
0.0	0	13.760629923571626	[1, 0]	136.21642078955165	[4.348650816523675, 5]
0.0	0	39.23982199586258	[1, 0]	97.0010801000893	[7.5485951236206414, 5]
0.0	0	18.835273739236502	[1, 0]	146.83579828585712	[7.476544299810879, 5]
0.0	0	25.677362974712434	[1, 0]	168.69995916755562	[2.236401752443131, 5]
0.0	0	12.396055840464443	[2, 0]	154.14930116004018	[1.4874556000708283, 5]
0.0	0	34.15941773446432	[2, 0]	117.03073176282801	[3.08093103389955, 5]
0.0	0	39.90955596179707	[2, 0]	124.3562960510283	[2.133083908005085, 5]
0.0	0	14.867547110244647	[1, 0]	91.5323934806331	[7.626502185479101, 5]
0.0	0	38.450889632286405	[2, 0]	107.13648831860438	[7.676535720636419, 5]
0.0	0	26.683781210125623	[2, 0]	167.9331564450719	[4.4417241618965395, 5]
0.0	0	18.063118591459634	[2, 0]	151.92626171151343	[6.603664215930789, 5]
0.0	0	33.277841851239195	[2, 0]	124.75511177325987	[6.424803772982214, 5]
0.0	0	47.23902163554741	[2, 0]	148.36649968363932	[5.149665307112997, 5]
0.0	0	12.006035847086366	[1, 0]	139.55235231692933	[3.9569714802601306, 5]
0.0	0	23.437448051639386	[2, 0]	110.40101203809556	[2.7896206871687146, 5]
0.0	0	15.476662102355485	[1, 0]	174.70458423438106	[4.071373562488508, 5]
0.0	0	10.554829534912907	[2, 0]	173.433261615103	[4.662306094269144, 5]
0.0	0	40.760469457981195	[1, 0]	95.23586149397376	[4.355594664748666, 5]
0.0	0	29.016056905874446	[1, 0]	107.15668567542924	[6.080643943634142, 5]
0.0	0	21.286473632027967	[1, 0]	157.24057654817562	[6.85046015999671, 5]
0.0	0	18.458632456061153	[2, 0]	174.01507287067204	[5.818057677516966, 5]
0.0	0	19.222724734131052	[2, 0]	163.08931814121738	[8.216293262209227, 5]
0.0	0	41.86933977510255	[1, 0]	163.43043288911366	[7.812074558150279, 5]
0.0	0	26.620035338017274	[1, 0]	154.00367301517315	[2.9342797733678605, 5]
0.0	0	28.290555356945966	[1, 0]	145.50749604143948	[3.0875424364051542, 5]
0.0	0	19.285526805208374	[2, 0]	117.52668766356545	[8.199893881153436, 5]
0.0	0	18.036647242277215	[2, 0]	166.66720582335836	[5.910428507598527, 5]
0.0	0	26.928646619141624	[2, 0]	129.0078266393094	[3.637117989362594, 5]
0.0	0	30.784759837227842	[2, 0]	103.89788511013427	[5.329048196352822, 5]
0.0	0	24.123317950103264	[2, 0]	121.8466208548776	[1.9718484812731836, 5]
0.0	0	26.486808585224058	[1, 0]	167.4174951450326	[2.7338939848916537, 5]
0.0	0	11.122489403857154	[2, 0]	90.41369388117882	[6.41767963648507, 5]
0.0	0	18.75018580968055	[2, 0]	143.72612558202798	[5.870161806444666, 5]
0.0	0	37.79608794598265	[2, 0]	144.67514281557328	[1.601946243466592, 5]
0.0	0	29.5351961713592	[2, 0]	133.49343847777766	[6.991319139102623, 5]
0.0	0	38.447896116186534	[1, 0]	120.726485752683	[4.201017133570089, 5]
0.0	0	38.26401638638664	[2, 0]	106.22818015403257	[4.837525679683393, 5]
0.0	0	37.655053525293106	[2, 0]	160.6892642090191	[4.987736601873363, 5]
0.0	0	45.147450863111864	[2, 0]	158.67824629689352	[1.9553727203705684, 5]
0.0	0	47.06856376458764	[2, 0]	165.79689816155633	[4.873079487378448, 5]
0.0	0	21.728423449138777	[1, 0]	143.77438806807203	[3.29246805654872, 5]
0.0	0	40.34894533788474	[2, 0]	135.21022492706945	[4.850995799586265, 5]
0.0	0	31.68887542510814	[2, 0]	94.56022662277628	[6.145721272448881, 5]
0.0	0	25.637843353335082	[2, 0]	159.99293614896374	[5.125765413582983, 5]
0.0	0	48.08476100053261	[2, 0]	111.92957708886982	[3.526179294426095, 5]
0.0	0	42.90927058761327	[2, 0]	126.46231590709951	[3.5347483029612534, 5]
0.0	0	22.735753123388168	[1, 0]	171.67829473983647	[5.124704285620927, 5]
0.0	0	38.758987500793836	[2, 0]	121.95474968948346	[5.2521883608968425, 5]
0.0	0	29.534968997466503	[1, 0]	150.38485555911842	[1.8527240712093929, 5]
0.0	0	43.13860053302321	[2, 0]	143.1885708709851	[2.8999486417469895, 5]
0.0	0	34.16012881462074	[2, 0]	174.2881676742698	[4.815721681436175, 5]
0.0	0	42.07022049221894	[1, 0]	119.4140762942484	[4.3250534540365235, 5]
0.0	0	32.12026129823512	[2, 0]	155.92631338621965	[2.76851787628065, 5]
0.0	0	30.474934691379975	[1, 0]	153.97368476603447	[8.027736462533722, 5]
0.0	0	32.09905332655054	[1, 0]	159.44015846798152	[7.396777613196955, 5]
0.0	0	45.50480231330074	[2, 0]	131.75141645036612	[6.221315000045352, 5]
0.0	0	32.46099998836681	[1, 0]	137.53338501955378	[2.6287309019255227, 5]
0.0	0	41.743054701505514	[1, 0]	151.78773137417966	[6.524376425742358, 5]
0.0	0	39.84103847675971	[1, 0]	173.7885751102262	[5.517562942917521, 5]
0.0	0	12.901748314658356	[1, 0]	133.9960321612918	[2.323133811944725, 5]
0.0	0	30.37430966080176	[2, 0]	158.049684467369	[6.25055672620362, 5]
0.0	0	47.619195919924394	[1, 0]	160.31020245841137	[5.215637051637858, 5]
0.0	0	14.813960345103911	[2, 0]	128.6898095508535	[7.291005416797191, 5]
0.0	0	17.077097330519102	[2, 0]	117.15745531199732	[1.7974985479426655, 5]
0.0	0	41.48559967156927	[1, 0]	175.366827401056	[6.209099786433485, 5]
0.0	0	27.74894202880922	[1, 0]	115.21596355593971	[7.414031676441188, 5]
0.0	0	21.37382582192087	[2, 0]	157.5440815523526	[5.247064015199361, 5]
0.0	0	10.716049132315268	[1, 0]	92.03430498900512	[7.823732348779983, 5]
0.0	0	20.922375637127058	[1, 0]	159.88791338991433	[7.4367959147976475, 5]
0.0	0	37.83590336724455	[2, 0]	105.72063690624745	[4.7957244451867655, 5]
0.0	0	19.056471195910063	[2, 0]	122.09090606708786	[1.9233260771144702, 5]
0.0	0	12.308138438555062	[2, 0]	154.07162186092887	[2.162247592802656, 5]
0.0	0	17.39815422197166	[1, 0]	151.64386914174452	[3.512776648459743, 5]
0.0	0	16.393281205326574	[2, 0]	125.62855330723045	[5.135263592001117, 5]
0.0	0	48.46657911804211	[2, 0]	90.06061426544522	[4.537618749103151, 5]
0.0	0	14.608362917569444	[1, 0]	123.22657058881177	[6.913284635130279, 5]
0.0	0	10.237956142320972	[2, 0]	176.21996154411966	[4.72804720615599, 5]
0.0	0	25.010309829353755	[1, 0]	176.2874033060096	[4.762554097556498, 5]
0.0	0	20.272171797352332	[1, 0]	106.77329730232779	[5.458978886220798, 5]
0.0	0	32.64648967334994	[2, 0]	140.74642366024085	[4.9420565163785275, 5]
0.0	0	12.86350401885195	[1, 0]	176.4738704522332	[2.2091914817179092, 5]
0.0	0	11.76683307745016	[2, 0]	103.43138569523222	[6.660046916947437, 5]
0.0	0	16.76132779362878	[2, 0]	157.14721918658066	[4.362086802599948, 5]
0.0	0	41.66563781928259	[1, 0]	114.62098811047129	[3.4571979688987207, 5]
0.0	0	28.55207386061549	[2, 0]	92.46497449183859	[3.5339418863863368, 5]
0.0	0	31.343498420675893	[2, 0]	129.35258287258455	[7.5431665002256665, 5]
0.0	0	14.860791729492535	[2, 0]	140.67737045028326	[5.985908555568119, 5]
0.0	0	13.252658222707396	[1, 0]	92.81216468243478	[2.4324704947483107, 5]
0.0	0	33.59068390173999	[2, 0]	137.31905362714528	[3.6775180919074684, 5]
0.0	0	18.765906989128023	[1, 0]	145.1117013136452	[1.4979896457314108, 5]
0.0	0	10.465645775946676	[2, 0]	128.1907535418159	[7.700689361869127, 5]
0.0	0	37.909727496259045	[2, 0]	138.78377167902414	[6.52502892052539, 5]
0.0	0	49.64487815156114	[1, 0]	112.32425706416826	[3.358223578895035, 5]
0.0	0	29.776727046780138	[1, 0]	107.44799791548932	[7.65227923049331, 5]
0.0	0	38.44523223277328	[1, 0]	121.53223210803301	[5.816012021670153, 5]
0.0	0	12.510662479037624	[1, 0]	174.33224015441596	[4.3139979486916635, 5]
0.0	0	49.613266674935666	[2, 0]	165.12364967947303	[6.846265888765513, 5]
0.0	0	34.30300880887746	[2, 0]	111.02748490000883	[6.963721323085532, 5]
0.0	0	11.618200871139944	[2, 0]	110.05613386216638	[4.300893437070315, 5]
0.0	0	10.816404109839237	[2, 0]	132.2233070081602	[7.186895902909164, 5]
0.0	0	35.6130288878959	[2, 0]	139.99361685888005	[4.28823595266767, 5]
0.0	0	30.82297384514511	[1, 0]	135.7988012089666	[3.4524061944965903, 5]
0.0	0	16.597599113029112	[1, 0]	95.93761929263621	[7.558959564461813, 5]
0.0	0	33.41476863167858	[2, 0]	109.24741977410017	[7.300483146279077, 5]
0.0	0	24.518772417513592	[2, 0]	111.54366353441884	[7.210318053931797, 5]
0.0	0	43.47252302511754	[1, 0]	126.0496186086978	[5.9050509220476375, 5]
0.0	0	31.32406762954636	[2, 0]	165.35713044264202	[4.423907138618021, 5]
0.0	0	46.860501878049035	[1, 0]	177.4001434486458	[7.538099201849738, 5]
0.0	0	35.959668321535986	[2, 0]	135.6271342193354	[1.7160353418759275, 5]
0.0	0	39.56653887868838	[2, 0]	137.7235698222115	[5.671582069853582, 5]
0.0	0	44.325278029649894	[2, 0]	132.76092733637296	[3.382955231470762, 5]
0.0	0	28.981977140170155	[1, 0]	137.03250415762255	[3.4245634801681386, 5]
0.0	0	30.104477344479644	[1, 0]	151.50743048618207	[4.056209833103023, 5]
0.0	0	26.516722452923602	[1, 0]	137.30076934208256	[6.611205246226378, 5]
0.0	0	24.05619717897306	[1, 0]	93.24860155481238	[1.466271581247911, 5]
0.0	0	33.05366522665302	[1, 0]	149.01598575899897	[6.530115669312763, 5]
0.0	0	31.066774385064203	[1, 0]	154.40135234260697	[7.853692915207547, 5]
0.0	0	42.333041793322046	[2, 0]	114.89137110196944	[3.564226068630596, 5]
0.0	0	33.272891577811926	[2, 0]	125.61534001541325	[2.19174557064632, 5]
0.0	0	17.353318874676653	[1, 0]	105.74149844618226	[8.316181271760952, 5]
0.0	0	30.21437791892334	[1, 0]	161.87129113286906	[3.1140645722611384, 5]
0.0	0	43.0045205871709	[1, 0]	104.86961469193467	[7.323404596763776, 5]
0.0	0	12.475530554412058	[2, 0]	144.8118011599799	[1.8394242185316667, 5]
0.0	0	28.7938532279724	[2, 0]	133.64188736222948	[6.557229887806137, 5]
0.0	0	26.877247034389136	[2, 0]	153.69340608493764	[7.648650145185532, 5]
0.0	0	23.621799312730538	[2, 0]	148.35872402471674	[3.362882315397595, 5]
0.0	0	19.368455318042557	[1, 0]	149.93268778169437	[1.7207707901819314, 5]
0.0	0	34.547727756913076	[2, 0]	89.95110288202794	[5.75994675557117, 5]
0.0	0	34.92701298466978	[1, 0]	148.02301949575153	[7.022546450924097, 5]
0.0	0	34.309346193895394	[2, 0]	121.19786289619276	[6.5375192658850505, 5]
0.0	0	26.659794880121126	[1, 0]	160.52281403917658	[5.716611180844543, 5]
0.0	0	36.00593343552777	[1, 0]	160.30478120736007	[5.633487800570734, 5]
0.0	0	27.295202964575886	[2, 0]	175.21903837333144	[3.746501984180297, 5]
0.0	0	39.27959967974259	[1, 0]	99.91262329257238	[7.6243266917389265, 5]
0.0	0	34.344206040220755	[2, 0]	156.24733241009494	[3.007825232082177, 5]
0.0	0	19.056022254691594	[1, 0]	95.52889622245921	[3.4599744327686626, 5]
0.0	0	33.478650651944015	[1, 0]	92.90088489201288	[5.945481295559775, 5]
0.0	0	39.73057153304077	[2, 0]	130.53645858090906	[5.810915059785903, 5]
0.0	0	47.64327404310646	[1, 0]	170.75673809572572	[6.268583833128143, 5]
0.0	0	29.451519696702615	[2, 0]	162.61444548805224	[3.546487365459735, 5]
0.0	0	19.132128358689783	[1, 0]	122.4153848844593	[2.574403599146529, 5]
0.0	0	41.129686476115545	[1, 0]	133.5256246952468	[7.718154514058219, 5]
0.0	0	13.75353804862577	[2, 0]	122.01291306361848	[3.3696126770801, 5]
0.0	0	18.72163743621591	[1, 0]	125.23110826759233	[5.531803821169843, 5]
0.0	0	10.421632277747253	[1, 0]	178.2293117147733	[1.583617765634941, 5]
0.0	0	31.307610738630427	[2, 0]	118.18007607378608	[1.9478875467401298, 5]
0.0	0	32.8497131622429	[1, 0]	161.57018730693454	[2.902835181332727, 5]
0.0	0	18.80377791022273	[1, 0]	158.9691718774701	[8.26369100118201, 5]
0.0	0	43.40417940407266	[1, 0]	161.88905616776015	[2.5608545534536704, 5]
0.0	0	33.7746938282316	[2, 0]	107.43287026065633	[3.0354846173918375, 5]
0.0	0	39.375357798702744	[1, 0]	105.50173469632372	[7.701252516186494, 5]
0.0	0	33.054610451946665	[2, 0]	116.42226219510083	[3.989796768749213, 5]
0.0	0	47.000430296130034	[1, 0]	162.47475946310811	[1.7194729632060766, 5]
0.0	0	33.01914788414375	[2, 0]	115.7271081838307	[4.342545414394898, 5]
0.0	0	35.16135851012647	[2, 0]	136.45283163394686	[7.872443317368728, 5]
0.0	0	17.676698639812606	[1, 0]	134.00452526757007	[5.235733287841244, 5]
0.0	0	28.190655149963884	[2, 0]	126.93341682401044	[7.998848019530449, 5]
0.0	0	11.405464264314672	[1, 0]	129.1613319523285	[5.091828374107761, 5]
0.0	0	25.08874478012785	[2, 0]	161.1567179323427	[6.459255136275815, 5]
0.0	0	22.672901387195257	[1, 0]	97.69461085701363	[5.349006266438549, 5]
0.0	0	45.04294068755046	[1, 0]	145.23782277768527	[1.9019478730522978, 5]
0.0	0	31.452625850808477	[2, 0]	142.12962723465046	[5.317273661585851, 5]
0.0	0	22.648591169577667	[2, 0]	133.39449357616775	[8.06696072141012, 5]
0.0	0	32.7919271562154	[1, 0]	115.71261283914724	[5.595398403838721, 5]
0.0	0	29.126529122019026	[1, 0]	142.93403181393654	[7.718437695871128, 5]
0.0	0	21.899431708475827	[2, 0]	163.8932571680648	[4.415744345905967, 5]
0.0	0	33.462644204616225	[1, 0]	111.51030839877774	[6.045705633172892, 5]
0.0	0	15.39010869823422	[2, 0]	135.0408706654176	[7.376065125246437, 5]
0.0	0	44.52896729237341	[2, 0]	136.97809323271656	[2.394707159770201, 5]
0.0	0	19.084985419241683	[2, 0]	170.50015144761625	[6.604854176887687, 5]
0.0	0	36.0948671559505	[2, 0]	176.52689982471878	[4.480016976367427, 5]
0.0	0	45.01905042360645	[2, 0]	165.27555119982634	[3.111536803455328, 5]
0.0	0	30.800039218980455	[1, 0]	147.5292406377239	[7.4282300605730125, 5]
0.0	0	21.485778369857663	[1, 0]	99.25242186919502	[7.288317300992884, 5]
0.0	0	14.186489633304111	[1, 0]	161.65503535648196	[6.845522677357821, 5]
0.0	0	26.06734443237415	[1, 0]	126.46811856587077	[2.5396067655617176, 5]
0.0	0	43.4357360529244	[1, 0]	145.3132624960837	[5.247451289094318, 5]
0.0	0	16.48624000653145	[2, 0]	113.57669116995444	[2.6939463742658907, 5]
0.0	0	40.30678251030227	[2, 0]	93.12669142967518	[4.03926783639143, 5]
0.0	0	15.095818033726703	[2, 0]	122.01503420993379	[2.6554803029690297, 5]
0.0	0	25.68526072221028	[1, 0]	127.9134888140064	[7.816502603247863, 5]
0.0	0	29.93821298644335	[2, 0]	147.42735488354853	[3.8760443630838797, 5]
0.0	0	27.610773150778538	[2, 0]	89.17841392345717	[5.699984703550186, 5]
0.0	0	21.38975865255444	[2, 0]	103.18935880912308	[1.836967624736954, 5]
0.0	0	17.459948737674065	[1, 0]	101.12380243914026	[5.3463251885336325, 5]
0.0	0	43.48879160768481	[1, 0]	103.6815354042408	[5.717977089416101, 5]
0.0	0	34.908439136373325	[1, 0]	90.92840830409773	[4.277231314098447, 5]
0.0	0	11.4166048022844	[2, 0]	96.23033318694239	[4.873673627385041, 5]
0.0	0	24.125552056845663	[2, 0]	101.88181392971964	[1.775601450085207, 5]
0.0	0	12.914388862939878	[1, 0]	92.92881139137867	[7.641592879252349, 5]
0.0	0	17.63042759497161	[2, 0]	121.10091974390156	[4.09452922218375, 5]
0.0	0	46.00337008139904	[2, 0]	134.26931695475167	[5.2741576436857915, 5]
0.0	0	42.52233105546648	[1, 0]	136.63408019632683	[7.733693691318528, 5]
0.0	0	39.66845345546676	[1, 0]	131.40316979980213	[7.532292298644392, 5]
0.0	0	34.97028381267932	[2, 0]	169.68522661310715	[2.8805961943637293, 5]
0.0	0	37.232972413295286	[2, 0]	150.95416833259634	[4.684748479897954, 5]
0.0	0	32.671175770520954	[2, 0]	99.41215506443413	[4.641664717809944, 5]
0.0	0	29.567283699657708	[2, 0]	90.70614255176132	[6.583187162524022, 5]
0.0	0	31.81337068200508	[2, 0]	156.39110897054235	[3.855282630436044, 5]
0.0	0	48.95271672710635	[2, 0]	134.87891034639892	[5.706629199610445, 5]
0.0	0	37.36728096006667	[1, 0]	113.19122689970811	[2.1073652998704304, 5]
0.0	0	15.9792809628734	[1, 0]	140.48129481017642	[5.883255352351547, 5]
0.0	0	45.20026417688529	[1, 0]	98.70367941425201	[7.182750724132567, 5]
0.0	0	27.551086488293237	[1, 0]	145.41460880194822	[7.164090035695736, 5]
0.0	0	41.207312636748284	[1, 0]	118.8985694696663	[3.67986061208746, 5]
0.0	0	16.314988671874502	[2, 0]	158.50205169139414	[3.05905892834438, 5]
0.0	0	22.691147776027865	[1, 0]	177.94909978976986	[4.3723718733749815, 5]
0.0	0	34.98679394448061	[1, 0]	104.22852068331748	[3.125992011607234, 5]
0.0	0	26.027648024452624	[1, 0]	106.80066381929231	[4.396492416556842, 5]
0.0	0	36.44608673906263	[2, 0]	162.31048969043482	[7.057827485845748, 5]
0.0	0	34.89611557126984	[2, 0]	115.06457456372675	[4.413211730122316, 5]
0.0	0	44.630973415588166	[1, 0]	170.6592501499284	[2.2978704186009296, 5]
0.0	0	30.257381878965937	[2, 0]	124.8572453459377	[6.846129045053051, 5]
0.0	0	16.48972098879278	[2, 0]	115.30390952310715	[3.0692855205986507, 5]
0.0	0	42.91477958302795	[1, 0]	152.45416310820283	[7.137949599506009, 5]
0.0	0	49.04241411877564	[1, 0]	93.01368617249699	[1.9582236668853488, 5]
0.0	0	32.093981419472684	[1, 0]	161.82854151540676	[4.442803551916579, 5]
0.0	0	46.182870733267805	[1, 0]	176.68414480681434	[2.5391393080763556, 5]
0.0	0	42.68357496158303	[2, 0]	122.47647783094402	[8.064272174664959, 5]
0.0	0	46.661882246504234	[1, 0]	127.92932748379582	[6.086408829182329, 5]
0.0	0	10.448136352200537	[2, 0]	177.14421322959825	[8.056896528448492, 5]
0.0	0	42.99516284446062	[1, 0]	90.5028912730711	[6.355907847396141, 5]
0.0	0	36.25048606795106	[1, 0]	113.59267013175108	[6.184604679348451, 5]
0.0	0	35.40635354035336	[2, 0]	90.85056967996276	[4.803748893589368, 5]
0.0	0	18.86544559132807	[2, 0]	169.32725037059674	[1.429729548516565, 5]
0.0	0	10.038109428547447	[2, 0]	145.18841235292373	[5.117271701115325, 5]
0.0	0	19.338924536630667	[2, 0]	106.83327284345968	[3.509623399689269, 5]
0.0	0	27.310433561040636	[2, 0]	126.55220988816833	[6.870681222077624, 5]
0.0	0	20.054399345709246	[1, 0]	136.13884744765966	[7.7240136839117435, 5]
0.0	0	31.260534272294088	[2, 0]	141.8775589355198	[5.226907453733344, 5]
0.0	0	20.344893481132956	[1, 0]	133.84654775131233	[7.59957830611691, 5]
0.0	0	10.474693873841506	[1, 0]	174.05097292559307	[4.068162386536094, 5]
0.0	0	49.11795535701221	[2, 0]	103.22397186452575	[3.3399512190946448, 5]
0.0	0	47.40104786705263	[2, 0]	176.3193174530178	[2.6252625239479954, 5]
0.0	0	14.628382900668235	[2, 0]	132.4043462474928	[7.700051314735754, 5]
0.0	0	26.28249387787485	[2, 0]	160.52010877303792	[7.491491489845899, 5]
0.0	0	39.68236660188977	[2, 0]	110.88836710142043	[3.2269365322447925, 5]
0.0	0	19.214514539442103	[1, 0]	162.0934087192556	[1.7705386646203605, 5]
0.0	0	43.41449748378163	[1, 0]	119.10247303406366	[3.9409912472190745, 5]
0.0	0	43.02554471901458	[1, 0]	121.56870194756215	[7.209936386164205, 5]
0.0	0	20.697363964208563	[2, 0]	95.83749197189779	[2.1110966804486244, 5]
0.0	0	35.353975679879355	[2, 0]	127.36135562492497	[8.265639416026286, 5]
0.0	0	16.775447756870843	[2, 0]	152.33663240574833	[2.5503744551335936, 5]
0.0	0	27.18655878625388	[1, 0]	132.8285251375567	[6.224459609768251, 5]
0.0	0	39.674415050307054	[2, 0]	115.36043294513844	[8.31694729835052, 5]
0.0	0	31.352243602742366	[2, 0]	165.64969747121955	[1.697932231176131, 5]
0.0	0	19.35970229475306	[2, 0]	157.69337262401	[5.939468872886038, 5]
0.0	0	15.39726888056539	[2, 0]	122.26347282613901	[5.822866826211031, 5]
0.0	0	16.1081501891339	[2, 0]	133.82009824852338	[3.89913262523418, 5]
0.0	0	43.32277608991397	[1, 0]	123.79728388969603	[7.433903194745524, 5]
0.0	0	37.22165064830684	[1, 0]	172.86848120452942	[6.205076633324736, 5]
0.0	0	33.338342920515004	[2, 0]	93.13340600045315	[5.71012425894132, 5]
0.0	0	16.739476864569713	[2, 0]	130.38370358781555	[1.797964512746853, 5]
0.0	0	16.154021800896537	[1, 0]	138.01148839915965	[4.113951957415848, 5]
0.0	0	49.467934228507325	[2, 0]	112.30310824642788	[7.839125230708452, 5]
0.0	0	18.920578477483	[2, 0]	168.711455918583	[5.809646572825714, 5]
0.0	0	14.041642428852157	[2, 0]	140.57092052398258	[4.9295460109788065, 5]
0.0	0	34.23429033280053	[2, 0]	137.72288139341978	[7.583686965664862, 5]
0.0	0	15.676638443051775	[1, 0]	139.848002316466	[7.660264489153334, 5]
0.0	0	37.457679848963664	[1, 0]	112.31216190800835	[1.4994902133614298, 5]
0.0	0	26.937498556654276	[2, 0]	159.79654332007993	[7.603046139667778, 5]
0.0	0	42.16967874011067	[1, 0]	90.48227182932969	[2.719904617991418, 5]
0.0	0	35.04679401195735	[2, 0]	117.67171521154148	[5.207886473407458, 5]
0.0	0	47.217485641243485	[2, 0]	124.07328343330829	[2.029879847280704, 5]
0.0	0	48.33922355962238	[2, 0]	117.95638340852958	[5.846672687231024, 5]
0.0	0	13.144042356136678	[2, 0]	142.92320610959345	[6.528255738931882, 5]
0.0	0	29.211689791909095	[1, 0]	176.19330862934112	[7.1388860022713345, 5]
0.0	0	48.710604425534434	[2, 0]	175.5479938936852	[6.587024869714866, 5]
0.0	0	25.634391715801197	[1, 0]	123.8891683878048	[3.8093443654245767, 5]
0.0	0	14.055058408080182	[2, 0]	171.9952510421753	[4.038827748035676, 5]
0.0	0	17.479585227663513	[1, 0]	143.2502059937749	[6.477549791560475, 5]
0.0	0	38.191945545366956	[1, 0]	118.21554323207971	[3.808135870429776, 5]
0.0	0	26.98225079626462	[2, 0]	163.52525348683702	[1.4787919720290488, 5]
0.0	0	34.87724664041808	[2, 0]	140.58182762271213	[2.942119682790852, 5]
0.0	0	24.23094726292337	[2, 0]	171.68605409900286	[3.8153414929474945, 5]
0.0	0	16.665035976896295	[1, 0]	107.01525271476272	[2.267763452929599, 5]
0.0	0	29.04104859273788	[1, 0]	138.6504885233502	[3.2344639996220876, 5]
0.0	0	47.29212056133096	[1, 0]	113.3602829270421	[6.934770826621327, 5]
0.0	0	14.84816563617431	[1, 0]	173.16918127789233	[4.6705106778853, 5]
0.0	0	30.719674723859764	[1, 0]	164.10256807895902	[5.942129240310625, 5]
0.0	0	40.32621347385169	[2, 0]	94.01063304731542	[3.5452569328719954, 5]
0.0	0	41.08257189896529	[1, 0]	92.4810334170413	[5.291067829305069, 5]
0.0	0	43.53046776438445	[1, 0]	161.96555943834943	[6.128275408707375, 5]
0.0	0	29.706493995182573	[1, 0]	110.33537226780066	[2.8701844341556026, 5]
0.0	0	32.17958734964484	[1, 0]	110.74827379099946	[7.431164202786724, 5]
0.0	0	36.21515858698908	[2, 0]	170.85302722876992	[2.686342804386564, 5]
0.0	0	29.488045811984062	[1, 0]	171.63504044742322	[4.3732660731568735, 5]
0.0	0	49.035821886922946	[1, 0]	165.3608148839338	[3.1216229943154885, 5]
0.0	0	39.76724465811187	[1, 0]	174.62020071384583	[4.320684702671852, 5]
0.0	0	43.09699106968351	[2, 0]	168.46427050956115	[3.912243389546003, 5]
0.0	0	10.138692635778169	[1, 0]	177.3652197351063	[5.765229440770392, 5]
0.0	0	45.03089868433303	[2, 0]	165.84550231468575	[6.239926122977468, 5]
0.0	0	19.320501489143705	[2, 0]	164.00629654099563	[2.0925423585726524, 5]
0.0	0	39.32109455880432	[1, 0]	125.93290900319845	[7.90529154818948, 5]
0.0	0	37.16113257775349	[1, 0]	134.62153701031173	[4.027999813617274, 5]
0.0	0	45.189740910767014	[1, 0]	104.83193578501407	[4.414257651611563, 5]
0.0	0	23.931373802632425	[2, 0]	147.92693968911655	[8.20388445266981, 5]
0.0	0	47.46212579814386	[2, 0]	171.17146279686938	[7.111127429914015, 5]
0.0	0	36.73860761756776	[2, 0]	140.83458989522842	[5.335999421928764, 5]
0.0	0	26.13652820653764	[1, 0]	139.6948533672673	[8.280850640868024, 5]
0.0	0	27.783435941221903	[1, 0]	96.12560393642336	[4.317862120839835, 5]
0.0	0	27.605151819046178	[1, 0]	156.1178038739557	[5.296648992360195, 5]
0.0	0	47.87137516728747	[1, 0]	126.20285879064511	[5.862145853038899, 5]
0.0	0	38.27423841507766	[2, 0]	152.00105183723278	[4.803829696280421, 5]
0.0	0	12.869949816721082	[1, 0]	162.8165052194879	[2.997695811323944, 5]
0.0	0	12.79599193733043	[1, 0]	109.41856710452619	[5.487519302510506, 5]
0.0	0	28.220510907490727	[1, 0]	91.93402371295653	[3.5345093842384343, 5]
0.0	0	36.75840840548868	[1, 0]	117.89645505529381	[5.093471258851731, 5]
0.0	0	38.77885780864666	[2, 0]	103.21972542472936	[7.963751462072779, 5]
0.0	0	41.54915506215326	[2, 0]	110.26810197108205	[6.840518641673081, 5]
0.0	0	19.021484534345884	[2, 0]	108.71375315988166	[7.816815475153886, 5]
0.0	0	21.428978503651827	[1, 0]	91.95281275302227	[5.9645742548793175, 5]
0.0	0	43.58771807005561	[1, 0]	107.25893505814891	[3.3657962766835317, 5]
0.0	0	27.449041306915266	[1, 0]	106.3996987807343	[6.348540594632528, 5]
0.0	0	21.707851348586935	[1, 0]	90.43627692935529	[6.603864924125639, 5]
0.0	0	28.771201060702634	[2, 0]	126.85026876643389	[6.272240381612378, 5]
0.0	0	25.60972248462633	[2, 0]	162.33109042056748	[6.932816945574979, 5]
0.0	0	17.29742980032749	[2, 0]	102.70522200865679	[2.0249331368242895, 5]
0.0	0	15.405741707587094	[1, 0]	140.32541116305435	[2.9609005350669753, 5]
0.0	0	43.93216969138158	[2, 0]	168.4079833095795	[6.8218193566669205, 5]
0.0	0	24.277468343645285	[2, 0]	150.8085458854785	[3.5242233739960955, 5]
0.0	0	11.323065443454654	[2, 0]	131.68645322357284	[5.669847727952486, 5]
0.0	0	18.979622156709105	[2, 0]	153.41881974611925	[7.1856584601673426, 5]
0.0	0	19.541913934421757	[2, 0]	128.69873789368197	[6.77197479939055, 5]
0.0	0	45.52388436275899	[1, 0]	162.8144427075364	[7.514653260227994, 5]
0.0	0	19.430808665822617	[2, 0]	120.40611531493764	[3.175967064273403, 5]
0.0	0	22.004909121541864	[1, 0]	90.37264900436143	[1.5659554578745822, 5]
0.0	0	41.603784855348835	[1, 0]	172.29226700552505	[6.465574773019282, 5]
0.0	0	47.72616186679076	[1, 0]	119.73863406626404	[1.6486394414162284, 5]
0.0	0	24.511718907284042	[2, 0]	137.9130668675804	[4.178964448332773, 5]
0.0	0	20.98072015588008	[1, 0]	160.83166874595	[3.168923867341859, 5]
0.0	0	41.26041773128719	[1, 0]	149.40131559982353	[6.823827792022783, 5]
0.0	0	43.099762842843965	[2, 0]	100.80176110408598	[6.453171296203496, 5]
0.0	0	29.670837205158502	[2, 0]	166.8595180197583	[8.298688610227574, 5]
0.0	0	18.000693876644274	[1, 0]	153.02666114180158	[6.680783894931643, 5]
0.0	0	47.37159665535891	[1, 0]	105.97949437517596	[1.763919928309443, 5]
0.0	0	43.27216024450988	[2, 0]	121.90316581591995	[4.022795279104291, 5]
0.0	0	46.16148876004383	[2, 0]	166.1706400389623	[6.016113491903568, 5]
0.0	0	13.009246658702	[1, 0]	152.28374531564756	[2.949763019984379, 5]
0.0	0	47.957877554821394	[1, 0]	109.57250838051974	[5.264431625526673, 5]
0.0	0	39.892655579270304	[1, 0]	97.1138124080233	[3.0966979632941274, 5]
0.0	0	11.4064271837136	[2, 0]	108.70881073146131	[7.96252293871367, 5]
0.0	0	40.31582093658308	[1, 0]	123.177659906083	[3.887759473187418, 5]
0.0	0	49.74428125007594	[1, 0]	104.75297912352985	[3.2714812282450114, 5]
0.0	0	46.00158757181736	[2, 0]	156.0347004030129	[3.2569251360353064, 5]
0.0	0	16.99236544713795	[2, 0]	151.5562795843697	[7.191836659303084, 5]
0.0	0	19.506514969369142	[1, 0]	130.24650535472279	[7.350837575020665, 5]
0.0	0	48.324435635151964	[2, 0]	137.41636316329283	[4.576155674472874, 5]
0.0	0	13.113051951304096	[1, 0]	99.9853051734978	[5.222156331883308, 5]
0.0	0	46.290209674672724	[1, 0]	93.17219292377347	[4.064072255346312, 5]
0.0	0	43.880149433405215	[1, 0]	105.9709263391023	[6.114083892237779, 5]
0.0	0	15.69251701190369	[1, 0]	163.0425726508617	[7.542380194406065, 5]
0.0	0	27.6534794000997	[1, 0]	121.0651073155365	[4.179455393751896, 5]
0.0	0	32.740541617212585	[2, 0]	167.3869928767301	[6.120808097345617, 5]
0.0	0	46.95065684842333	[2, 0]	111.13033706762359	[6.29716465068634, 5]
0.0	0	13.76094720513291	[1, 0]	156.26765214135685	[2.295979598216279, 5]
0.0	0	44.849289756838935	[2, 0]	154.8023268685912	[6.494253949976535, 5]
0.0	0	14.097074622975612	[1, 0]	123.91439362147761	[4.83820940377859, 5]
0.0	0	47.82941022915708	[2, 0]	113.45717656711669	[2.1415007186551303, 5]
0.0	0	41.2590336930605	[1, 0]	112.54440403998896	[4.478588539445841, 5]
0.0	0	48.96555097898685	[1, 0]	91.12371162944795	[6.990794364134188, 5]
0.0	0	42.88831334046375	[1, 0]	141.2534477220932	[2.927408463121884, 5]
0.0	0	13.80715994676761	[1, 0]	139.96073809124366	[3.594905238615496, 5]
0.0	0	45.93823695951636	[1, 0]	158.38132147858425	[2.5834288208447593, 5]
0.0	0	36.52513664417585	[1, 0]	117.64939760914291	[7.004318497394329, 5]
0.0	0	49.03084412421552	[1, 0]	140.1528649099528	[6.485247906480812, 5]
0.0	0	24.997754459605467	[2, 0]	122.07310225658225	[6.257191341577305, 5]
0.0	0	39.233505892539114	[1, 0]	93.93966785848117	[3.9613761935770357, 5]
0.0	0	25.648674796380334	[2, 0]	105.08519383810177	[3.8836730364341148, 5]
0.0	0	15.1598737622171	[2, 0]	137.58700946053557	[6.168622481332307, 5]
0.0	0	33.737728092324346	[2, 0]	165.6732486286371	[7.716548796256364, 5]
0.0	0	16.300227060441152	[2, 0]	110.41819688215926	[7.342455120515242, 5]
0.0	0	12.400351482482804	[1, 0]	114.8586129685229	[2.353926548899563, 5]
0.0	0	17.04042455115911	[2, 0]	91.58508701992022	[7.778952049770533, 5]
0.0	0	36.339967680509396	[1, 0]	95.17737940168881	[2.350756744672788, 5]
0.0	0	33.54019268386794	[1, 0]	119.86741747401182	[2.004398904652521, 5]
0.0	0	46.95846162838721	[2, 0]	170.09955299439812	[2.9901810509339466, 5]
0.0	0	41.35480578288091	[1, 0]	114.79315794982513	[2.905710921510788, 5]
0.0	0	11.446236600937015	[1, 0]	164.3786014735693	[2.6124645250860494, 5]
0.0	0	41.64797697094528	[2, 0]	147.62524259784936	[7.622864210926293, 5]
0.0	0	39.25973619429654	[2, 0]	147.1656563390256	[7.477538671423757, 5]
0.0	0	46.23203082570488	[1, 0]	99.66152575934896	[6.735013958216839, 5]
0.0	0	25.897183722619186	[1, 0]	103.38973230823022	[2.053563933872314, 5]
0.0	0	45.28332775803392	[2, 0]	140.589085053691	[6.835924808027326, 5]
0.0	0	30.314758870972476	[1, 0]	172.85412200538585	[7.623497093846837, 5]
0.0	0	25.47414218611415	[2, 0]	160.38658925216814	[5.083733561142676, 5]
0.0	0	32.453249491913354	[1, 0]	129.32555722243808	[5.730665563025185, 5]
0.0	0	21.717433908787772	[1, 0]	153.55601868788102	[2.87802326017005, 5]
0.0	0	27.134397118909312	[1, 0]	112.32913103951262	[3.024811055181075, 5]
0.0	0	33.05709974582144	[2, 0]	127.7726216067563	[3.245534982564088, 5]
0.0	0	21.632305928148856	[2, 0]	112.63896557630486	[5.151164697589042, 5]
0.0	0	46.097113629134945	[2, 0]	165.63222405423508	[2.524073032510746, 5]
0.0	0	26.090543671922646	[2, 0]	120.79573993061543	[5.2805643997752885, 5]
0.0	0	48.274492096257326	[1, 0]	149.25480024738908	[4.990687196384103, 5]
0.0	0	38.35720623561628	[1, 0]	101.71433421339422	[1.9116907578893663, 5]
0.0	0	31.112633924878168	[1, 0]	119.00058430752422	[3.7238065930587996, 5]
0.0	0	22.593908747358654	[1, 0]	89.86879632203669	[7.2196108873186, 5]
0.0	0	29.443619108732154	[2, 0]	115.64387996661242	[3.6096922166184635, 5]
0.0	0	32.9115459604771	[1, 0]	137.32138511105614	[5.965841175858338, 5]
0.0	0	15.157869466353635	[1, 0]	123.33989549393131	[2.069509096469003, 5]
0.0	0	49.89360765278547	[2, 0]	160.33107966730964	[7.623303917223052, 5]
0.0	0	24.38476349461386	[1, 0]	144.36759254271524	[4.314420716682978, 5]
0.0	0	25.20504283351019	[1, 0]	152.62607859574373	[4.10817626745298, 5]
0.0	0	19.707859309993044	[2, 0]	92.87230693442318	[7.98161252404394, 5]
0.0	0	31.184469529890805	[2, 0]	135.09295068064307	[7.751901752644855, 5]
0.0	0	40.59328671334441	[1, 0]	104.77731241206601	[7.980760515120905, 5]
0.0	0	34.31860038587709	[1, 0]	131.065523425612	[1.5524197084835973, 5]
0.0	0	42.76495120504986	[1, 0]	134.81406905169413	[2.4203047711817542, 5]
0.0	0	21.7148996351062	[1, 0]	174.77089763497344	[2.610097420011491, 5]
0.0	0	22.69459014863379	[1, 0]	111.36463465675865	[5.243798502888869, 5]
0.0	0	12.79482541432772	[1, 0]	97.94854766798753	[3.4880587733002026, 5]
0.0	0	39.55453480470812	[2, 0]	95.66819675382204	[5.0330554692361655, 5]
0.0	0	27.16183526146918	[1, 0]	154.3652480558248	[4.320796557117086, 5]
0.0	0	27.06834040137632	[1, 0]	150.74263830871047	[7.021119762034498, 5]
0.0	0	36.113450243289684	[2, 0]	97.88733662615753	[4.887636339988307, 5]
0.0	0	26.44694966438172	[2, 0]	166.1107309879601	[3.879410559822775, 5]
0.0	0	12.384843395844616	[2, 0]	143.99460477262258	[1.523727202942745, 5]
0.0	0	38.324154628976906	[1, 0]	112.22547993355127	[4.964462085293499, 5]
0.0	0	16.63100190307446	[2, 0]	104.32258693775864	[4.677729071984641, 5]
0.0	0	11.951184421065213	[2, 0]	148.81020650391005	[7.290947653465419, 5]
0.0	0	16.694907253741896	[2, 0]	120.09749185761629	[7.2014646415899835, 5]
0.0	0	31.550399634049235	[1, 0]	170.5541341663531	[5.475883139866472, 5]
0.0	0	27.621657844158815	[2, 0]	149.80950697231773	[7.4226519755700915, 5]
0.0	0	40.142654631900015	[2, 0]	132.9350034410364	[7.005283371743734, 5]
0.0	0	36.20997829964454	[2, 0]	161.23166179211194	[4.222299258343534, 5]
0.0	0	45.29281981900043	[2, 0]	97.9443751138269	[2.385747523157703, 5]
0.0	0	49.58088251229058	[2, 0]	119.64314221771228	[6.125285128572174, 5]
0.0	0	18.78215986923273	[2, 0]	155.52367875617915	[2.5676318729729672, 5]
0.0	0	36.32135170772041	[1, 0]	116.98271603761046	[5.866142271114664, 5]
0.0	0	37.2462392054336	[1, 0]	89.45727684287834	[6.001590560557417, 5]
0.0	0	39.22265892968188	[2, 0]	92.12311218754638	[8.114877608749074, 5]
0.0	0	16.614473376139927	[1, 0]	160.26965999686064	[7.180098439346422, 5]
0.0	0	39.70739220454084	[2, 0]	138.72432110707027	[5.768262189441313, 5]
0.0	0	40.87240944696794	[1, 0]	106.60435479052977	[3.2227170216230046, 5]
0.0	0	49.18387664528795	[1, 0]	146.27882941688495	[7.893868423978864, 5]
0.0	0	12.472677607879339	[2, 0]	147.0714322165658	[7.226227771822168, 5]
0.0	0	21.886097700982493	[2, 0]	174.29852375473564	[3.217834823235594, 5]
0.0	0	35.044389580696894	[2, 0]	109.07340379169769	[6.928937044557899, 5]
0.0	0	44.068057179085024	[2, 0]	101.04735432358162	[2.6625792808989575, 5]
0.0	0	41.154217368728744	[1, 0]	92.75248265843902	[2.039444614738261, 5]
0.0	0	49.002055323485585	[2, 0]	119.67949921103487	[7.371360522744455, 5]
0.0	0	26.578155296037057	[2, 0]	111.35611295834198	[4.793713103460537, 5]
0.0	0	21.763567228014605	[1, 0]	102.96534620259145	[3.717483555552985, 5]
0.0	0	20.253719311540543	[1, 0]	178.23065985203397	[5.495840605799823, 5]
0.0	0	14.719314704126367	[2, 0]	136.3354405545121	[4.270811023223979, 5]
0.0	0	34.96386366322008	[1, 0]	89.1379686713882	[6.375704415300949, 5]
0.0	0	36.80466200914906	[2, 0]	137.2956285526007	[8.005078679818887, 5]
0.0	0	29.988723699354	[2, 0]	107.66093635178227	[7.218774788735397, 5]
0.0	0	34.086588363858795	[1, 0]	176.62372516586447	[7.551055549452472, 5]
0.0	0	48.4617978234141	[1, 0]	108.85187133481564	[3.2313517348941496, 5]
0.0	0	24.68908851043225	[1, 0]	149.73817226757242	[5.654970174465187, 5]
0.0	0	23.892235042934033	[1, 0]	166.9488827597487	[6.544243808540301, 5]
0.0	0	40.23979315222013	[2, 0]	105.04436193166065	[7.6965160068446785, 5]
0.0	0	47.839520300064905	[1, 0]	116.4194778731904	[4.6129085823825715, 5]
0.0	0	14.951474704026257	[1, 0]	139.5085452320568	[7.134453121668206, 5]
0.0	0	22.824349299533623	[2, 0]	162.14130611467135	[4.5733702677099375, 5]
0.0	0	28.167960203516987	[2, 0]	172.24456855365986	[6.787953601342341, 5]
0.0	0	46.559175004166484	[1, 0]	157.54035822724632	[1.5486211369709366, 5]
0.0	0	49.508505164004255	[2, 0]	139.16902484398057	[5.111330391674384, 5]
0.0	0	43.84221779031356	[2, 0]	140.94233107915073	[1.639691238585783, 5]
0.0	0	12.693597712695814	[1, 0]	120.78863897923219	[3.81824620987063, 5]
0.0	0	40.35862247716498	[2, 0]	110.27448102937046	[8.217636706306903, 5]
0.0	0	44.55436684886592	[2, 0]	112.03862738982336	[8.129405721531736, 5]
0.0	0	48.54293942758771	[1, 0]	166.7572503975436	[7.509388951660606, 5]
0.0	0	27.445976520769307	[1, 0]	114.26846936114467	[7.48447009218555, 5]
0.0	0	24.07557877523487	[1, 0]	126.86829889266996	[7.947096472479234, 5]
0.0	0	29.01968934858718	[1, 0]	102.59016529200707	[2.6810405475947836, 5]
0.0	0	40.18754715600523	[1, 0]	135.88009566304262	[3.4769165838790776, 5]
0.0	0	18.77282457856555	[2, 0]	127.35635941856103	[5.334534343637002, 5]
0.0	0	43.74710143527986	[2, 0]	99.62715590860067	[2.5021615978322274, 5]
0.0	0	18.295827280910395	[2, 0]	91.21767739028695	[1.6850672950005037, 5]
0.0	0	44.00205645548628	[2, 0]	153.30306599407876	[3.3263792291976153, 5]
0.0	0	19.98637815690878	[1, 0]	164.13723935691155	[7.853418899390012, 5]
0.0	0	18.355176285708122	[1, 0]	117.67862417028451	[7.267427635579802, 5]
0.0	0	21.62273969930894	[2, 0]	168.03787664122166	[1.5635377495219032, 5]
0.0	0	46.92633028740054	[1, 0]	122.30089789499755	[4.7145039167087734, 5]
0.0	0	14.501069456763231	[2, 0]	164.48265956489425	[2.068710546676079, 5]
0.0	0	20.113403842679954	[2, 0]	104.99856676453466	[2.593147127630013, 5]
0.0	0	43.189993579439005	[1, 0]	105.3291536651184	[4.6787442113326865, 5]
0.0	0	32.72954692478766	[1, 0]	107.87903532611031	[6.866414455087871, 5]
0.0	0	18.134915314724065	[1, 0]	150.34173040263767	[2.8376941790647208, 5]
0.0	0	21.65273312201402	[1, 0]	142.3355081121787	[4.354149497546581, 5]
0.0	0	27.246986376815727	[2, 0]	127.52149428566953	[8.3112855406632, 5]
0.0	0	10.433855943410023	[1, 0]	102.28149404618307	[4.236042960221646, 5]
0.0	0	24.42103907270984	[2, 0]	141.2412330941898	[1.9255924672501357, 5]
0.0	0	31.798805015869156	[1, 0]	169.60412830658498	[2.8457568500866564, 5]
0.0	0	27.87503336468809	[2, 0]	110.22590302701224	[6.664271905865986, 5]
0.0	0	39.64795508304938	[1, 0]	118.99665677132336	[7.109571241357582, 5]
0.0	0	49.36506155367221	[1, 0]	171.65377381066645	[3.6788112929350727, 5]
0.0	0	15.827434590036859	[1, 0]	169.76829743678041	[5.960847239333663, 5]
0.0	0	24.633441228401782	[1, 0]	176.83829845572603	[6.882457205361451, 5]
0.0	0	11.082682667747964	[1, 0]	99.18141679670806	[4.719940928540226, 5]
0.0	0	13.105212433465086	[2, 0]	149.34772969188919	[4.202982596354122, 5]
0.0	0	20.446549744865266	[1, 0]	142.38574324736499	[6.770059632866191, 5]
0.0	0	35.99405971685091	[2, 0]	115.4463599446194	[4.602471024354995, 5]
0.0	0	40.58482383356312	[1, 0]	101.72691943425977	[6.223742686224482, 5]
0.0	0	46.16694467457781	[1, 0]	129.8445470380073	[2.6086529729680565, 5]
0.0	0	15.718012007921343	[2, 0]	144.20866531383385	[7.235385595417379, 5]
0.0	0	32.92547468485411	[1, 0]	149.3490350002153	[4.284401640787308, 5]
0.0	0	34.36248912307609	[1, 0]	110.0787398453023	[3.772168975877674, 5]
0.0	0	47.464669166382926	[1, 0]	99.11146062487566	[7.964910831977953, 5]
0.0	0	16.21295640358533	[1, 0]	126.27393203385382	[5.519460787416727, 5]
0.0	0	21.682914916991162	[2, 0]	169.854903736069	[7.92475870972375, 5]
0.0	0	14.1174129788717	[1, 0]	117.60452255358604	[4.8311244564033835, 5]
0.0	0	40.43726816786723	[1, 0]	163.03863966194692	[2.763519041343515, 5]
0.0	0	19.027423560556723	[2, 0]	121.78468895782174	[4.960023199574961, 5]
0.0	0	14.04430469181598	[2, 0]	132.4461959579532	[2.2487205900054383, 5]
0.0	0	19.83526266970219	[2, 0]	150.68389721727368	[6.815245374334613, 5]
0.0	0	44.3140776714833	[1, 0]	147.26008179311944	[2.384139218918442, 5]
0.0	0	24.527154788908838	[1, 0]	128.14388955550126	[4.151418812422507, 5]
0.0	0	15.022822852126898	[2, 0]	141.40891402505738	[7.231497104502978, 5]
0.0	0	14.810408240889485	[1, 0]	122.08344895465181	[7.139103637301577, 5]
0.0	0	10.554228394183733	[2, 0]	102.78271682448974	[5.452090451798458, 5]
0.0	0	36.21613958629411	[2, 0]	131.1864557623062	[1.4483577591375498, 5]
0.0	0	35.96119478354573	[1, 0]	134.8205810215825	[5.350269371787744, 5]
0.0	0	39.01786769774694	[2, 0]	132.72098563271095	[3.681615771923736, 5]
0.0	0	46.55885860387021	[1, 0]	145.01577292426222	[3.438936162227133, 5]
0.0	0	13.63094245145268	[2, 0]	97.06216110070531	[6.48541696204597, 5]
0.0	0	26.321916101682508	[2, 0]	114.72125830500289	[2.3519533641641144, 5]
0.0	0	12.92357238339625	[2, 0]	108.81535767550332	[4.03893931491676, 5]
0.0	0	18.20346981069818	[1, 0]	131.84926997537127	[3.9071832288403203, 5]
0.0	0	18.696943535077253	[2, 0]	173.1754825314672	[7.77075402152203, 5]
0.0	0	47.6879871183637	[1, 0]	143.888729841329	[5.240949254227151, 5]
0.0	0	37.347883292495844	[1, 0]	132.36008174030934	[7.242015023375486, 5]
0.0	0	20.557610472579974	[1, 0]	110.62144135633199	[1.900224425968933, 5]
0.0	0	11.645065835989127	[1, 0]	145.9801992222128	[3.5757957338628534, 5]
0.0	0	10.959898068969443	[2, 0]	139.42087396560032	[1.8410103585029478, 5]
0.0	0	25.94886981920372	[1, 0]	174.81837605181738	[1.9535985815617023, 5]
0.0	0	10.610197056649865	[2, 0]	104.62297648619696	[5.94690916677416, 5]
0.0	0	29.249966108510993	[2, 0]	171.00442271821947	[8.277334968499794, 5]
0.0	0	35.04260467023931	[2, 0]	98.07181496398701	[1.7664591752066199, 5]
0.0	0	21.55268484265489	[1, 0]	153.32844094209545	[1.4915594265297072, 5]
0.0	0	38.63534494867344	[1, 0]	130.25085705001752	[8.005283221178889, 5]
0.0	0	17.791645759288173	[1, 0]	134.57360828075673	[2.9378734364671484, 5]
0.0	0	44.51338783324291	[2, 0]	90.07806824154001	[2.9123085300096303, 5]
0.0	0	44.404730293632255	[1, 0]	104.37770999356403	[2.0422094998443394, 5]
0.0	0	13.56123072769293	[2, 0]	115.715256405077	[3.3778410687330687, 5]
0.0	0	18.591633081332695	[1, 0]	123.28584064471787	[7.751082164713336, 5]
0.0	0	31.636021191149837	[2, 0]	152.0811315706167	[1.4345388935540002, 5]
0.0	0	49.981756679932985	[1, 0]	113.8920596676025	[7.659639154563805, 5]
0.0	0	22.17533639668676	[1, 0]	155.4392082685855	[5.230329539365305, 5]
0.0	0	39.48306287572893	[2, 0]	156.9768255513724	[6.732339897307244, 5]
0.0	0	40.10265499190381	[2, 0]	122.33001644961081	[6.50534284205796, 5]
0.0	0	12.974475309910451	[2, 0]	116.57740252349939	[3.436991610429874, 5]
0.0	0	20.891838988833214	[2, 0]	130.63724733575972	[5.109000578149662, 5]
0.0	0	14.804820059725296	[2, 0]	101.58262585612812	[7.184538856075349, 5]
0.0	0	29.382957397967903	[2, 0]	106.25614447668309	[2.5657735819640464, 5]
0.0	0	26.279272754767785	[2, 0]	122.31637629091026	[7.519557195079565, 5]
0.0	0	42.04024348186157	[1, 0]	93.61106129776893	[3.4373203807140515, 5]
0.0	0	24.36068345255563	[1, 0]	143.41605423364467	[5.701294667173037, 5]
0.0	0	41.18604626823199	[2, 0]	177.91711642396956	[6.872565398695331, 5]
0.0	0	23.815045935964815	[1, 0]	101.32468336621034	[1.4454311273809752, 5]
0.0	0	46.72053004384133	[2, 0]	162.34240743120836	[6.793266096783319, 5]
0.0	0	10.340367326211892	[2, 0]	160.23466838340676	[6.497399874976242, 5]
0.0	0	18.972936758655194	[2, 0]	99.5970180266208	[5.979584346990925, 5]
0.0	0	33.45033754401362	[1, 0]	145.58122033993018	[7.838650707738779, 5]
0.0	0	44.47306538726244	[1, 0]	170.93901093360796	[5.492704323141679, 5]
0.0	0	29.121581750605824	[1, 0]	135.4607474635065	[7.723099898055373, 5]
0.0	0	16.608521960740532	[2, 0]	104.97157342936572	[8.190198280402358, 5]
0.0	0	15.481966532980636	[1, 0]	104.54135135883169	[5.994885032207822, 5]
0.0	0	43.68843100271467	[2, 0]	122.92568506994994	[7.949702224025054, 5]
0.0	0	30.907930821994228	[1, 0]	131.27608297442143	[1.8504374273667885, 5]
0.0	0	25.024734841146607	[2, 0]	124.04512963374428	[1.6028073478821911, 5]
0.0	0	20.820470697590054	[1, 0]	156.90131065108488	[5.979195548827912, 5]
0.0	0	31.27647218301988	[2, 0]	151.98314136136693	[8.10670943205695, 5]
0.0	0	43.58001976980227	[2, 0]	143.28337163008143	[5.16793020142465, 5]
0.0	0	39.68722191120051	[1, 0]	164.99986568105552	[7.031583222056879, 5]
0.0	0	26.795045775222604	[2, 0]	176.40922521936636	[1.85114701991922, 5]
0.0	0	27.52072589310396	[2, 0]	148.8114877094423	[4.738979809227472, 5]
0.0	0	12.920433887558184	[1, 0]	116.97954291662107	[1.5234752153023097, 5]
0.0	0	40.729220514340625	[2, 0]	150.56321335814124	[3.6095456691437455, 5]
0.0	0	31.08429896802127	[1, 0]	96.91003342007038	[5.1252316496019255, 5]
0.0	0	39.03126375950971	[1, 0]	163.9316244753726	[7.224662127780717, 5]
0.0	0	37.815362737721514	[1, 0]	141.33682523707864	[7.139149130513695, 5]
0.0	0	18.766024483886746	[1, 0]	117.4496366781483	[2.405717622947341, 5]
0.0	0	47.29914273730232	[2, 0]	139.31359246613198	[6.137220663284561, 5]
0.0	0	40.235796761399385	[1, 0]	149.87583897594283	[7.408714534813366, 5]
0.0	0	25.611083823824103	[1, 0]	125.12078028991597	[5.506709261554418, 5]
0.0	0	19.478382246404635	[2, 0]	130.82385950735474	[6.049825915252876, 5]
0.0	0	30.552459594920983	[1, 0]	113.63357387415041	[6.306883951538992, 5]
0.0	0	35.21312605747414	[2, 0]	176.34554025686776	[6.076809685381112, 5]
0.0	0	38.77299563638135	[2, 0]	126.5730685389147	[5.668798907500241, 5]
0.0	0	37.000798992903725	[1, 0]	172.39944156296943	[6.602417760373931, 5]
0.0	0	49.590130865505486	[1, 0]	96.06417785624924	[2.12162578202577, 5]
0.0	0	45.603438685907754	[1, 0]	100.02269687840202	[6.716978248003394, 5]
0.0	0	34.97503782653078	[1, 0]	138.9063842734642	[1.5933767456789878, 5]
0.0	0	28.862051725751392	[2, 0]	116.65887901427318	[4.874943742945771, 5]
0.0	0	24.33888001056685	[1, 0]	133.15724025911442	[5.94289690081966, 5]
0.0	0	26.100493864431687	[1, 0]	178.23223442615762	[7.953712528418265, 5]
0.0	0	34.3434360477306	[2, 0]	159.32037432262206	[5.556838117489263, 5]
0.0	0	24.86139294445073	[2, 0]	109.91910249099705	[6.477317293384525, 5]
0.0	0	45.35762442167603	[1, 0]	134.5105702939332	[2.2819517857555023, 5]
0.0	0	32.0493473643052	[1, 0]	161.96464998086702	[3.672071910754543, 5]
0.0	0	21.98184772427769	[1, 0]	138.17651657898102	[4.994664308861826, 5]
0.0	0	42.78980720300639	[1, 0]	155.794470005103	[7.891476824464416, 5]
0.0	0	37.82854307172137	[1, 0]	164.0910856934374	[2.1482981369187435, 5]
0.0	0	31.752042453736248	[2, 0]	175.23433915656102	[7.827121016093488, 5]
0.0	0	24.653765566634718	[2, 0]	122.4791752210223	[8.093696895949964, 5]
0.0	0	12.76112578219279	[2, 0]	162.2593793032034	[4.596163134164196, 5]
0.0	0	17.157395519314825	[2, 0]	119.06115383494163	[5.483624346958393, 5]
0.0	0	44.447740228075595	[2, 0]	123.27689417537208	[2.8458338412974524, 5]
0.0	0	23.691277222512884	[1, 0]	166.1256450626729	[4.944179350445254, 5]
0.0	0	10.963487957190205	[2, 0]	168.66025136903716	[7.775303324064089, 5]
0.0	0	46.547500472650384	[1, 0]	174.80678162563206	[7.6910251783518095, 5]
0.0	0	40.11860924978893	[2, 0]	149.08010428660907	[1.9561185441585538, 5]
0.0	0	21.69512246039215	[2, 0]	94.02251488738719	[3.936672207626737, 5]
0.0	0	23.39715053340896	[2, 0]	97.44614876479572	[3.1136430668639963, 5]
0.0	0	14.584941450581397	[2, 0]	132.60117293145208	[4.276851691913394, 5]
0.0	0	25.66430042116906	[2, 0]	111.3053219432207	[8.01348480720637, 5]
0.0	0	11.405228337754739	[1, 0]	167.62390912738155	[6.498129476245657, 5]
0.0	0	44.6828318342689	[1, 0]	169.3110076708851	[2.56833964400501, 5]
0.0	0	14.983177813845787	[1, 0]	140.56674418766872	[4.095037125617842, 5]
0.0	0	26.77920251451723	[1, 0]	118.21534836134744	[3.6559878954664287, 5]
0.0	0	49.97175677311797	[1, 0]	105.96251657050026	[2.7832707362421942, 5]
0.0	0	44.694225160286045	[1, 0]	133.89318018225285	[6.973289537365854, 5]
0.0	0	20.304446237598896	[2, 0]	135.98454957892585	[2.0681991174305008, 5]
0.0	0	17.215519020855897	[2, 0]	158.2487333575986	[6.831548747947759, 5]
0.0	0	48.35205657857197	[2, 0]	154.68697147007282	[2.2011181371968602, 5]
0.0	0	23.54800171425964	[1, 0]	126.33684395262043	[7.044049778131743, 5]
0.0	0	29.072806804171055	[1, 0]	107.84527623221251	[1.7856851361626132, 5]
0.0	0	22.477601119417297	[2, 0]	95.67746644700769	[8.12672757727057, 5]
0.0	0	18.382205702414414	[2, 0]	140.70534117371835	[5.592702007077275, 5]
0.0	0	46.070502401334664	[2, 0]	111.30404327668197	[7.564416642083237, 5]
0.0	0	39.485905355234976	[1, 0]	90.29742500521785	[2.1140310386841783, 5]
0.0	0	48.03879189218839	[2, 0]	117.20921292234601	[5.189337034519133, 5]
0.0	0	33.68312886343559	[1, 0]	96.25894193254263	[6.010520400016529, 5]
0.0	0	14.77106391573588	[2, 0]	162.08761442430625	[4.326242666947499, 5]
0.0	0	49.92544198952735	[1, 0]	122.43835255680963	[3.377061844827429, 5]
0.0	0	21.21267706333755	[1, 0]	125.0760518385521	[1.8920965795467402, 5]
0.0	0	41.67403906380948	[2, 0]	120.87172243872291	[3.106351789601555, 5]
0.0	0	24.498205869054917	[1, 0]	138.6998090415628	[4.476455621186729, 5]
0.0	0	11.11323284772292	[1, 0]	162.3223256702055	[4.089890924719368, 5]
0.0	0	29.084601695199343	[2, 0]	167.28441611125606	[5.42761926969079, 5]
0.0	0	48.4217393692029	[1, 0]	105.33170611241788	[2.2104765268424664, 5]
0.0	0	39.959752234042504	[1, 0]	152.02491602158858	[6.188046559730019, 5]
0.0	0	15.917327209508542	[2, 0]	172.14641557090778	[6.395474481726166, 5]
0.0	0	46.53484881211447	[1, 0]	124.52242394364309	[5.72465108833352, 5]
0.0	0	14.976060696361762	[2, 0]	169.24851133069873	[7.2365858306194895, 5]
0.0	0	39.80716468658604	[1, 0]	108.05480352777107	[7.634281176840729, 5]
0.0	0	34.425298380326694	[1, 0]	115.44143338051663	[7.541175579048181, 5]
0.0	0	32.819757708612485	[1, 0]	112.68548446569557	[6.828862491551596, 5]
0.0	0	15.910746510026978	[2, 0]	112.39290736955145	[7.3380346951987425, 5]
0.0	0	35.662388055076875	[2, 0]	140.94016999399696	[7.802503753513323, 5]
0.0	0	46.096552398281176	[2, 0]	151.93294932304093	[5.623040083612571, 5]
0.0	0	12.151571869237149	[2, 0]	160.48129338829338	[4.573302325663102, 5]
0.0	0	25.22209698243338	[2, 0]	114.71338131732986	[6.99395021618722, 5]
0.0	0	10.023122856942132	[1, 0]	129.11594951676508	[5.5168235665364875, 5]
0.0	0	30.724839350780318	[1, 0]	119.88922899635863	[3.434331095380457, 5]
0.0	0	44.63699119139391	[1, 0]	104.54488545169797	[5.823147150073896, 5]
0.0	0	42.736429578271334	[1, 0]	96.18616103125495	[6.4389296483169645, 5]
0.0	0	49.934437133516646	[2, 0]	135.77954574577072	[6.821966934363309, 5]
0.0	0	19.26391405085283	[2, 0]	160.50600030097536	[7.62285170265896, 5]
0.0	0	18.5210810798005	[2, 0]	140.16065353213793	[7.879353396202124, 5]
0.0	0	41.27094463399258	[2, 0]	157.03911645490285	[1.8737786308704716, 5]
0.0	0	38.14240337963693	[1, 0]	105.92494731053738	[7.383507757875916, 5]
0.0	0	48.42174141121096	[1, 0]	123.94201406062827	[4.693002745960792, 5]
0.0	0	24.567707483763765	[1, 0]	163.54810837388683	[7.5891696411841085, 5]
0.0	0	29.91145402584526	[1, 0]	158.8365124103351	[2.592142590130875, 5]
0.0	0	24.73055404635129	[2, 0]	171.9730636648507	[6.137394714293717, 5]
0.0	0	26.84722208339883	[2, 0]	96.42399099043388	[6.5185172916816025, 5]
0.0	0	24.322496599857548	[2, 0]	164.4615336558552	[1.4058834830936862, 5]
0.0	0	46.48549896334631	[1, 0]	131.89323158029325	[7.518063837464921, 5]
0.0	0	40.10269000902207	[2, 0]	96.2787208042984	[8.187364538045596, 5]
0.0	0	10.650777549817084	[2, 0]	103.03140026029261	[3.2676378293212753, 5]
0.0	0	40.69034908919368	[2, 0]	120.05301677542005	[8.243754898709458, 5]
0.0	0	14.788497879438317	[1, 0]	117.36467436172524	[4.498635817082577, 5]
0.0	0	34.79271863464208	[1, 0]	154.41256521437774	[5.61905161553617, 5]
0.0	0	39.778892064266245	[1, 0]	162.72750346453114	[4.19809570793272, 5]
0.0	0	31.42725662423383	[1, 0]	137.44344104426588	[5.650051821504059, 5]
0.0	0	22.05602450516946	[1, 0]	109.78745435417777	[7.663216800185564, 5]
0.0	0	27.058438024213626	[1, 0]	119.33158999007668	[4.177888093470685, 5]
0.0	0	28.68670378632275	[2, 0]	114.23834121855968	[3.1004630393102834, 5]
0.0	0	38.08551124266053	[1, 0]	117.97316462332499	[2.2648022411751114, 5]
0.0	0	13.487184750690526	[2, 0]	153.47134671115094	[5.98516245532674, 5]
0.0	0	12.184508461253795	[1, 0]	148.81523252330763	[5.038133610910053, 5]
0.0	0	37.449572984901494	[1, 0]	116.95120669115434	[7.222809360063404, 5]
0.0	0	41.34382365698375	[2, 0]	140.01434487280483	[4.007097066149891, 5]
0.0	0	20.959065750300176	[1, 0]	147.46002828829813	[1.6958513119344036, 5]
0.0	0	34.73198218299707	[1, 0]	165.81337801058214	[6.666099904908004, 5]
0.0	0	31.228587622593945	[2, 0]	149.83040721538313	[1.4337522410846169, 5]
0.0	0	46.80970567788794	[1, 0]	142.43290887182732	[2.7503908646373336, 5]
0.0	0	22.463082560462933	[2, 0]	125.08214749570196	[2.41875404801984, 5]
0.0	0	34.91364964455869	[2, 0]	96.96395975596364	[6.608039006986901, 5]
0.0	0	10.336383551942902	[2, 0]	113.86177227251589	[2.2952238074292257, 5]
0.0	0	33.957276504542726	[2, 0]	129.1094129749181	[8.185817683404014, 5]
0.0	0	11.000250253440903	[1, 0]	138.75869458475321	[2.8496280774452334, 5]
0.0	0	32.362484908722614	[2, 0]	152.16191305506774	[7.465269751055711, 5]
0.0	0	28.27135598854941	[1, 0]	106.3209369838772	[2.582078093905241, 5]
0.0	0	17.485187659836605	[1, 0]	99.93425099673739	[3.7639551707125984, 5]
0.0	0	24.209806985646253	[1, 0]	164.733878243351	[4.44798059167083, 5]
0.0	0	12.495794202200162	[2, 0]	140.8144626516724	[4.1614086968963795, 5]
0.0	0	14.765465314885237	[1, 0]	106.70775110233888	[7.8590096744631825, 5]
0.0	0	13.229395976916694	[2, 0]	154.5669282792545	[6.16915667454797, 5]
0.0	0	28.30365462214056	[1, 0]	155.8972123653054	[6.356657859486808, 5]
0.0	0	31.069986083174655	[1, 0]	90.0821379799809	[6.064948529923433, 5]
0.0	0	37.98593609004725	[2, 0]	98.86534661026595	[2.6893493147936267, 5]
0.0	0	33.50527951438672	[2, 0]	173.17508443626429	[6.665910320470332, 5]
0.0	0	37.2005890876876	[1, 0]	127.49916343109965	[4.750737624923011, 5]
0.0	0	18.038296569987416	[1, 0]	168.38242374396623	[7.988029670009855, 5]
0.0	0	47.82567519823274	[2, 0]	119.32262096035961	[6.288506657230718, 5]
0.0	0	40.969698989510384	[1, 0]	167.91389577271272	[4.35888856319203, 5]
0.0	0	13.006007667712401	[1, 0]	117.79728299017935	[5.9383015036919575, 5]
0.0	0	13.206168703683312	[1, 0]	132.5631812586871	[7.7523830148249315, 5]
0.0	0	32.07070308265373	[1, 0]	115.26663788262508	[3.205611450862459, 5]
0.0	0	30.848203374407102	[2, 0]	142.80635281204073	[7.698966428247257, 5]
0.0	0	35.7140147526996	[1, 0]	143.11576119220553	[7.276674064825079, 5]
0.0	0	43.003226179250674	[1, 0]	170.40675363085657	[2.364007933952061, 5]
0.0	0	46.82141774625997	[2, 0]	108.89532636180347	[1.527731730695688, 5]
0.0	0	16.20751428815625	[1, 0]	91.125149686093	[5.834982277029553, 5]
0.0	0	22.76873540941947	[1, 0]	97.5286537770786	[3.921765458242196, 5]
0.0	0	13.312189121873944	[1, 0]	159.57942626637123	[3.6694387265764306, 5]
0.0	0	31.495268871860127	[2, 0]	107.98590797296437	[8.278115728454022, 5]
0.0	0	30.369195079440377	[2, 0]	155.9051896681869	[8.049420034177917, 5]
0.0	0	48.99617453319105	[1, 0]	127.50516209654879	[3.2052465770934697, 5]
0.0	0	33.55238395923694	[1, 0]	153.959483622701	[1.4880943269921882, 5]
0.0	0	27.397857058621465	[2, 0]	164.3361302736845	[8.289858376078184, 5]
0.0	0	18.410557613046638	[1, 0]	115.03342151539928	[7.3487668446438095, 5]
0.0	0	31.709092380399763	[2, 0]	133.34929203727128	[7.357860140137873, 5]
0.0	0	49.58837764964849	[1, 0]	121.90672343155066	[7.297773770843255, 5]
0.0	0	23.19754638521864	[1, 0]	169.6124257323051	[3.17842656890852, 5]
0.0	0	47.61201773099384	[1, 0]	152.4797765134693	[6.0113077373833725, 5]
0.0	0	23.540130755700268	[1, 0]	145.34771406991095	[6.301794227130972, 5]
0.0	0	47.758848924795686	[2, 0]	120.98210366677208	[5.204060328620855, 5]
0.0	0	14.33036946673151	[2, 0]	109.84190506101143	[4.608531567674334, 5]
0.0	0	49.67195744390124	[2, 0]	161.08799147146732	[7.846446253435101, 5]
0.0	0	32.26446425521582	[1, 0]	136.36734799184666	[6.9790315437391035, 5]
0.0	0	23.235566832322544	[2, 0]	130.0836253867032	[5.209863811991693, 5]
0.0	0	34.57627444168977	[2, 0]	103.04153908281116	[2.1016463942122394, 5]
0.0	0	27.143220169592123	[1, 0]	105.95510033893328	[4.498468561356303, 5]
0.0	0	37.344879616764395	[2, 0]	163.56751509675786	[4.981353729027702, 5]
0.0	0	28.939454998826793	[1, 0]	115.5674739815085	[3.430060608424803, 5]
0.0	0	13.849401969802244	[1, 0]	142.87098736486962	[6.341123917867242, 5]
0.0	0	47.26588899866736	[2, 0]	91.12061726367308	[5.937524609458234, 5]
0.0	0	40.63716953542809	[1, 0]	114.83247653436244	[3.3640329738351378, 5]
0.0	0	12.945231928129864	[2, 0]	123.63598567824036	[8.245869499921133, 5]
0.0	0	22.655565933836872	[2, 0]	127.21053132381161	[2.275666725666195, 5]
0.0	0	49.92195735046863	[2, 0]	91.50886706775563	[3.2773420754676077, 5]
0.0	0	40.15755396866277	[1, 0]	130.2456512964056	[4.075850179607077, 5]
0.0	0	35.88727862090406	[1, 0]	143.14079094866725	[6.563701674056666, 5]
0.0	0	30.499762435508124	[1, 0]	170.39315457403214	[4.510695901540003, 5]
0.0	0	12.798307986211748	[1, 0]	139.621747583167	[2.7118456734720855, 5]
0.0	0	12.677374387024008	[1, 0]	161.7688935673975	[3.1364520758568193, 5]
0.0	0	30.317001012844845	[1, 0]	143.37290643427605	[7.482289972151471, 5]
0.0	0	44.71762869259108	[1, 0]	134.39077035100982	[2.6200670058707116, 5]
0.0	0	39.96700574810179	[2, 0]	133.42674089006974	[3.0804256069071427, 5]
0.0	0	17.075762820574933	[1, 0]	101.45413537797728	[7.512821331706065, 5]
0.0	0	21.434068165591206	[2, 0]	95.134639886226	[6.797685751156335, 5]
0.0	0	49.91784593778646	[1, 0]	110.2787827133178	[6.1764178530112, 5]
0.0	0	11.96179219387668	[2, 0]	154.39861808648166	[6.80656878383401, 5]
0.0	0	11.196881598810778	[2, 0]	167.9538145312058	[3.3164137268122467, 5]
0.0	0	15.79261963741706	[1, 0]	128.5018665484926	[5.892835297888837, 5]
0.0	0	29.993239641366127	[1, 0]	121.47331868546067	[4.815486061801966, 5]
0.0	0	25.070535450047252	[2, 0]	147.12340113587143	[5.3806481090630465, 5]
0.0	0	48.61829851517319	[2, 0]	173.04587534564195	[1.862368514355311, 5]
0.0	0	25.91796526320934	[1, 0]	136.6798031229101	[7.9396959978965, 5]
0.0	0	33.593249373214675	[2, 0]	156.0434246606269	[5.434565863138186, 5]
0.0	0	18.982684007941483	[2, 0]	110.8540830690863	[2.8037755524986867, 5]
0.0	0	21.021687241014945	[1, 0]	104.45125121507559	[6.523376830058601, 5]
0.0	0	15.503662929214604	[1, 0]	122.35464217299324	[6.011242322103332, 5]
0.0	0	37.41842106603045	[2, 0]	167.53083819599277	[4.354713092976949, 5]
0.0	0	14.777082084458103	[1, 0]	131.08090644598929	[6.619763046235872, 5]
0.0	0	33.55691029416828	[2, 0]	121.40589726009497	[5.729243906962199, 5]
0.0	0	11.281383719206914	[2, 0]	156.48899055654965	[2.8362022399518727, 5]
0.0	0	35.402562476188535	[2, 0]	139.69356735200537	[7.975867191188639, 5]
0.0	0	14.052206861368798	[1, 0]	141.46335083360952	[6.6569737034685605, 5]
0.0	0	17.398023064823064	[2, 0]	172.69534341686975	[2.9675226943518824, 5]
0.0	0	14.42702590522288	[2, 0]	177.89909500154022	[5.0525577690290255, 5]
0.0	0	48.531000860924074	[1, 0]	171.52067887413747	[6.424017830209248, 5]
0.0	0	22.36654901102159	[1, 0]	154.53737446406356	[6.464658155921238, 5]
0.0	0	16.7110566665915	[1, 0]	90.7629392820416	[6.0700330473569455, 5]
0.0	0	45.34944765506522	[2, 0]	95.63163225186258	[3.061948644725579, 5]
0.0	0	46.859439615575155	[2, 0]	164.81682326135774	[2.0053275515391262, 5]
0.0	0	18.17336144052266	[2, 0]	99.62638481227249	[3.254452379859141, 5]
0.0	0	48.67894719104804	[2, 0]	111.22173581311357	[1.5787272912779133, 5]
0.0	0	23.895806327385994	[2, 0]	112.42750392626137	[1.4929147364648196, 5]
0.0	0	36.964874518475135	[2, 0]	168.39396802691493	[7.251271745515393, 5]
0.0	0	40.44225561590223	[2, 0]	145.13837328763998	[3.745614672795645, 5]
0.0	0	30.041741567594613	[1, 0]	128.85578470849782	[6.750929297018941, 5]
0.0	0	13.886590208666673	[1, 0]	175.93193540223115	[2.7915549879759696, 5]
0.0	0	13.45252954493458	[2, 0]	162.88028048062267	[3.673164621351757, 5]
0.0	0	39.0205899206644	[1, 0]	92.73178350527088	[8.156434224586734, 5]
0.0	0	26.23089217630611	[2, 0]	139.08817652836132	[5.582853860783323, 5]
0.0	0	46.16250341964225	[1, 0]	157.1777537827388	[6.676881326738937, 5]
0.0	0	18.713078069982426	[1, 0]	99.38000867859394	[5.168832024054813, 5]
0.0	0	44.287287122945635	[2, 0]	142.08032597393364	[7.022547597954341, 5]
0.0	0	16.332604502460278	[1, 0]	150.41463383291267	[6.970468024609041, 5]
0.0	0	12.74106852402584	[1, 0]	150.19681279965528	[7.165078867763981, 5]
0.0	0	40.00083014788072	[1, 0]	154.132761955404	[4.6457008324431035, 5]
0.0	0	27.785243082183378	[2, 0]	108.02846842711604	[4.7719957279375205, 5]
0.0	0	10.493783693048147	[2, 0]	101.03487052556598	[4.887169309493705, 5]
0.0	0	18.292447323900248	[2, 0]	102.97614185241038	[6.946600244201411, 5]
0.0	0	26.518405664424172	[1, 0]	129.65081047771685	[3.3813788363732695, 5]
0.0	0	18.35391301824954	[1, 0]	178.237967817345	[4.1632409819892375, 5]
0.0	0	13.301409984686263	[2, 0]	96.75158512003816	[7.474681085564339, 5]
0.0	0	31.094071158571598	[1, 0]	116.61922201343683	[7.191112681851375, 5]
0.0	0	10.641523800824265	[1, 0]	147.53998685998036	[2.542974213422919, 5]
0.0	0	17.760281043225035	[1, 0]	112.03530739277716	[2.1275886978958654, 5]
0.0	0	17.80299298899593	[2, 0]	99.57320551740737	[3.266886462720892, 5]
0.0	0	28.58885011586823	[2, 0]	148.28931930967016	[6.916673213329665, 5]
0.0	0	22.981732409850647	[2, 0]	135.0717588264363	[2.0788452834224516, 5]
0.0	0	25.952109724004274	[1, 0]	170.86761456779237	[6.790353618546815, 5]
0.0	0	16.55500309916624	[2, 0]	112.81396486867405	[8.06880800513776, 5]
0.0	0	39.11536685831256	[1, 0]	152.6356728823651	[7.2759284863476426, 5]
0.0	0	30.452929083487128	[1, 0]	127.6071678186365	[7.158264385203399, 5]
0.0	0	20.980862064604402	[2, 0]	107.8048006051516	[6.21134795326595, 5]
0.0	0	14.825121992614989	[1, 0]	156.23980818394938	[3.3415130347202, 5]
0.0	0	28.992568573523148	[2, 0]	141.52057557677432	[2.9814768076125175, 5]
0.0	0	33.03128293639759	[1, 0]	142.45807000722579	[5.057183228210157, 5]
0.0	0	20.817084105957882	[1, 0]	114.01693304421224	[4.349407997595974, 5]
0.0	0	44.89639372529783	[2, 0]	111.42382206910005	[2.764965806322708, 5]
0.0	0	33.60412019381009	[1, 0]	161.78917793894198	[4.09015161651609, 5]
0.0	0	39.214311912186396	[1, 0]	136.75700539276585	[2.069016109918354, 5]
0.0	0	18.03851869329039	[2, 0]	141.26885883182982	[4.207948082106119, 5]
0.0	0	16.18559836889835	[1, 0]	142.26006236879454	[2.412767078572999, 5]
0.0	0	43.569322617749535	[1, 0]	136.3074206861783	[2.1752313683347686, 5]
0.0	0	12.911341286924554	[2, 0]	129.099925433143	[6.205971526782036, 5]
0.0	0	11.412038689061163	[1, 0]	102.06133657730305	[7.512992985665632, 5]
0.0	0	36.48910848771934	[1, 0]	90.61802177289917	[2.147321928123773, 5]
0.0	0	33.962206839117826	[1, 0]	160.52088564741922	[2.7498107420753533, 5]
0.0	0	45.39921824147124	[1, 0]	105.40083931393603	[4.09225119068467, 5]
0.0	0	45.97088319790768	[2, 0]	100.76974123768963	[4.247440128107895, 5]
0.0	0	10.265831329803081	[2, 0]	155.08057846174253	[7.918268571272234, 5]
0.0	0	35.04161451987557	[2, 0]	124.1593020312338	[1.6674018655961942, 5]
0.0	0	48.06522570873981	[2, 0]	117.33435721610557	[6.124608809436363, 5]
0.0	0	21.826544721461275	[1, 0]	155.54971925415333	[2.2616637950400835, 5]
0.0	0	44.989907361449994	[1, 0]	133.53628838266064	[6.716472895267101, 5]
0.0	0	45.6496666618889	[1, 0]	105.14111296092835	[7.396466520658712, 5]
0.0	0	36.371765641110855	[1, 0]	173.40350044264378	[7.420312513470442, 5]
0.0	0	38.62384157978158	[2, 0]	121.46824268352684	[3.419431659515563, 5]
0.0	0	25.81505729359565	[1, 0]	138.8511009508233	[2.9132601727272496, 5]
0.0	0	19.03136640055805	[2, 0]	171.8287455688415	[3.4772037653103407, 5]
0.0	0	24.520826864723475	[1, 0]	172.74794162664574	[6.275016524258316, 5]
0.0	0	22.818221339544596	[1, 0]	125.23830720751383	[6.110475966683607, 5]
0.0	0	17.360648133145666	[2, 0]	172.08084133468267	[8.271863675928943, 5]
0.0	0	10.18099129947474	[2, 0]	130.7951828104289	[5.5909654234442385, 5]
0.0	0	38.999108276645636	[2, 0]	157.59438459826896	[8.0179568076159, 5]
0.0	0	30.20364435871987	[1, 0]	140.24438591241366	[6.006275411841316, 5]
0.0	0	41.05415395813116	[2, 0]	92.45585362766062	[3.1344420806984443, 5]
0.0	0	26.45350297622702	[2, 0]	143.07895878469463	[2.6071633709898743, 5]
0.0	0	32.66048597208545	[1, 0]	99.17162323878506	[8.047926028923643, 5]
0.0	0	33.88119076608085	[2, 0]	138.99848899615563	[1.6227152479734415, 5]
0.0	0	45.18754774797917	[2, 0]	104.47918293902707	[4.551327924427694, 5]
0.0	0	20.976879111425685	[1, 0]	132.4256783269592	[4.819776784145097, 5]
0.0	0	12.624257289531991	[1, 0]	151.20806847764024	[7.390575140002251, 5]
0.0	0	40.16066174243433	[2, 0]	149.62323850817359	[6.2228740967389715, 5]
0.0	0	34.35337145859431	[2, 0]	113.03305624567514	[1.8955545347026537, 5]
0.0	0	27.09766303310394	[2, 0]	109.15088556213009	[2.5630757548101113, 5]
0.0	0	45.48715070446738	[1, 0]	129.584221912716	[1.7340495787473929, 5]
0.0	0	39.21102611935594	[1, 0]	169.20462936184265	[6.632900233456432, 5]
0.0	0	47.23964996592684	[2, 0]	146.08989319868883	[2.2090956436882863, 5]
0.0	0	12.259746954312211	[1, 0]	173.62190974182056	[8.136351409898458, 5]
0.0	0	36.89761269441713	[2, 0]	166.12609942332574	[6.698805619569811, 5]
0.0	0	27.217941452082062	[1, 0]	115.47489335906305	[6.4722172583356015, 5]
0.0	0	45.76315475504177	[2, 0]	150.60953724667965	[3.103752514858468, 5]
0.0	0	32.92300342353734	[2, 0]	113.5207774897855	[3.281642785141847, 5]
0.0	0	35.45175092239444	[2, 0]	163.48928457892129	[5.481460584082327, 5]
0.0	0	49.835189212585384	[1, 0]	100.12520860789378	[7.397457132590223, 5]
0.0	0	45.35173004463707	[2, 0]	143.0063077221415	[8.085246897653477, 5]
0.0	0	15.636665822367588	[1, 0]	106.87775940682816	[8.183266507995203, 5]
0.0	0	16.860978018788895	[2, 0]	147.2831054698642	[3.975082043644493, 5]
0.0	0	37.85863076812685	[2, 0]	132.97991434717838	[7.4452611712939945, 5]
0.0	0	13.384089932156673	[1, 0]	98.18458268482759	[3.1995851340567882, 5]
0.0	0	37.03540812496678	[2, 0]	154.19606325029287	[5.303997022016588, 5]
0.0	0	46.24649040003154	[1, 0]	153.46253570076323	[3.6379515769227933, 5]
0.0	0	10.276205988083442	[1, 0]	109.55834770000776	[7.753623262263042, 5]
0.0	0	24.38481107215474	[1, 0]	93.61692114947144	[2.832344614217626, 5]
0.0	0	24.944475426638487	[2, 0]	153.69832115626124	[6.052108822002606, 5]
0.0	0	30.20188009922274	[1, 0]	157.08121394665312	[4.2470904000256375, 5]
0.0	0	30.46407809848718	[1, 0]	118.02672586063974	[1.4305525023862204, 5]
0.0	0	44.73646392698571	[2, 0]	125.43983008593236	[2.7994944725111095, 5]
0.0	0	40.611353587075776	[1, 0]	101.43787187090007	[3.5804462886901773, 5]
0.0	0	11.254890760082318	[2, 0]	119.03961604399043	[7.047903147568542, 5]
0.0	0	42.64567507865457	[1, 0]	117.00689270240113	[5.613691727796488, 5]
0.0	0	34.94544179392222	[1, 0]	178.40892972764334	[7.252106841917532, 5]
0.0	0	38.322387559712006	[1, 0]	99.86082074457636	[2.41538236260208, 5]
0.0	0	23.09143984166746	[2, 0]	135.10182754310688	[3.901904537129854, 5]
0.0	0	32.73067384622346	[2, 0]	99.82928492775731	[4.161372704752566, 5]
0.0	0	12.539475274820987	[2, 0]	147.68601428835595	[4.860391467267091, 5]
0.0	0	17.289361087284007	[2, 0]	165.2707369693914	[6.849126284246869, 5]
0.0	0	48.273610524189024	[1, 0]	128.29857014019223	[2.1161889210812097, 5]
0.0	0	35.638524369391426	[1, 0]	112.69249489703147	[6.370773831604964, 5]
0.0	0	44.32233065645383	[1, 0]	113.6373151977438	[5.112918056015485, 5]
0.0	0	22.919932682465948	[1, 0]	119.29006139628802	[2.1425182376123293, 5]
0.0	0	43.22633251794121	[1, 0]	163.0622833659519	[3.5324261496666876, 5]
0.0	0	10.596386527274522	[1, 0]	131.96188274097838	[3.1633586963370406, 5]
0.0	0	12.335639936995767	[2, 0]	104.22248054238871	[3.2798154457544144, 5]
0.0	0	33.170201601548655	[2, 0]	145.74063826290953	[4.666756358000814, 5]
0.0	0	44.76573196613757	[2, 0]	127.70149512442205	[4.057666894202174, 5]
0.0	0	17.390674632581504	[2, 0]	117.71573703340019	[7.223979794333827, 5]
0.0	0	32.02346599277479	[1, 0]	151.97141292744166	[6.986228487936644, 5]
0.0	0	38.251984735778926	[2, 0]	172.66113005136344	[1.7514742077644125, 5]
0.0	0	44.01602826794845	[2, 0]	114.36532556252892	[4.467274210168769, 5]
0.0	0	37.91173201087625	[2, 0]	166.56428212349238	[4.669342508507462, 5]
0.0	0	14.947691712427975	[2, 0]	167.4587242908088	[4.896826439413234, 5]
0.0	0	24.639882496130035	[2, 0]	151.09259660065442	[1.683837199089769, 5]
0.0	0	19.407572257670928	[1, 0]	105.47087744026612	[2.0206992748341865, 5]
0.0	0	30.78809239210122	[1, 0]	155.96271546422687	[2.4418560272683316, 5]
0.0	0	46.71461928734908	[2, 0]	105.71742016019037	[7.660866615447008, 5]
0.0	0	17.863357419077566	[1, 0]	174.34957561233898	[3.493531998483455, 5]
0.0	0	49.142554372800184	[2, 0]	131.88009817877278	[1.9946105611538794, 5]
0.0	0	37.61096097724936	[2, 0]	148.93409982873433	[2.9207960765841894, 5]
0.0	0	11.985662175691317	[1, 0]	158.94845583442992	[7.857301398738426, 5]
0.0	0	11.135683838792657	[1, 0]	141.21386291259654	[2.375708116564, 5]
0.0	0	28.26916847857628	[1, 0]	123.14257878015702	[4.093470424885934, 5]
0.0	0	45.22069637786291	[1, 0]	154.48000556870133	[2.332208638057206, 5]
0.0	0	36.19847984918346	[2, 0]	92.17482405484077	[8.10440508337752, 5]
0.0	0	28.489433195865264	[1, 0]	144.06527710018995	[2.7976583194446802, 5]
0.0	0	31.547392850614298	[2, 0]	140.7758373681083	[6.42213898073712, 5]
0.0	0	13.201150741692597	[1, 0]	107.56248911765536	[6.595316361286195, 5]
0.0	0	10.72686441347353	[1, 0]	172.86490691010317	[4.478076616091289, 5]
0.0	0	33.808448921071616	[1, 0]	178.72213952818737	[6.575352590800479, 5]
0.0	0	44.12378979692952	[2, 0]	95.90084535215627	[1.9488837909436705, 5]
0.0	0	13.463547101710136	[1, 0]	136.66802059339102	[6.721072681823023, 5]
0.0	0	31.113331786369297	[2, 0]	123.0709299738226	[2.7422706776282983, 5]
0.0	0	24.037448639760605	[2, 0]	148.90635151955638	[6.279760863275232, 5]
0.0	0	29.18740513391871	[1, 0]	105.62883237991052	[7.24018985892865, 5]
0.0	0	11.928621710554117	[2, 0]	98.09165286664225	[5.625592673924401, 5]
0.0	0	40.184499344414114	[1, 0]	130.67977856676697	[7.723826724673731, 5]
0.0	0	19.402046721023392	[2, 0]	143.41925756509522	[7.7677578844994715, 5]
0.0	0	46.436295176468164	[1, 0]	116.0834645156153	[6.400948026556665, 5]
0.0	0	38.44464309999102	[1, 0]	110.5482676249523	[8.23998376169352, 5]
0.0	0	31.824173468950576	[1, 0]	121.9730032374899	[2.7080619182314445, 5]
0.0	0	45.47139786248254	[2, 0]	101.58527644483483	[4.496454458389586, 5]
0.0	0	38.08853895724809	[2, 0]	126.6441134428922	[3.636962159486944, 5]
0.0	0	20.54818721135886	[2, 0]	160.6962899205958	[3.815314566783738, 5]
0.0	0	19.568406726028087	[1, 0]	104.16899495143429	[2.4972988199449677, 5]
0.0	0	28.27338474067697	[2, 0]	103.46237358481422	[2.903380948434647, 5]
0.0	0	45.633004136091884	[1, 0]	117.46852949736947	[5.984567022333407, 5]
0.0	0	29.772421453183615	[1, 0]	138.52267438676597	[6.431376809898238, 5]
0.0	0	22.649325334376805	[1, 0]	127.62281285404572	[6.985778754173628, 5]
0.0	0	25.204174434465042	[2, 0]	162.42559829786626	[2.5325843551227183, 5]
0.0	0	15.730826247797825	[1, 0]	92.63646276894363	[1.7681511641404626, 5]
0.0	0	26.405833450848704	[2, 0]	161.9579629763028	[2.172185969886027, 5]
0.0	0	35.673546523662665	[2, 0]	165.83641931195967	[5.049034910646523, 5]
0.0	0	29.720749469064273	[1, 0]	128.18023701927564	[4.3243528710696, 5]
0.0	0	48.181729599565344	[1, 0]	127.13735836227208	[8.104142907645764, 5]
0.0	0	29.310410603375132	[1, 0]	95.87760789943816	[7.543114319939748, 5]
0.0	0	40.817345891423905	[1, 0]	128.0311491856456	[3.0978981437978947, 5]
0.0	0	33.96243136410713	[1, 0]	123.71619830711775	[5.236248550945865, 5]
0.0	0	32.148939862425216	[2, 0]	169.45544919511872	[1.7543748450286962, 5]
0.0	0	42.04494346994876	[2, 0]	150.15162883601835	[6.577049380228348, 5]
0.0	0	30.52153148469052	[2, 0]	128.50607691615124	[1.9932901329679298, 5]
0.0	0	18.15850798832972	[1, 0]	111.00440969615516	[5.699230331726077, 5]
0.0	0	28.9365108106561	[2, 0]	121.27309118040412	[6.289593765629119, 5]
0.0	0	24.59524171351875	[1, 0]	153.43720700882918	[4.8186945071566365, 5]
0.0	0	25.228897319022526	[2, 0]	125.45844782933165	[4.35354247344232, 5]
0.0	0	27.792712507277784	[2, 0]	149.34041782060234	[3.813938432966867, 5]
0.0	0	49.68743820294458	[2, 0]	113.68656746409742	[1.8131173440345418, 5]
0.0	0	38.045520202036805	[2, 0]	153.14535024674973	[3.850257986668514, 5]
0.0	0	45.27219019312413	[1, 0]	157.97189306065223	[2.9704231001308097, 5]
0.0	0	35.96310274676133	[2, 0]	91.34664590640536	[4.4262566442852345, 5]
0.0	0	47.98835988133931	[2, 0]	134.3776738966915	[4.676930527330754, 5]
0.0	0	44.8216598653499	[1, 0]	156.54957961897634	[3.2856574722620158, 5]
0.0	0	16.572647462213933	[2, 0]	141.38028835711484	[6.732704578693282, 5]
0.0	0	45.61262876275522	[2, 0]	173.85999724733705	[5.19344938800144, 5]
0.0	0	29.414802818790687	[1, 0]	93.24448607991269	[7.803666958345187, 5]
0.0	0	13.849650954283714	[1, 0]	172.62021383241273	[4.980754018855649, 5]
0.0	0	11.670920139221309	[2, 0]	107.98728798240222	[7.404161840160046, 5]
0.0	0	25.9655616736867	[2, 0]	106.73968809798791	[3.5647611190672563, 5]
0.0	0	11.968688174491101	[1, 0]	93.75948290885381	[6.792234108751701, 5]
0.0	0	30.90538569831867	[2, 0]	126.02445930998647	[1.9238899463596464, 5]
0.0	0	47.583075530083654	[2, 0]	151.00284373260598	[8.093729624905892, 5]
0.0	0	33.00079839866728	[2, 0]	96.42162433440264	[6.995013962545459, 5]
0.0	0	43.31787518114899	[2, 0]	97.44333292209205	[2.7567923974305635, 5]
0.0	0	14.016575663151393	[2, 0]	92.37327485355998	[6.432576246855132, 5]
0.0	0	19.350885726468444	[1, 0]	170.2929184668642	[7.749803959405174, 5]
0.0	0	12.138512214217895	[1, 0]	98.96781308805473	[7.807107729294276, 5]
0.0	0	38.33343600225086	[1, 0]	99.84492737644709	[2.87432193547829, 5]
0.0	0	34.23419918612784	[2, 0]	106.58873896107296	[6.1608520128312625, 5]
0.0	0	32.29616820369966	[1, 0]	104.18501118589666	[5.875839916121838, 5]
0.0	0	38.294062734795446	[2, 0]	171.9635067446356	[2.9314732260764824, 5]
0.0	0	40.904687867072745	[2, 0]	160.8429746549504	[8.247107362753807, 5]
0.0	0	35.621614413292406	[2, 0]	103.51622669250004	[6.792666186942612, 5]
0.0	0	10.691149791877361	[2, 0]	164.1904920737666	[3.9605876280359795, 5]
0.0	0	39.28688571184958	[1, 0]	133.06880574409294	[5.203364130603778, 5]
0.0	0	15.613939036499664	[2, 0]	141.36323142297508	[3.542847857421626, 5]
0.0	0	46.24024932260074	[2, 0]	157.085539475523	[2.7797869354672358, 5]
0.0	0	29.41179246306593	[2, 0]	165.392303602831	[5.28902163806234, 5]
0.0	0	39.117063206683994	[1, 0]	172.39220892646074	[1.4720312845326566, 5]
0.0	0	36.34842498542236	[1, 0]	149.85045840771505	[5.603186412576694, 5]
0.0	0	27.495857811106223	[2, 0]	133.77642330033692	[7.760031833885922, 5]
0.0	0	25.69237344046525	[2, 0]	143.31862661823408	[8.062814526601853, 5]
0.0	0	35.91919852477113	[2, 0]	174.06342081629512	[4.92132201324909, 5]
0.0	0	29.108986982794498	[2, 0]	97.4023128135351	[7.3438733063970645, 5]
0.0	0	25.229163310442853	[2, 0]	144.95567692369343	[1.8284463242292714, 5]
0.0	0	34.60964819349404	[1, 0]	166.7799465320665	[7.88014986283203, 5]
0.0	0	21.341578701318795	[1, 0]	98.46417490825746	[3.1656386654695474, 5]
0.0	0	19.74647155880609	[2, 0]	90.43166150508064	[4.876152758689849, 5]
0.0	0	30.55127713581489	[1, 0]	92.75580299963937	[7.284653898672292, 5]
0.0	0	22.27298475424565	[2, 0]	123.99192689113269	[2.603217069034134, 5]
0.0	0	39.14656326042735	[2, 0]	143.24148734511516	[6.2898038210509535, 5]
0.0	0	48.86170959997546	[1, 0]	100.1055572544693	[6.186266662290801, 5]
0.0	0	34.56693667662027	[1, 0]	138.16506364976775	[2.402614745210217, 5]
0.0	0	47.03383398102214	[1, 0]	137.54967666501153	[5.331395092416125, 5]
0.0	0	22.38979368172473	[1, 0]	103.068904232938	[3.85764698893602, 5]
0.0	0	34.11478009399944	[1, 0]	110.73569210847069	[7.789305439428159, 5]
0.0	0	30.81979913026154	[1, 0]	173.91218346317538	[6.106248784551487, 5]
0.0	0	36.863458128295136	[1, 0]	138.45800174745426	[7.183540946362807, 5]
0.0	0	37.51882735326704	[2, 0]	149.5566486966496	[7.437704515206889, 5]
0.0	0	36.091697204704474	[2, 0]	111.69994701555386	[3.7052226097115137, 5]
0.0	0	30.70166657431992	[2, 0]	142.89640919547455	[6.416272266732563, 5]
0.0	0	21.009575487197797	[2, 0]	164.03692504097563	[3.356923537167526, 5]
0.0	0	45.5515596964879	[1, 0]	121.7730487400915	[5.119614803921248, 5]
0.0	0	26.53327836132898	[2, 0]	172.72177600876756	[8.143929619081952, 5]
0.0	0	30.60965392838057	[2, 0]	111.13461125967932	[3.2545847256699516, 5]
0.0	0	13.982650648105233	[1, 0]	123.568115857536	[7.445584596478912, 5]
0.0	0	42.11327428651004	[1, 0]	125.05488075328805	[3.1561229130897877, 5]
0.0	0	38.726464404135484	[1, 0]	140.54277633763436	[4.099873572770228, 5]
0.0	0	13.846795763196358	[1, 0]	138.5264220886673	[3.8691079557828205, 5]
0.0	0	48.76441827337548	[2, 0]	175.6761488855738	[3.8257060042313373, 5]
0.0	0	44.038142557720015	[2, 0]	145.19135782555938	[8.189405308464066, 5]
0.0	0	17.02152649320538	[2, 0]	158.51417650801065	[3.0543941042460627, 5]
0.0	0	23.418317228615297	[2, 0]	140.81793755463576	[6.663641012174886, 5]
0.0	0	40.962703074311406	[1, 0]	91.6981465134394	[4.300396255065991, 5]
0.0	0	28.201057628739388	[2, 0]	132.3167525630051	[7.047321822367202, 5]
0.0	0	15.27769180266398	[2, 0]	175.94260592384924	[1.7872339023503994, 5]
0.0	0	45.31552502841531	[2, 0]	116.83717618436398	[5.29827443354953, 5]
0.0	0	27.191676043335523	[1, 0]	148.46863654008797	[6.1801030097336715, 5]
0.0	0	22.49392740739244	[1, 0]	121.5735582229888	[3.834420415739669, 5]
0.0	0	47.160194145271774	[1, 0]	95.4657604173746	[2.870384790178864, 5]
0.0	0	14.986472803730662	[2, 0]	121.79697283447706	[5.252640925092832, 5]
0.0	0	20.225557980708956	[2, 0]	101.28091890936018	[7.445942588801894, 5]
0.0	0	17.66122806053945	[2, 0]	158.64265739883643	[2.5085578742518386, 5]
0.0	0	26.702603422734388	[1, 0]	124.49065004812002	[7.914398391429673, 5]
0.0	0	28.560427158123577	[1, 0]	160.39614665608934	[5.687801867553572, 5]
0.0	0	39.56319263275217	[2, 0]	94.49579354106939	[7.033662878687431, 5]
0.0	0	40.625307636051154	[2, 0]	147.93694735212108	[4.031056032068361, 5]
0.0	0	34.201732104854436	[1, 0]	172.81896491300063	[3.7782654441314008, 5]
0.0	0	26.01543566620534	[1, 0]	148.5612809423591	[2.595302226614862, 5]
0.0	0	41.21535884737299	[2, 0]	125.53944957559	[3.066397371233809, 5]
0.0	0	10.271098123741412	[2, 0]	105.50842183250666	[7.841538030655712, 5]
0.0	0	12.003194890706231	[2, 0]	143.74032248751678	[3.340925629248361, 5]
0.0	0	28.114602344794285	[1, 0]	138.00529877974594	[5.83028350691484, 5]
0.0	0	37.73637243357235	[1, 0]	158.33119492698455	[6.079411992183136, 5]
0.0	0	42.50199161518435	[1, 0]	138.09908040666497	[3.1165310242772195, 5]
0.0	0	19.532448508464427	[2, 0]	102.926033303647	[7.057786982754927, 5]
0.0	0	43.101637433020215	[2, 0]	120.18338262701906	[5.736136900172126, 5]
0.0	0	40.05280267854738	[2, 0]	104.83462201049257	[6.322528392983392, 5]
0.0	0	21.821187353690323	[1, 0]	164.76889254541007	[7.335341712990991, 5]
0.0	0	41.40770979677209	[2, 0]	118.48850637471344	[5.690302352610575, 5]
0.0	0	48.52926164066403	[2, 0]	178.53340378493323	[1.5247992039509957, 5]
0.0	0	27.692883245355322	[1, 0]	107.4716763063089	[2.835837945637916, 5]
0.0	0	28.50927154715824	[1, 0]	94.86758965125556	[4.869436687175069, 5]
0.0	0	28.851867104358956	[1, 0]	135.38846129184387	[3.6439166303931176, 5]
0.0	0	37.151895844120894	[2, 0]	108.51379878010604	[2.658630995705525, 5]
0.0	0	36.62155390567557	[2, 0]	119.10924599531792	[7.545416783758153, 5]
0.0	0	42.993122675372746	[1, 0]	102.24654237052486	[1.8383128502947927, 5]
0.0	0	28.85468411251214	[2, 0]	149.50648673446116	[5.772949138526563, 5]
0.0	0	39.715856295751344	[2, 0]	177.78298735316815	[6.834563129722146, 5]
0.0	0	22.35178686544178	[1, 0]	121.07682808091303	[7.161184847239409, 5]
0.0	0	48.64378627864318	[1, 0]	90.5592852915323	[4.378575855126223, 5]
0.0	0	33.086157980092935	[1, 0]	142.4072874241527	[6.430532622582881, 5]
0.0	0	48.47208157658141	[2, 0]	147.60424996211896	[2.601383368045288, 5]
0.0	0	48.67293587977615	[2, 0]	119.8725913868	[6.202133617576916, 5]
0.0	0	21.062821767920685	[2, 0]	124.50867908972793	[7.6989463231940185, 5]
0.0	0	42.95174596609871	[1, 0]	168.36351505382345	[1.4338603206173515, 5]
0.0	0	39.97338559032378	[2, 0]	118.89319830440765	[2.902522549529649, 5]
0.0	0	36.280990348590024	[1, 0]	129.44814251180043	[5.416223126551455, 5]
0.0	0	36.66891110581712	[1, 0]	103.62117748803256	[6.1510471101995465, 5]
0.0	0	11.00604253635495	[1, 0]	124.80931501723606	[5.745967664494976, 5]
0.0	0	44.77265944060353	[1, 0]	165.46030920465705	[3.7490795975428775, 5]
0.0	0	23.199225103226148	[1, 0]	105.01950802139592	[7.67739956019689, 5]
0.0	0	30.87682560840564	[2, 0]	100.73715116075186	[2.0820170577753943, 5]
0.0	0	16.488357569782465	[2, 0]	155.37828887354442	[8.09421884191191, 5]
0.0	0	30.299149272620916	[2, 0]	131.6649291977455	[2.544776767313782, 5]
0.0	0	26.220185812142567	[1, 0]	90.70039202768707	[4.169742398329352, 5]
0.0	0	20.623012492922783	[2, 0]	177.7779927845893	[7.318960869752681, 5]
0.0	0	20.318571417695384	[1, 0]	138.425646024537	[4.710586024247226, 5]
0.0	0	40.65125624455836	[1, 0]	92.09340651560377	[7.000340637176964, 5]
0.0	0	16.579236442388353	[2, 0]	164.28632697019202	[6.1690143677729905, 5]
0.0	0	38.73007721089014	[1, 0]	120.46261941892809	[6.631110139696303, 5]
0.0	0	36.347675846289164	[2, 0]	109.42382846285915	[6.720339586994483, 5]
0.0	0	13.37853647859333	[2, 0]	144.01038699439073	[5.088861372885754, 5]
0.0	0	34.611151853276425	[1, 0]	141.04391131041675	[7.364500335436824, 5]
0.0	0	40.29600799370218	[1, 0]	177.8631489240294	[8.014659419578416, 5]
0.0	0	30.975176527733723	[1, 0]	116.18508123700148	[6.546073498309424, 5]
0.0	0	37.041628491527995	[2, 0]	110.00736556864393	[4.754558632652871, 5]
0.0	0	25.371764450323827	[2, 0]	100.15771273526073	[1.6239462262124291, 5]
0.0	0	30.356706415845096	[1, 0]	160.4738783095613	[5.04177498693508, 5]
0.0	0	41.20221953711025	[2, 0]	133.68325181928265	[2.3676458358107135, 5]
0.0	0	44.42732607478229	[2, 0]	90.88428915784583	[7.54942450454172, 5]
0.0	0	10.958236149854109	[1, 0]	100.4949325401174	[4.821195792995811, 5]
0.0	0	26.15644461474949	[1, 0]	137.63472607530323	[4.746177727411794, 5]
0.0	0	20.35079517235516	[2, 0]	170.34884261436216	[3.842540933855603, 5]
0.0	0	17.899955518227333	[1, 0]	104.3680834333107	[3.7781710976688996, 5]
0.0	0	33.6563344905831	[1, 0]	150.14680887251384	[5.223043277175269, 5]
0.0	0	20.629722714284775	[1, 0]	110.6088190926389	[6.281010658148726, 5]
0.0	0	36.70474314253014	[1, 0]	100.34810732944725	[4.368896134071845, 5]
0.0	0	16.752671712815275	[2, 0]	118.70730237970815	[7.618121727937797, 5]
0.0	0	44.100288177008416	[1, 0]	126.91378837171794	[3.572788874226955, 5]
0.0	0	27.349098449107192	[2, 0]	98.84331845101403	[7.324539310057722, 5]
0.0	0	30.542264288082666	[1, 0]	116.33876640544256	[6.457932335363443, 5]
0.0	0	23.828665787598485	[2, 0]	92.87748322382573	[5.481814303340405, 5]
0.0	0	15.270460710533879	[1, 0]	93.1817916041937	[2.4844360804228605, 5]
0.0	0	37.441874221395906	[1, 0]	94.42698068406268	[4.370981418968624, 5]
0.0	0	48.04256841316334	[1, 0]	97.30324331121597	[5.622854900810316, 5]
0.0	0	17.91481109378345	[1, 0]	155.1705840038647	[7.885173207544948, 5]
0.0	0	20.931052004255356	[2, 0]	171.36769645629175	[3.7576232665049045, 5]
0.0	0	27.68880286199345	[1, 0]	92.87305960936784	[2.5396101851793236, 5]
0.0	0	17.86841842700936	[1, 0]	129.582986242961	[3.9637454743842175, 5]
0.0	0	32.253497645842735	[1, 0]	141.64168743829563	[6.855971434203746, 5]
0.0	0	27.012665124122318	[1, 0]	109.25039699479186	[3.435036359301249, 5]
0.0	0	46.549989829622774	[1, 0]	128.84144269117624	[7.186995894757535, 5]
0.0	0	23.32249391495337	[1, 0]	123.58932267037974	[2.3510128690955274, 5]
0.0	0	30.173540679490504	[1, 0]	167.94135238744985	[4.762984247541441, 5]
0.0	0	28.590354240925958	[1, 0]	93.82454448675321	[5.056243595735117, 5]
0.0	0	28.869869548024855	[2, 0]	159.36971731351468	[6.221609502404797, 5]
0.0	0	14.730882331990639	[2, 0]	129.6860681728785	[7.479010571189312, 5]
0.0	0	41.29635046173743	[1, 0]	110.33836448682344	[6.346821463167414, 5]
0.0	0	31.631709891770083	[1, 0]	172.4625071331544	[7.358292340576841, 5]
0.0	0	29.357272121302135	[2, 0]	102.69262898444164	[2.4019933440030696, 5]
0.0	0	24.765192938830275	[2, 0]	160.72895414884294	[2.5377057972026784, 5]
0.0	0	36.71023576685294	[2, 0]	167.95963969417454	[8.057895910253604, 5]
0.0	0	29.14896307137609	[1, 0]	131.26847489957595	[5.982763820686765, 5]
0.0	0	20.582175830703434	[2, 0]	151.39007684738135	[2.5080572744991376, 5]
0.0	0	42.56805415900801	[2, 0]	152.31422821507346	[2.459232660653441, 5]
0.0	0	16.032039904536592	[2, 0]	118.68548375226908	[3.765884222357168, 5]
0.0	0	49.176405182474994	[2, 0]	127.02037505457488	[5.311759196242135, 5]
0.0	0	30.64967391704465	[1, 0]	118.246599863756	[8.26021501164782, 5]
0.0	0	29.030049055188325	[2, 0]	176.18388129968736	[4.514056784559697, 5]
0.0	0	46.157928255353944	[2, 0]	117.61767383540672	[3.2146685948096825, 5]
0.0	0	44.50326435007018	[1, 0]	110.33562858381177	[5.664371933597878, 5]
0.0	0	48.9775748123478	[1, 0]	133.95585018148682	[3.5542843052780677, 5]
0.0	0	12.483113464851236	[2, 0]	93.14093226815847	[3.8508554593949387, 5]
0.0	0	12.132828011646593	[1, 0]	99.06872426254597	[1.5264418427357538, 5]
0.0	0	44.910240391872115	[2, 0]	113.39565135443586	[8.268884729122103, 5]
0.0	0	32.180695670883225	[1, 0]	141.38227707412005	[6.336477456975275, 5]
0.0	0	43.47801781766067	[2, 0]	146.63013439551946	[4.514984995312915, 5]
0.0	0	28.295418013457844	[1, 0]	153.87131557920725	[6.744924851120258, 5]
0.0	0	39.91881980552213	[2, 0]	132.78091403550738	[7.4926360847727445, 5]
0.0	0	33.05080716340229	[2, 0]	104.80403836511798	[3.1076548418949828, 5]
0.0	0	24.136097009815508	[1, 0]	161.1424422982929	[3.6870393064945195, 5]
0.0	0	26.87201701858022	[1, 0]	171.9680960056486	[1.7693342258181028, 5]
0.0	0	24.491586155604136	[2, 0]	151.26473788453853	[6.474373462110045, 5]
0.0	0	20.919241911364992	[2, 0]	96.28749367049905	[3.5235543087766663, 5]
0.0	0	46.61822750638538	[2, 0]	116.66625035850905	[6.175125249542625, 5]
0.0	0	10.49012629931022	[2, 0]	101.3368912276159	[2.6965458166341394, 5]
0.0	0	37.0897975397659	[2, 0]	138.9273559798017	[2.908696315709551, 5]
0.0	0	38.90845791920499	[2, 0]	137.51789155497522	[6.556237738775258, 5]
0.0	0	19.977825275771377	[1, 0]	122.6256715212444	[6.459095324354487, 5]
0.0	0	26.898478176373594	[1, 0]	177.8546512715713	[4.992304847930388, 5]
0.0	0	27.832295559923004	[2, 0]	171.1525137860708	[6.1731926275151405, 5]
0.0	0	48.415130342942405	[2, 0]	122.43955087412003	[3.9067946448655486, 5]
0.0	0	16.53654501928795	[1, 0]	168.28564918405317	[4.641596827015695, 5]
0.0	0	48.70142529077939	[2, 0]	96.02174886399112	[3.234263763866996, 5]
0.0	0	46.0496434051621	[2, 0]	171.57295930905556	[3.3023581044940564, 5]
0.0	0	14.91052137779385	[2, 0]	153.1995188348272	[6.268466088716326, 5]
0.0	0	48.93214223675753	[1, 0]	123.65525026705347	[3.2781472985989564, 5]
0.0	0	11.422446289763073	[1, 0]	145.58491110189112	[1.4878792238083325, 5]
0.0	0	49.730443491301266	[1, 0]	152.26195892304523	[6.674177425508415, 5]
0.0	0	45.0680510462528	[1, 0]	89.66228510818023	[7.154250519800041, 5]
0.0	0	17.058724595661108	[1, 0]	178.7985432909195	[6.067786595130892, 5]
0.0	0	20.204385446145704	[2, 0]	139.2029987409147	[6.145697787930783, 5]
0.0	0	49.13714248025903	[2, 0]	122.93246230400737	[7.151823899304967, 5]
0.0	0	15.241172514295172	[1, 0]	117.67151233152109	[6.594676092507354, 5]
0.0	0	25.046496652430854	[2, 0]	138.85377287640284	[7.390757315208826, 5]
0.0	0	22.95478543520547	[1, 0]	93.89675865532186	[5.853739245122312, 5]
0.0	0	27.137926429380144	[2, 0]	165.09605052937195	[2.2251088766892395, 5]
0.0	0	40.46184208319461	[2, 0]	144.03643074762937	[2.1255759031069577, 5]
0.0	0	17.63517768318581	[2, 0]	103.71967564297678	[2.5991821155695245, 5]
0.0	0	48.033506606837754	[1, 0]	116.30093167238928	[6.733665732994121, 5]
0.0	0	47.94902365380459	[1, 0]	168.40839971173483	[3.660839775412995, 5]
0.0	0	37.8710560083678	[2, 0]	170.62842230587844	[6.593061221078897, 5]
0.0	0	44.16123889310106	[2, 0]	107.68939545125285	[5.284157102516449, 5]
0.0	0	42.24536112666048	[2, 0]	110.95310861855569	[5.78031135436113, 5]
0.0	0	23.809505950944903	[1, 0]	160.33384528793164	[3.336040860469292, 5]
0.0	0	46.70522083034369	[1, 0]	152.73898267918264	[7.623438987303284, 5]
0.0	0	19.321835412045747	[2, 0]	105.35023179554139	[5.749914902308084, 5]
0.0	0	48.55779520026378	[2, 0]	134.9253237133973	[6.943270839308363, 5]
0.0	0	23.43133654400038	[1, 0]	99.64561135977917	[4.751369581087896, 5]
0.0	0	27.677915003371904	[1, 0]	155.89810192230937	[5.820634495371011, 5]
0.0	0	33.781721355618416	[2, 0]	178.98571330134934	[3.8855329512265175, 5]
0.0	0	44.859920366436334	[1, 0]	174.85425773987532	[5.359127148403018, 5]
0.0	0	22.00371837508228	[2, 0]	93.57166349357	[7.281226795972162, 5]
0.0	0	28.446338668570487	[2, 0]	102.43402917668936	[4.762638541128615, 5]
0.0	0	14.31291503594948	[1, 0]	168.32427964413705	[2.2054560935208944, 5]
0.0	0	48.10668543335861	[1, 0]	127.1132569277816	[5.952178098073517, 5]
0.0	0	26.60302823979854	[2, 0]	149.1376652466681	[2.4948030978715408, 5]
0.0	0	34.324032616557865	[2, 0]	165.81110744460824	[4.160344744513391, 5]
0.0	0	46.67774919809931	[2, 0]	143.1777076654012	[4.7242955620756755, 5]
0.0	0	30.61838155652435	[2, 0]	136.2714488743763	[3.3208601747309934, 5]
0.0	0	15.078296197210717	[2, 0]	133.13052972376104	[4.803661746379327, 5]
0.0	0	28.651991160926883	[1, 0]	97.09764498443297	[6.961191498885877, 5]
0.0	0	30.648281136488272	[2, 0]	101.12039042274944	[3.689697423312852, 5]
0.0	0	41.15061404097579	[2, 0]	151.89537310938243	[1.483473399100904, 5]
0.0	0	21.80323994799259	[2, 0]	138.39371981977342	[3.4704073479751587, 5]
0.0	0	44.0993913655701	[2, 0]	137.76016757637257	[8.132730887625303, 5]
0.0	0	12.289964174449198	[2, 0]	104.67855691072944	[3.447814439803101, 5]
0.0	0	35.22414336764041	[1, 0]	138.70005877450882	[2.935164907302975, 5]
0.0	0	16.6987572500051	[2, 0]	134.9073700950867	[8.261936623972783, 5]
0.0	0	44.25257050214894	[1, 0]	101.4609947535834	[3.0794748497019127, 5]
0.0	0	47.11270814294109	[1, 0]	96.28292509810409	[6.456370757482117, 5]
0.0	0	20.111809539420662	[1, 0]	161.39054107691123	[7.323220308517986, 5]
0.0	0	49.502107712063946	[1, 0]	90.38098805509178	[5.826257277298316, 5]
0.0	0	30.38912249352574	[1, 0]	144.0481650791765	[3.327286042547717, 5]
0.0	0	21.23815171884687	[2, 0]	109.98543971194711	[5.505780387222604, 5]
0.0	0	25.502253148468068	[2, 0]	177.95635592499545	[6.123014265852799, 5]
0.0	0	19.123014363836845	[1, 0]	166.65687966347028	[1.8401349018946034, 5]
0.0	0	38.36604350100498	[2, 0]	122.31247947172777	[1.83129840783888, 5]
0.0	0	20.807925089638815	[2, 0]	92.63172952106514	[8.332586296525312, 5]
0.0	0	12.114126308212764	[2, 0]	100.37466771744691	[7.0464635767754595, 5]
0.0	0	45.5693364358842	[2, 0]	127.59669063106091	[2.095307816185624, 5]
0.0	0	37.95068970642376	[2, 0]	114.48658014276043	[2.7090056050045104, 5]
0.0	0	20.977115796030414	[1, 0]	105.51135071241542	[2.364710059237623, 5]
0.0	0	30.497673404595947	[2, 0]	91.81454985448583	[2.2226370652846303, 5]
0.0	0	34.48606556193865	[1, 0]	161.68208722492517	[4.271354769607783, 5]
0.0	0	33.62749659966577	[1, 0]	107.6337071444752	[5.012210731600581, 5]
0.0	0	37.50686139369874	[2, 0]	165.7475635831018	[3.462778950651737, 5]
0.0	0	34.40663592117286	[1, 0]	137.8983552106457	[2.807354070641922, 5]
0.0	0	43.413954140498824	[1, 0]	164.05055688899847	[2.0516189715619064, 5]
0.0	0	14.676292155749007	[1, 0]	168.54338813482013	[1.860696597445388, 5]
0.0	0	48.54648735602106	[1, 0]	125.41018068878455	[7.98899578239001, 5]
0.0	0	44.32973883491185	[1, 0]	97.83783169915031	[5.043942213866433, 5]
0.0	0	21.356573825313294	[1, 0]	174.56910459325275	[7.917670333404993, 5]
0.0	0	48.40512746372652	[1, 0]	168.05221076004148	[8.057342941021547, 5]
0.0	0	25.86996980319558	[1, 0]	158.17317860103572	[2.968561960875264, 5]
0.0	0	39.79142360790963	[1, 0]	159.30396327727948	[5.484114696849667, 5]
0.0	0	35.78939718526777	[2, 0]	177.38359260421413	[4.141214677649533, 5]
0.0	0	16.842028048544716	[1, 0]	93.53262004354363	[2.595321052427466, 5]
0.0	0	40.72584509221165	[1, 0]	144.15582846594305	[3.5253015557054073, 5]
0.0	0	12.083611130364108	[1, 0]	171.3538902741099	[3.9207559596923867, 5]
0.0	0	43.49141219211399	[1, 0]	131.61743005360336	[4.5516331916469515, 5]
0.0	0	35.7942882396876	[2, 0]	151.57116404388324	[3.2863136044988055, 5]
0.0	0	32.55056839660518	[1, 0]	133.26259154759492	[7.588515866041337, 5]
0.0	0	27.252648073363975	[2, 0]	174.93296536725242	[4.475608480397103, 5]
0.0	0	16.37912351813182	[1, 0]	93.04376531514572	[5.582146674337795, 5]
0.0	0	13.558841887933152	[1, 0]	140.97666682904332	[5.998339839568459, 5]
0.0	0	37.014281422759915	[1, 0]	176.02008663820305	[5.386950033142868, 5]
0.0	0	31.733782608151625	[2, 0]	133.6676043712748	[7.048636539097043, 5]
0.0	0	38.752771623896805	[2, 0]	122.41792515598493	[3.227588971128508, 5]
0.0	0	15.52416884735472	[2, 0]	178.74985386696648	[6.398959209508534, 5]
0.0	0	38.87554032761136	[1, 0]	145.4709226641246	[7.638487564863988, 5]
0.0	0	33.00019102421873	[2, 0]	101.89006477499514	[5.988493969607534, 5]
0.0	0	17.57227062407589	[2, 0]	132.34015598962338	[4.399038297698153, 5]
0.0	0	29.79494181333719	[1, 0]	125.89717299059741	[7.934795068870315, 5]
0.0	0	41.879734279706426	[1, 0]	176.96751023789602	[6.081863010519254, 5]
0.0	0	10.717416808788407	[2, 0]	163.4849985780941	[7.633788037123847, 5]
0.0	0	21.810459873755406	[2, 0]	89.96372635520918	[7.276306380429541, 5]
0.0	0	15.248951054930584	[2, 0]	168.25047366242723	[2.6001508299945773, 5]
0.0	0	21.329107326630158	[2, 0]	123.57668986874454	[4.249420690226769, 5]
0.0	0	44.56945901652887	[1, 0]	100.78424947778561	[5.521092012086856, 5]
0.0	0	44.731641652844495	[1, 0]	125.05806486136518	[6.959430574919913, 5]
0.0	0	10.563866129706154	[2, 0]	149.22837125866354	[7.5401095901480755, 5]
0.0	0	15.102679319489196	[2, 0]	168.6800554429625	[6.083174511766054, 5]
0.0	0	23.32210064955221	[1, 0]	169.0671868069548	[7.662303394549061, 5]
0.0	0	27.743399525642054	[1, 0]	132.59884117336495	[3.24269723673206, 5]
0.0	0	14.119392706344993	[2, 0]	178.5185523213762	[3.8550265331576643, 5]
0.0	0	29.639557295031135	[1, 0]	148.58083575884442	[7.0647031992422775, 5]
0.0	0	32.31043653082757	[2, 0]	162.82122374689493	[7.506147639550415, 5]
0.0	0	47.26284587845184	[1, 0]	169.95240994927772	[2.157257750279198, 5]
0.0	0	47.6549299018338	[1, 0]	92.67271713631936	[2.2122873885394965, 5]
0.0	0	16.713372106527427	[1, 0]	96.73712606375497	[7.165469096637664, 5]
0.0	0	19.900668443753172	[2, 0]	120.64086356568086	[1.8445167752173959, 5]
0.0	0	30.079786268094875	[2, 0]	166.8282000579706	[1.8992800589674332, 5]
0.0	0	46.71923197357328	[2, 0]	89.28896175797037	[5.526111001197163, 5]
0.0	0	28.49716437183288	[2, 0]	97.15754997395187	[1.3914935063461205, 5]
0.0	0	49.96362805907558	[2, 0]	98.17933940958923	[8.3118714699488, 5]
0.0	0	20.82436205166194	[1, 0]	138.716763200927	[7.635955832347956, 5]
0.0	0	23.862302923922492	[2, 0]	99.80886702411527	[3.979232052621314, 5]
0.0	0	35.28809634766634	[2, 0]	142.61574883638096	[8.136512777989417, 5]
0.0	0	13.297531776851446	[1, 0]	106.34564978045957	[2.6246931235821624, 5]
0.0	0	18.64105534684804	[2, 0]	139.0544816564376	[4.2894680851368205, 5]
0.0	0	32.92667491808297	[2, 0]	113.39513620300866	[6.732535757146179, 5]
0.0	0	49.77093924296167	[2, 0]	151.21976449716988	[2.8116054291804886, 5]
0.0	0	33.27984205295376	[2, 0]	164.85410792132376	[1.579499719915465, 5]
0.0	0	26.785966975329497	[1, 0]	151.24199692722232	[3.679082701025202, 5]
0.0	0	38.47561124668562	[1, 0]	144.98530544694137	[7.184878617748916, 5]
0.0	0	38.01467925087883	[1, 0]	158.9892538130922	[7.393409225845267, 5]
0.0	0	37.9682127030469	[2, 0]	171.14941459256335	[2.5494312868315334, 5]
0.0	0	22.132668113277965	[1, 0]	116.43680179365391	[5.602861894669155, 5]
0.0	0	36.800391952864715	[2, 0]	160.64334397797967	[5.915153911912223, 5]
0.0	0	43.44433738176461	[1, 0]	120.7206365611053	[7.8081945946121, 5]
0.0	0	23.10420619723648	[1, 0]	162.26804633149823	[2.3226863502753887, 5]
0.0	0	37.694797935231406	[2, 0]	144.92876631237658	[4.4901806701951035, 5]
0.0	0	43.678228259485735	[1, 0]	150.7041736686171	[6.3448073006386805, 5]
0.0	0	23.709822465007015	[2, 0]	106.27692222125519	[1.946285630044085, 5]
0.0	0	39.59876373352177	[1, 0]	139.62678241784826	[1.8852265029471449, 5]
0.0	0	49.31866007266159	[1, 0]	136.82731119097986	[5.698022313106158, 5]
0.0	0	20.488683340514804	[2, 0]	174.2865183195403	[8.04815480481725, 5]
0.0	0	22.805991759711635	[2, 0]	168.26328009814551	[6.615384255405835, 5]
0.0	0	32.35785928762429	[2, 0]	154.56232369501316	[3.3890265948941205, 5]
0.0	0	26.637377368516578	[1, 0]	157.32187280074592	[2.156380741865376, 5]
0.0	0	21.81005863228247	[2, 0]	136.10931784672377	[6.701028201042084, 5]
0.0	0	25.437206456259148	[2, 0]	111.46213625096813	[4.035898797803243, 5]
0.0	0	39.41678278023737	[2, 0]	95.91492593663743	[7.207995844545513, 5]
0.0	0	11.886189178981413	[1, 0]	156.5954816374715	[1.392187162977936, 5]
0.0	0	17.76167529815779	[2, 0]	97.24421710433154	[5.797682364913086, 5]
0.0	0	21.61990534601162	[2, 0]	93.4292205156223	[3.7629066526282706, 5]
0.0	0	39.83632174487998	[2, 0]	148.31403578948516	[2.3340745390389017, 5]
0.0	0	31.199266174219602	[2, 0]	124.98578025839504	[7.0904766402109844, 5]
0.0	0	10.158415958562292	[1, 0]	131.6534588128454	[2.6304433127170865, 5]
0.0	0	11.927100255586952	[1, 0]	149.47857990471758	[2.850009050576174, 5]
0.0	0	13.787503582547703	[1, 0]	108.27403862962274	[5.811080705757231, 5]
0.0	0	25.57727690946974	[2, 0]	149.5472120607218	[5.361831352003749, 5]
0.0	0	22.314736808903028	[1, 0]	103.54718456225542	[1.8640617073421484, 5]
0.0	0	42.76532798717819	[1, 0]	116.95668972533755	[6.650472129321552, 5]
0.0	0	15.267473521727059	[1, 0]	96.77714384353075	[1.8333925833034053, 5]
0.0	0	29.924740046058254	[2, 0]	160.66194757362945	[5.112643603356305, 5]
0.0	0	45.661035989834986	[2, 0]	137.8283206583032	[1.8984583047686392, 5]
0.0	0	34.89070124626122	[1, 0]	135.31000436238736	[4.62886846918652, 5]
0.0	0	21.704809576553856	[2, 0]	96.95609554141558	[5.70987435294323, 5]
0.0	0	36.454850599818705	[2, 0]	171.33560872421629	[2.5312719037390936, 5]
0.0	0	33.3897777030688	[1, 0]	109.75966523424007	[2.8278823994435993, 5]
0.0	0	28.915967497779302	[2, 0]	168.042929192989	[6.257976219040922, 5]
0.0	0	40.723896190572574	[2, 0]	150.72640747665073	[2.6279396040323, 5]
0.0	0	36.018024663510744	[1, 0]	150.42559665685377	[6.203035786497192, 5]
0.0	0	48.21918809066379	[1, 0]	141.98925223242935	[7.599076110956183, 5]
0.0	0	42.504501799315506	[1, 0]	100.43074999225902	[1.714566642828089, 5]
0.0	0	26.784462753418406	[1, 0]	171.36765115154083	[4.886211857201547, 5]
0.0	0	27.827356134961885	[1, 0]	155.9197088090727	[6.201182812018265, 5]
0.0	0	30.68261162540436	[1, 0]	99.93040551719656	[6.064026862851223, 5]
0.0	0	26.036244576008137	[1, 0]	119.47650963361352	[5.370824451592776, 5]
0.0	0	26.83043968371368	[2, 0]	168.458119041271	[6.287941780297323, 5]
0.0	0	32.37715613582243	[1, 0]	168.39918827129048	[4.7250791868280375, 5]
0.0	0	44.1427420057811	[1, 0]	105.66726170888437	[2.8035051857084485, 5]
0.0	0	14.601941922121378	[2, 0]	129.2466810278365	[1.9028082317826318, 5]
0.0	0	23.601218261689464	[2, 0]	133.9404082662566	[1.7516112216424118, 5]
0.0	0	27.134166137318907	[2, 0]	140.17896083105276	[2.658874181708709, 5]
0.0	0	11.910054234763205	[1, 0]	173.7744869942368	[1.6788460595101713, 5]
0.0	0	27.876634480810626	[2, 0]	102.84620045033742	[2.910527721708111, 5]
0.0	0	40.010948790644555	[1, 0]	161.60500639412302	[8.28127799639997, 5]
0.0	0	39.580145837333475	[1, 0]	114.82053654260622	[6.487276208594216, 5]
0.0	0	43.72781891646376	[2, 0]	109.79031581187375	[3.7782026716682684, 5]
0.0	0	36.931571249312846	[2, 0]	131.1369422966619	[8.181769288555316, 5]
0.0	0	30.63836805021467	[1, 0]	168.13262680572905	[4.543655728634752, 5]
0.0	0	28.077078257591403	[2, 0]	176.11770217612656	[6.237511171384557, 5]
0.0	0	39.654063470296315	[1, 0]	139.2197476102457	[3.571998134968227, 5]
0.0	0	41.23477953797398	[1, 0]	113.25623394397377	[7.690481468014453, 5]
0.0	0	49.377720850330334	[2, 0]	106.60250942572179	[3.739389085993092, 5]
0.0	0	30.3196599284139	[2, 0]	140.82078911027915	[2.191374271999262, 5]
0.0	0	31.322636554702655	[1, 0]	168.51455632284942	[7.937464190410106, 5]
0.0	0	15.215126248542429	[1, 0]	130.65888401661903	[4.623874488377245, 5]
0.0	0	48.152169914744334	[1, 0]	102.47883921303774	[1.7427994111408025, 5]
0.0	0	45.16280170605111	[2, 0]	141.03780442579992	[7.793397470890518, 5]
0.0	0	46.402953266062305	[1, 0]	139.79118952652556	[7.068535069708436, 5]
0.0	0	47.327191942487275	[2, 0]	140.2858162605528	[8.040138802060932, 5]
0.0	0	41.09239866169838	[1, 0]	135.8444682188177	[3.3635821536054364, 5]
0.0	0	40.71776858384977	[1, 0]	166.60406045645578	[2.618246915105383, 5]
0.0	0	14.092068738134058	[2, 0]	151.50574537122986	[3.0579500588489448, 5]
0.0	0	13.760003851562711	[2, 0]	90.54015791448242	[4.879608435515521, 5]
0.0	0	28.39507787026359	[2, 0]	98.4550701074985	[6.8389934159240395, 5]
0.0	0	17.503874390438	[1, 0]	94.57034517240413	[7.90693155989043, 5]
0.0	0	17.115893117021823	[2, 0]	107.31321552191149	[2.9251071103118327, 5]
0.0	0	31.39129848864559	[2, 0]	143.90152755456896	[7.424032278622232, 5]
0.0	0	21.773283090617607	[2, 0]	130.94996602761768	[8.19965068075921, 5]
0.0	0	26.83576013912127	[1, 0]	168.28437430178556	[3.8438975118446694, 5]
0.0	0	23.01451683118669	[1, 0]	139.32383083582243	[4.761338268355473, 5]
0.0	0	41.12397814489512	[2, 0]	131.6521926713488	[5.779761215763969, 5]
0.0	0	32.50011474312791	[1, 0]	105.13872913680956	[6.112710779845921, 5]
0.0	0	39.46691356573744	[2, 0]	97.32896421562202	[4.191990870800097, 5]
0.0	0	27.316985606509295	[2, 0]	137.35387108339518	[7.459426361818522, 5]
0.0	0	44.57327247476711	[1, 0]	99.22174621363784	[5.0338036659205745, 5]
0.0	0	30.84792628679994	[1, 0]	130.5572730626344	[6.060486879274902, 5]
0.0	0	24.623107042312675	[1, 0]	115.51622384235557	[6.7898247721823894, 5]
0.0	0	11.644377718999804	[1, 0]	138.01222474327295	[4.999964743410761, 5]
0.0	0	32.71804280359228	[1, 0]	154.7823589621878	[5.604686148467886, 5]
0.0	0	24.521344074141712	[2, 0]	139.98469889397535	[3.4680632782957717, 5]
0.0	0	35.21177817568551	[1, 0]	154.9154600519685	[1.4307203033475235, 5]
0.0	0	43.15567121143248	[2, 0]	138.94708745238557	[6.40299310866964, 5]
0.0	0	45.20395469844105	[2, 0]	94.44330344526132	[7.919196992238138, 5]
0.0	0	46.19821904145826	[2, 0]	146.37508581676693	[7.2241899630513995, 5]
0.0	0	43.921291052874594	[2, 0]	167.74828989526935	[8.094112609152514, 5]
0.0	0	28.69725927950507	[1, 0]	137.17697554582006	[4.871025927499399, 5]
0.0	0	22.43857460737452	[1, 0]	94.35994442105685	[7.267883613725613, 5]
0.0	0	45.186423575476816	[1, 0]	114.15028135045112	[2.670031155797342, 5]
0.0	0	27.605763946254985	[1, 0]	134.49647451627405	[3.707856725806746, 5]
0.0	0	45.65460194789314	[1, 0]	94.55776381734486	[3.596052200968993, 5]
0.0	0	21.256430691740213	[1, 0]	166.30121526603537	[1.556670949671745, 5]
0.0	0	30.595058512808702	[2, 0]	97.25462048728532	[4.1825846952025945, 5]
0.0	0	32.199696122736384	[2, 0]	119.44624847828521	[6.9496805496023635, 5]
0.0	0	27.844428427055036	[2, 0]	91.93725730061361	[4.0118029353967035, 5]
0.0	0	14.87234746646349	[2, 0]	101.2473107964252	[3.3818501541113104, 5]
0.0	0	13.537751170740812	[2, 0]	90.89261516519655	[1.8898039223618748, 5]
0.0	0	22.095155336732773	[2, 0]	107.43192017989702	[4.397765321724342, 5]
0.0	0	41.97133451786075	[2, 0]	105.33270000736341	[5.723515362287385, 5]
0.0	0	13.757474481119019	[1, 0]	159.44677087151138	[4.604427624730629, 5]
0.0	0	10.245508078186823	[2, 0]	100.1042659892199	[2.2846272876577927, 5]
0.0	0	30.413774452108235	[1, 0]	156.11811854354517	[4.927516123429754, 5]
0.0	0	26.289689658946987	[2, 0]	122.38967721157579	[3.9914916717459072, 5]
0.0	0	33.39862229663557	[1, 0]	115.98328595840485	[6.740911630289919, 5]
0.0	0	29.37174079414108	[2, 0]	173.99716979103115	[4.093415958649905, 5]
0.0	0	30.408927118031468	[1, 0]	115.04422660748364	[3.161137590071081, 5]
0.0	0	21.52550289490325	[1, 0]	89.95832901223488	[3.1238718407175825, 5]
0.0	0	45.67951123356962	[2, 0]	173.07208601726137	[4.291806372952536, 5]
0.0	0	28.639385577496324	[1, 0]	170.99459847763657	[2.162209726943262, 5]
0.0	0	23.44557033473803	[2, 0]	124.5282567453726	[2.4835077689377214, 5]
0.0	0	45.86956301795422	[1, 0]	138.4039111086623	[1.5103822497258275, 5]
0.0	0	13.225346974248962	[2, 0]	122.04947889391622	[7.454657332388324, 5]
0.0	0	11.962400718848528	[1, 0]	120.43498779153173	[3.687276406686813, 5]
0.0	0	25.404274044516395	[2, 0]	145.2051064803249	[7.427062204608047, 5]
0.0	0	16.590770445747324	[2, 0]	156.75306953462035	[3.5551777557885207, 5]
0.0	0	34.77057563971642	[2, 0]	174.94397347707627	[6.570600763420734, 5]
0.0	0	27.45211887617998	[2, 0]	116.9103355351258	[5.077957480836199, 5]
0.0	0	35.23911246984153	[2, 0]	161.59754801137714	[1.564236336199303, 5]
0.0	0	28.710633327869825	[2, 0]	146.05698565045762	[8.06297422015423, 5]
0.0	0	17.76535344672593	[2, 0]	154.23925347042012	[4.120676511467114, 5]
0.0	0	26.586455463532715	[1, 0]	97.3525396060734	[5.121343081556452, 5]
0.0	0	22.191956923905177	[2, 0]	97.46400062882512	[5.534278477870149, 5]
0.0	0	16.94954757431113	[2, 0]	127.7857762607571	[2.5796952458072564, 5]
0.0	0	18.147675952448786	[1, 0]	107.22143621272178	[5.977890484146919, 5]
0.0	0	45.236533653211616	[2, 0]	98.82507136959873	[4.689185270585227, 5]
0.0	0	26.43984766169858	[2, 0]	133.61245194696207	[7.694514724686585, 5]
0.0	0	44.84246880747642	[1, 0]	173.36762967050066	[2.7987706412100324, 5]
0.0	0	35.85025958980385	[1, 0]	101.24594946968503	[7.16415622863733, 5]
0.0	0	32.7429543990231	[1, 0]	137.48689506916344	[5.630797514777751, 5]
0.0	0	21.294513771642475	[2, 0]	103.54213942640362	[2.5092018259915623, 5]
0.0	0	41.79429088801224	[1, 0]	141.5351537336207	[2.5145509793121947, 5]
0.0	0	13.044695304410567	[1, 0]	150.9568696462614	[7.876622791105753, 5]
0.0	0	10.261448271871851	[1, 0]	105.15737117665667	[7.55636910844483, 5]
0.0	0	30.331061369558864	[2, 0]	93.1050611471799	[6.877231672455665, 5]
0.0	0	18.018544751444768	[2, 0]	123.84765460657238	[4.101321418574633, 5]
0.0	0	39.5036084151457	[2, 0]	165.16963023561271	[1.8475158414552941, 5]
0.0	0	40.367328998766126	[1, 0]	101.48064556450623	[1.6332269443157117, 5]
0.0	0	49.29293613350493	[2, 0]	160.24039520232984	[7.250271136490692, 5]
0.0	0	31.301166783357377	[2, 0]	120.21346933142094	[2.949602846291614, 5]
0.0	0	47.77583714311287	[1, 0]	165.77057994929658	[1.4197564933967501, 5]
0.0	0	20.15831932240459	[2, 0]	174.0574175580999	[5.429008624120248, 5]
0.0	0	40.25239909612314	[1, 0]	106.78789518540277	[4.057425987986361, 5]
0.0	0	16.685198734800895	[2, 0]	165.2642438509737	[7.447331078663666, 5]
0.0	0	20.110429460923964	[1, 0]	166.89571076989364	[2.02567800406193, 5]
0.0	0	20.637424182756416	[1, 0]	94.21037321423121	[2.8864370366732706, 5]
0.0	0	38.53496966416175	[2, 0]	170.3128840031435	[5.0014787054383145, 5]
0.0	0	38.08872189898776	[2, 0]	143.09005603336973	[8.32369835347799, 5]
0.0	0	13.298326176192036	[2, 0]	118.62637209219845	[2.0128229646993527, 5]
0.0	0	43.189232107376576	[2, 0]	158.60721291398644	[3.60902390545159, 5]
0.0	0	26.73977682667003	[1, 0]	99.45148581600523	[7.642950548542676, 5]
0.0	0	20.50780051570312	[1, 0]	165.30491298398744	[3.538408320113994, 5]
0.0	0	25.925368897902743	[1, 0]	134.8151918236258	[7.7044724385047125, 5]
0.0	0	35.60900692289955	[2, 0]	157.7644720026684	[4.5045725045576095, 5]
0.0	0	38.90370783585807	[2, 0]	116.73266114247471	[1.5356750085437096, 5]
0.0	0	12.397200323493143	[1, 0]	158.8876518493683	[6.747750331500623, 5]
0.0	0	23.80219951687038	[2, 0]	173.37702414161035	[2.927732902109721, 5]
0.0	0	11.416793494274982	[2, 0]	123.9908071841118	[3.6748189693745275, 5]
0.0	0	29.451742045686597	[1, 0]	167.05497225816924	[4.272499421266657, 5]
0.0	0	11.488702428890726	[2, 0]	103.18819044518612	[6.133736068361585, 5]
0.0	0	45.67838158425339	[1, 0]	150.9999965007936	[6.255806114023245, 5]
0.0	0	48.6191188713097	[1, 0]	110.94824665511287	[5.630083872657759, 5]
0.0	0	21.951849171385042	[2, 0]	144.19275488276222	[5.238064469299727, 5]
0.0	0	39.87225245301521	[2, 0]	142.8510150262931	[2.2459239302062612, 5]
0.0	0	27.993638165319247	[1, 0]	132.16299364077355	[3.3535596597892945, 5]
0.0	0	48.83586476187381	[1, 0]	92.11086396002264	[4.3412692586281505, 5]
0.0	0	47.043394756762545	[2, 0]	169.76613458238813	[4.8559263769320085, 5]
0.0	0	27.19262174258837	[2, 0]	162.93494040647744	[4.074216543425412, 5]
0.0	0	32.164056126126795	[1, 0]	99.11331333722332	[2.1271870024648702, 5]
0.0	0	39.03543669642893	[1, 0]	150.80659957888247	[3.468954306708833, 5]
0.0	0	25.02329279183239	[2, 0]	166.7281617573018	[2.03761604414387, 5]
0.0	0	32.9856644864114	[2, 0]	145.47306269002144	[4.288575813055273, 5]
0.0	0	32.65053559099906	[2, 0]	99.31059737809541	[5.496024120958164, 5]
0.0	0	37.856942952418635	[1, 0]	133.7591112483546	[2.2365107318141253, 5]
0.0	0	26.708066440675857	[2, 0]	165.30019832338803	[4.8133550573190655, 5]
0.0	0	21.81827805998775	[2, 0]	159.75440441986194	[5.221031318680919, 5]
0.0	0	33.25219345715629	[1, 0]	166.4128385178961	[6.409155029597738, 5]
0.0	0	37.46201150598079	[2, 0]	117.12067228341722	[3.402053519125553, 5]
0.0	0	20.76082085120039	[2, 0]	153.79720570701676	[6.693225334585802, 5]
0.0	0	15.2954042874429	[2, 0]	151.90797903097533	[2.9371825322337775, 5]
0.0	0	48.14880900679669	[1, 0]	174.69255315633808	[4.456251021071347, 5]
0.0	0	44.18817260858875	[2, 0]	149.07794568012886	[8.264414402345292, 5]
0.0	0	21.899268444053668	[1, 0]	111.39984475423319	[7.144329454507731, 5]
0.0	0	21.13181013782597	[2, 0]	128.50038374126456	[2.3477215636368376, 5]
0.0	0	34.827199325916844	[1, 0]	115.5972116364774	[5.491484489733121, 5]
0.0	0	16.963464439951487	[2, 0]	109.54320128354985	[5.656616975409546, 5]
0.0	0	29.784003386590076	[2, 0]	169.0630837100458	[5.272371884602607, 5]
0.0	0	28.763068665242024	[1, 0]	90.07353263314928	[7.0745855028879925, 5]
0.0	0	42.18880648489441	[1, 0]	149.4188716487788	[4.203422198960137, 5]
0.0	0	44.96512483442731	[1, 0]	132.55069630521243	[2.466724388605786, 5]
0.0	0	11.278097672470038	[2, 0]	144.0466321466102	[2.714639605440208, 5]
0.0	0	38.910132965363026	[2, 0]	171.21147460697944	[3.218828836551729, 5]
0.0	0	47.89036795466885	[2, 0]	138.92549374156653	[4.856458949047916, 5]
0.0	0	28.57084969975558	[2, 0]	89.30386482182439	[6.466802284855901, 5]
0.0	0	19.698223974194597	[1, 0]	99.10320199213388	[3.157211916056676, 5]
0.0	0	14.289323609567752	[2, 0]	116.74929740348703	[5.597353841869549, 5]
0.0	0	12.311102512272551	[1, 0]	168.9537655541582	[2.969628102345816, 5]
0.0	0	31.397467626488	[1, 0]	123.50897318824791	[5.543639131823787, 5]
0.0	0	16.795054094535935	[2, 0]	160.0201258162794	[3.021620862556411, 5]
0.0	0	43.52298770261632	[1, 0]	176.32258305086236	[5.012488088658977, 5]
0.0	0	46.39898711010363	[1, 0]	177.00166482705862	[1.8910280050989046, 5]
0.0	0	24.298090186799378	[2, 0]	96.64300457130625	[3.3416914541021683, 5]
0.0	0	34.871878189788994	[1, 0]	110.440156835487	[2.326990688726902, 5]
0.0	0	41.116505326185134	[1, 0]	140.65203325442405	[6.242844998085552, 5]
0.0	0	36.936712672364834	[1, 0]	124.39435160767016	[4.450383613112249, 5]
0.0	0	45.93456602276178	[1, 0]	172.04514564467559	[6.529648348275096, 5]
0.0	0	21.304988137010948	[2, 0]	89.42449069031004	[3.949417231847756, 5]
0.0	0	34.634468821321946	[1, 0]	116.63101254344367	[3.0699726083840275, 5]
0.0	0	39.02623138394429	[2, 0]	99.02041857979283	[2.809925332862061, 5]
0.0	0	46.43167651791762	[1, 0]	115.91071093896501	[5.559493072200826, 5]
0.0	0	14.928729313492113	[2, 0]	170.590698851232	[5.747654994241054, 5]
0.0	0	12.869007302961762	[1, 0]	111.12342652552968	[5.504727237474178, 5]
0.0	0	29.580136303543743	[1, 0]	95.53233282762105	[3.126906697427305, 5]
0.0	0	12.064050165033034	[1, 0]	157.8461439608738	[4.772495175739696, 5]
0.0	0	22.436315134182923	[2, 0]	158.51769585667392	[4.747824725480017, 5]
0.0	0	36.74862248913026	[2, 0]	141.61902211786523	[6.841536865154382, 5]
0.0	0	23.194385575310715	[2, 0]	172.68714311110662	[7.945677016474299, 5]
0.0	0	34.68479262059344	[2, 0]	172.32101489018186	[1.4760144958609345, 5]
0.0	0	38.10558825807831	[1, 0]	117.06346223052819	[6.771550887813387, 5]
0.0	0	33.88738817161776	[1, 0]	139.67973740710403	[7.066916750795181, 5]
0.0	0	34.06247148843663	[2, 0]	104.02009336373949	[4.971082494959686, 5]
0.0	0	16.941677275043006	[2, 0]	90.26352103717355	[5.4326013144237955, 5]
0.0	0	49.04675884615095	[1, 0]	153.7594419645069	[2.0640340914182045, 5]
0.0	0	23.214270218556255	[2, 0]	102.29132081844169	[8.019754813333117, 5]
0.0	0	15.147339400784096	[1, 0]	99.27809915684085	[1.9126950000963403, 5]
0.0	0	19.13944189945658	[1, 0]	125.07418825698875	[6.190633795921805, 5]
0.0	0	49.86546467433893	[1, 0]	134.4041856543612	[4.997406660075385, 5]
0.0	0	35.78833896777345	[1, 0]	113.1554074142422	[4.518479523710023, 5]
0.0	0	40.358176507632784	[1, 0]	136.33859525507458	[2.573786324931892, 5]
0.0	0	25.992459798749888	[2, 0]	132.39175252958194	[7.059124561852837, 5]
0.0	0	31.560944732390972	[2, 0]	164.25420292982466	[4.653973320854584, 5]
0.0	0	36.803476463204696	[2, 0]	95.208071259346	[5.120463730594459, 5]
0.0	0	12.708113486695561	[2, 0]	176.4462592380977	[4.498821519013316, 5]
0.0	0	37.709142747400094	[2, 0]	144.4374550040675	[6.0613891640938835, 5]
0.0	0	17.58493636761026	[2, 0]	91.50720387513512	[5.319219082400223, 5]
0.0	0	22.898937971674975	[1, 0]	108.22611723247323	[1.5589573066218523, 5]
0.0	0	27.704156575711785	[2, 0]	114.03532943139086	[7.065547012973563, 5]
0.0	0	38.105551675849995	[2, 0]	109.84457102264535	[7.302968973180733, 5]
0.0	0	13.814741317328197	[1, 0]	95.3970980305937	[5.306193022241208, 5]
0.0	0	47.48229341607263	[2, 0]	178.89445177919927	[1.5948257631060272, 5]
0.0	0	20.451788900426656	[1, 0]	102.41166725542396	[4.655585541497542, 5]
0.0	0	44.83220246127187	[1, 0]	122.95458618725158	[7.834144772840161, 5]
0.0	0	20.37719017569527	[1, 0]	112.56848545844304	[2.3568141948373347, 5]
0.0	0	32.207899597432785	[2, 0]	168.1405193731481	[4.760525855732473, 5]
0.0	0	11.135094204436955	[1, 0]	175.8093918475887	[1.436566004112879, 5]
0.0	0	32.67972950904655	[2, 0]	168.79883593285157	[4.518827123504541, 5]
0.0	0	42.86157710627969	[1, 0]	171.37035514937486	[7.191580128516767, 5]
0.0	0	36.994747238379986	[1, 0]	123.59655394506638	[6.744652550898003, 5]
0.0	0	31.722687516615334	[2, 0]	95.02393462117425	[2.354179514135723, 5]
0.0	0	33.94625048434732	[1, 0]	161.5002610523948	[7.5428214504952455, 5]
0.0	0	26.927529479620578	[2, 0]	95.65630368980072	[3.831897211349735, 5]
0.0	0	18.822486480465514	[2, 0]	159.8674467603287	[3.506566007671629, 5]
0.0	0	35.50741525781747	[2, 0]	167.17981455467623	[4.399994656798072, 5]
0.0	0	15.530437468393032	[2, 0]	127.46373144001103	[6.51804185118835, 5]
0.0	0	48.85071344575014	[1, 0]	121.09918733173075	[6.631748414808758, 5]
0.0	0	34.2372808601939	[1, 0]	108.22701116362975	[3.2699665960377415, 5]
0.0	0	39.74287026084678	[1, 0]	127.17491233028397	[5.980696636753469, 5]
0.0	0	11.600922068475617	[1, 0]	157.7386002398134	[6.498649380912812, 5]
0.0	0	10.09695146569322	[2, 0]	100.80181098533797	[3.114255624546283, 5]
0.0	0	24.7486642188214	[2, 0]	162.31172744196272	[5.229662460283863, 5]
0.0	0	43.78885278713766	[2, 0]	114.11112368533477	[4.226810399191718, 5]
0.0	0	28.568787169117318	[2, 0]	113.30824460194674	[4.129338307486758, 5]
0.0	0	29.845041909568003	[2, 0]	145.5852880314286	[7.908641073512724, 5]
0.0	0	35.03688755105997	[1, 0]	124.88897384230035	[4.377399598674799, 5]
0.0	0	18.41882200001919	[1, 0]	153.49214806928404	[2.0918127910978943, 5]
0.0	0	19.61797415091515	[2, 0]	145.9729934236911	[1.6381724251229222, 5]
0.0	0	42.02470206278289	[1, 0]	166.46423484050842	[5.809176619120863, 5]
0.0	0	22.87068491601037	[2, 0]	129.1748276527812	[2.0235906557972436, 5]
0.0	0	43.27593278685323	[2, 0]	126.17809274459177	[3.994031722240252, 5]
0.0	0	18.86220476225017	[2, 0]	136.72740210602723	[5.071824956376718, 5]
0.0	0	16.409760177362223	[1, 0]	92.4446428286167	[8.178581241940371, 5]
0.0	0	16.98645522536158	[2, 0]	90.90181882593014	[3.102023927158697, 5]
0.0	0	15.542673497304307	[1, 0]	154.49026089776405	[4.406160069729444, 5]
0.0	0	26.963786676489242	[2, 0]	174.1465258884097	[2.1619277417506986, 5]
0.0	0	36.25122986914887	[2, 0]	123.22561830218032	[8.111126744644219, 5]
0.0	0	19.52126605835934	[2, 0]	131.98100753396955	[4.834427021026927, 5]
0.0	0	47.502845930863366	[2, 0]	165.59796937833386	[7.047061617628851, 5]
0.0	0	30.578102113766725	[2, 0]	142.55210913994262	[4.89439310262625, 5]
0.0	0	32.365405197386096	[2, 0]	178.39816163127682	[5.093237105019521, 5]
0.0	0	32.36412916377777	[2, 0]	170.1400972211418	[3.5413873925440416, 5]
0.0	0	33.209633981000074	[2, 0]	126.76046373131138	[7.625612184490308, 5]
0.0	0	13.892137716077297	[1, 0]	98.37760018720068	[1.752775419332577, 5]
0.0	0	32.06087642829025	[2, 0]	155.3101956610305	[8.119536188830827, 5]
0.0	0	15.318910107534506	[2, 0]	147.40038655627993	[3.837541648215378, 5]
0.0	0	13.584445122236005	[2, 0]	145.15621540703	[7.5647725810622495, 5]
0.0	0	23.571632731156097	[1, 0]	117.84218919998156	[5.940633539576913, 5]
0.0	0	40.73673979500321	[2, 0]	135.5009661288817	[7.830193520028203, 5]
0.0	0	20.623456318806184	[2, 0]	107.81184804276214	[2.449354889371016, 5]
0.0	0	25.210568602661873	[2, 0]	172.58802012587304	[7.961106174697008, 5]
0.0	0	45.92957803833662	[2, 0]	115.4527028850035	[5.49993277057365, 5]
0.0	0	34.53957949459526	[1, 0]	124.45115849420696	[6.735567738018361, 5]
0.0	0	21.59273597095149	[2, 0]	103.97353192641226	[4.684038151939572, 5]
0.0	0	45.50068181102108	[1, 0]	89.4625858357903	[5.874635828052147, 5]
0.0	0	47.893253094987635	[1, 0]	155.72228521050175	[8.198994113880644, 5]
0.0	0	28.38815480991209	[1, 0]	118.0521995774703	[8.103081200971538, 5]
0.0	0	26.99272740868809	[2, 0]	120.93863976644671	[4.775433518349848, 5]
0.0	0	13.470058585632678	[2, 0]	153.192038461958	[2.818550979612853, 5]
0.0	0	32.09326611974192	[2, 0]	125.89428318666057	[5.044857697048673, 5]
0.0	0	38.672627528455465	[1, 0]	144.3506200002214	[4.893072648147191, 5]
0.0	0	49.29207397136512	[2, 0]	147.42969516234052	[3.670532010413845, 5]
0.0	0	38.4647349685239	[1, 0]	131.97200956457607	[6.317430432105612, 5]
0.0	0	37.17622236877774	[2, 0]	112.51543527003233	[7.244073926234544, 5]
0.0	0	42.61331202531816	[2, 0]	166.13316161522113	[5.639957765727136, 5]
0.0	0	28.619461572874233	[2, 0]	145.05151087997388	[4.771274009459417, 5]
0.0	0	41.99421909326132	[1, 0]	132.1414464989436	[8.18813075676053, 5]
0.0	0	17.87135883276718	[1, 0]	129.6082888092638	[5.785056207438841, 5]
0.0	0	12.391847042188733	[1, 0]	89.02878031435267	[2.9883709739966315, 5]
0.0	0	14.900671746346498	[2, 0]	172.56322877960537	[2.400117639785489, 5]
0.0	0	25.78051444794903	[1, 0]	109.93716213875513	[3.2559167186936584, 5]
0.0	0	24.522401242358026	[2, 0]	162.54983573982867	[1.7674625932189056, 5]
0.0	0	42.09366416628971	[1, 0]	106.47861332624868	[3.544056694424886, 5]
0.0	0	48.43361106788648	[2, 0]	131.86949295017496	[3.3330830346106284, 5]
0.0	0	23.990461898858907	[1, 0]	127.73053441869115	[2.6448905448209628, 5]
0.0	0	15.327428038197956	[1, 0]	151.08480475522208	[7.508355472209099, 5]
0.0	0	10.531626292332536	[2, 0]	121.67641173153493	[2.1589822528294627, 5]
0.0	0	47.72554912601201	[2, 0]	101.38983931512644	[1.4250618144310452, 5]
0.0	0	18.734227209168573	[1, 0]	132.3022430403223	[7.869296390011164, 5]
0.0	0	22.56995765548779	[2, 0]	149.91029673090134	[8.02097816517763, 5]
0.0	0	35.69160827111989	[1, 0]	109.24147102556103	[7.033816669270446, 5]
0.0	0	29.161221823573964	[2, 0]	126.91698015295938	[8.088567134917955, 5]
0.0	0	49.1159082124746	[2, 0]	134.5140417997766	[1.6640855685968086, 5]
0.0	0	48.06136699570744	[1, 0]	168.67891285536228	[7.177687025623812, 5]
0.0	0	18.585234505805506	[1, 0]	115.80210500320102	[6.420289557682138, 5]
0.0	0	38.76698614320438	[2, 0]	101.3038001400739	[1.6085494360597496, 5]
0.0	0	25.204024873407334	[2, 0]	137.5121498661817	[6.00267580193282, 5]
0.0	0	27.62180419179833	[2, 0]	147.7441237364567	[4.165419403916268, 5]
0.0	0	25.804032758340938	[2, 0]	166.86928648017528	[4.817985500059323, 5]
0.0	0	44.039696954382606	[1, 0]	158.71480175219386	[4.817449732568148, 5]
0.0	0	44.68069913219114	[1, 0]	110.83192474396189	[4.244462492074211, 5]
0.0	0	14.116101143375209	[1, 0]	149.80867175292943	[2.3851330821151455, 5]
0.0	0	13.998240978279933	[1, 0]	149.32118798907564	[2.7901653268471214, 5]
0.0	0	20.057572072110503	[2, 0]	119.3628056706433	[8.328775539828444, 5]
0.0	0	37.524786776121104	[2, 0]	157.96495152395568	[4.82121788708741, 5]
0.0	0	30.45371089959315	[2, 0]	169.15398840487734	[7.19325955417401, 5]
0.0	0	43.864444549386896	[2, 0]	121.34033330779152	[4.090653401078753, 5]
0.0	0	11.633242722510936	[1, 0]	104.32157718146549	[5.822397753616911, 5]
0.0	0	24.454790808380903	[2, 0]	139.69198099484666	[6.59850605709507, 5]
0.0	0	25.998495122787517	[2, 0]	108.75787759259735	[2.8319194454195826, 5]
0.0	0	36.99966983573902	[2, 0]	127.63437671553372	[5.761339414040636, 5]
0.0	0	15.676872213223556	[2, 0]	134.64540379941218	[1.5650772761839058, 5]
0.0	0	12.276416942189543	[1, 0]	151.83209746193373	[5.307847686546524, 5]
0.0	0	17.9142507652163	[1, 0]	144.19269455795566	[6.762605693767126, 5]
0.0	0	15.807974056581351	[2, 0]	133.86490534708386	[2.5025796010335917, 5]
0.0	0	28.408489572232817	[1, 0]	148.58478956136838	[6.972220441875339, 5]
0.0	0	26.651859572839772	[1, 0]	104.32861318590818	[1.5566586481256424, 5]
0.0	0	19.7622265500505	[2, 0]	139.35401731716135	[7.3673741427307045, 5]
0.0	0	16.146261545461442	[1, 0]	148.35085457634446	[4.169271347130749, 5]
0.0	0	20.93213816859572	[1, 0]	113.42101180788123	[2.883468740527408, 5]
0.0	0	26.422080299452087	[1, 0]	110.19868544800589	[6.179073921560375, 5]
0.0	0	31.752066142816084	[1, 0]	97.13169656139613	[3.62178116451436, 5]
0.0	0	45.25054839934348	[1, 0]	138.86872019484642	[6.051164871093378, 5]
0.0	0	36.15100053840562	[1, 0]	159.32980188253606	[6.489354833485151, 5]
0.0	0	18.440449396840233	[2, 0]	139.72164916990167	[1.5902949492952314, 5]
0.0	0	10.659263717392546	[2, 0]	174.95424429274192	[3.705730853277671, 5]
0.0	0	10.507658904844472	[2, 0]	108.00879269207263	[6.061636356513678, 5]
0.0	0	22.11682546465957	[1, 0]	148.29532551678165	[7.545408482282937, 5]
0.0	0	25.978394282628944	[1, 0]	91.63255483617804	[7.703385083102948, 5]
0.0	0	39.72560784666065	[1, 0]	171.3615606644671	[4.7810108968800735, 5]
0.0	0	15.140105164478689	[2, 0]	120.13188180955375	[2.9121963440582967, 5]
0.0	0	39.692156245317435	[1, 0]	104.84518253614664	[3.8084323586146995, 5]
0.0	0	32.986715860419864	[2, 0]	89.68228904128793	[8.216278970357472, 5]
0.0	0	12.709019269207753	[2, 0]	100.01760341367468	[6.742828934674647, 5]
0.0	0	26.098631435067535	[2, 0]	159.60623545590812	[6.811119883374007, 5]
0.0	0	41.6458585303969	[1, 0]	147.36395516932248	[1.8524784066377193, 5]
0.0	0	36.23009423898626	[1, 0]	123.98815455753581	[8.250620443780088, 5]
0.0	0	17.803798807749484	[2, 0]	112.19431693654613	[4.155358241872209, 5]
0.0	0	17.68493796199438	[1, 0]	171.7926443491766	[4.932921541832494, 5]
0.0	0	11.427357553436012	[1, 0]	122.76400927396051	[2.0944885083350866, 5]
0.0	0	47.59409104586756	[1, 0]	117.0452485491509	[5.146693658065052, 5]
0.0	0	12.561066589675391	[1, 0]	178.1507756792106	[6.961927694678278, 5]
0.0	0	46.24345054943651	[2, 0]	174.7222539648667	[1.6848375040892485, 5]
0.0	0	20.80045506853903	[1, 0]	173.0630290883541	[5.188372285735502, 5]
0.0	0	29.751558021465687	[2, 0]	115.47424578194995	[5.788996770192504, 5]
0.0	0	25.055526857668934	[1, 0]	128.8832138098058	[7.154986324588221, 5]
0.0	0	44.43742646108594	[2, 0]	94.99651281831842	[3.4372932808571113, 5]
0.0	0	19.511722319041674	[2, 0]	143.53013426661875	[2.0602357453107385, 5]
0.0	0	29.25517023292352	[1, 0]	116.94226949877947	[6.963368910216473, 5]
0.0	0	29.086199194995807	[1, 0]	143.07734730180778	[8.0689161324433, 5]
0.0	0	11.379454728301166	[1, 0]	105.06491455725981	[7.235607575151145, 5]
0.0	0	26.90404467366264	[1, 0]	110.3329567844592	[5.397197492802287, 5]
0.0	0	25.474631454127106	[1, 0]	123.3418820609264	[6.600792148658967, 5]
0.0	0	40.07341927221232	[2, 0]	114.88958046918569	[5.912001463715979, 5]
0.0	0	41.148004226343716	[2, 0]	137.6797449107624	[3.660531694490419, 5]
0.0	0	37.504178764555476	[1, 0]	95.6843738332841	[7.271325610426408, 5]
0.0	0	45.92838080760544	[1, 0]	101.74236355049769	[4.6699775520382865, 5]
0.0	0	35.040217901622206	[1, 0]	134.64012414028753	[8.102532943446787, 5]
0.0	0	26.85887513759329	[2, 0]	107.533627533697	[1.7459475991073166, 5]
0.0	0	35.407994445600174	[2, 0]	140.34062443391423	[5.442623222239806, 5]
0.0	0	22.94622180679191	[2, 0]	178.40761602508172	[5.461396277963999, 5]
0.0	0	34.595412810900754	[1, 0]	131.68257342254165	[1.5601451791865237, 5]
0.0	0	39.27642859721501	[1, 0]	109.33481492321422	[5.356720045022723, 5]
0.0	0	18.212571840730742	[2, 0]	141.99245996993687	[7.355476290131018, 5]
0.0	0	18.696670066979795	[1, 0]	149.7599032107148	[6.898174173066899, 5]
0.0	0	47.29785571519851	[1, 0]	150.2651723600849	[7.220417231335213, 5]
0.0	0	22.754428661766465	[2, 0]	172.7466434328955	[3.006064414596627, 5]
0.0	0	34.54677624549393	[1, 0]	161.92386134234576	[7.2627859739496445, 5]
0.0	0	40.68889854194246	[1, 0]	176.36766350354753	[3.4776064052293614, 5]
0.0	0	14.031701658509885	[2, 0]	155.26942319268053	[4.467568236989974, 5]
0.0	0	40.46811030643441	[1, 0]	160.12867762771572	[6.9274226610332565, 5]
0.0	0	31.30512964230154	[1, 0]	139.5389556389913	[2.923486264058564, 5]
0.0	0	23.980388193387615	[2, 0]	91.53902481733772	[6.413588321922208, 5]
0.0	0	32.81020227958983	[2, 0]	134.7075314740434	[5.0323597781783125, 5]
0.0	0	23.195763754103098	[2, 0]	89.83036231475887	[4.089629296267636, 5]
0.0	0	47.1169529584733	[1, 0]	168.8661517076784	[4.124577837233927, 5]
0.0	0	29.685626997566118	[2, 0]	125.26490579152686	[4.521037317109917, 5]
0.0	0	38.783146825490384	[1, 0]	174.42727891191498	[4.76442337879868, 5]
0.0	0	40.90204553263637	[1, 0]	149.21926078406153	[5.457015318168869, 5]
0.0	0	46.451649526502116	[2, 0]	123.08175439221287	[7.255029392538752, 5]
0.0	0	40.97580389379618	[2, 0]	119.41747417666014	[5.857481937480142, 5]
0.0	0	43.9987736773993	[2, 0]	153.89691094240533	[8.033946814025239, 5]
0.0	0	42.54555988997016	[1, 0]	163.9041055904009	[6.075695071225091, 5]
0.0	0	46.761124651356646	[2, 0]	98.30024379796453	[6.827156792874255, 5]
0.0	0	13.912136909533	[2, 0]	127.6940391303172	[6.487581519734791, 5]
0.0	0	17.473080286308264	[1, 0]	102.27541599767045	[4.5554293235823415, 5]
0.0	0	28.34798274257568	[1, 0]	125.9691207629815	[6.55099200834966, 5]
0.0	0	14.453696563470348	[1, 0]	98.16598071020015	[6.657958870018404, 5]
0.0	0	32.63269628690075	[2, 0]	109.59225388728403	[2.360376985345812, 5]
0.0	0	10.00534075600427	[2, 0]	175.46166010093037	[4.100703661008242, 5]
0.0	0	49.97833893953979	[2, 0]	158.8148156844913	[4.037754025780728, 5]
0.0	0	22.7161976511226	[1, 0]	172.58371306144508	[3.073615693165952, 5]
0.0	0	18.31608085407789	[1, 0]	162.21047375423362	[3.762592192638891, 5]
0.0	0	22.594604840419294	[1, 0]	90.39056023715361	[6.631640780056856, 5]
0.0	0	11.454695189988138	[1, 0]	125.78300266247119	[4.360165890158033, 5]
0.0	0	22.054636765791965	[2, 0]	112.95071839152017	[5.223098779623557, 5]
0.0	0	46.631749134404444	[1, 0]	137.0787061185609	[3.5723054275113286, 5]
0.0	0	46.62228593447993	[2, 0]	166.67614082747548	[4.580179035431282, 5]
0.0	0	14.656430122346434	[2, 0]	102.98944964530153	[7.840865748967296, 5]
0.0	0	31.210037207005534	[1, 0]	91.9223762611073	[6.773978331039003, 5]
0.0	0	23.14253719067254	[1, 0]	157.66303807764615	[6.40248861323605, 5]
0.0	0	36.165149219836835	[2, 0]	130.32412877936477	[3.9591818871506996, 5]
0.0	0	17.179851869561006	[1, 0]	91.75334368788376	[5.02682595841271, 5]
0.0	0	19.30550256313749	[1, 0]	113.55266405541686	[6.488679181695954, 5]
0.0	0	46.455056200811896	[1, 0]	99.9738109275658	[6.124678051680546, 5]
0.0	0	16.985568962360617	[2, 0]	137.6417744584847	[3.3422963190986734, 5]
0.0	0	47.19777568801278	[1, 0]	146.6054478789908	[2.762131669478073, 5]
0.0	0	17.19262103266005	[1, 0]	89.08642046312843	[3.5665684810927547, 5]
0.0	0	12.379882833997279	[1, 0]	129.1896739406261	[3.683135509267345, 5]
0.0	0	31.7985951832648	[1, 0]	136.78849487165405	[2.1322728150333945, 5]
0.0	0	39.80410439311549	[1, 0]	147.72056482176194	[4.883495166371002, 5]
0.0	0	21.546486253396896	[2, 0]	157.99235417291786	[1.9410444956021653, 5]
0.0	0	31.496898098187927	[1, 0]	171.48366099436222	[7.797337640211866, 5]
0.0	0	33.876118327713556	[1, 0]	157.3291833473932	[4.1658309117782855, 5]
0.0	0	19.681891543741393	[2, 0]	155.95425636438523	[3.596279597487923, 5]
0.0	0	23.752006696705248	[1, 0]	173.278571419567	[5.473503646387913, 5]
0.0	0	27.85496753250536	[1, 0]	126.62871188063633	[1.4787279423636035, 5]
0.0	0	11.086394747631697	[1, 0]	131.22486493221749	[6.929693620755413, 5]
0.0	0	32.73081961175173	[2, 0]	110.71897475646924	[3.0095289352426566, 5]
0.0	0	11.786342946485009	[1, 0]	96.62646920306561	[4.855191186161718, 5]
0.0	0	28.40182546767326	[1, 0]	104.29363496343952	[1.7395311718981668, 5]
0.0	0	36.6404077776334	[1, 0]	165.96846036957598	[3.4492303229755183, 5]
0.0	0	23.571685543684495	[2, 0]	123.70583342735355	[7.71214452485072, 5]
0.0	0	37.035667379553416	[1, 0]	165.05417643111613	[6.508861873618323, 5]
0.0	0	11.732807632035719	[2, 0]	142.58921412474507	[1.462072895286839, 5]
0.0	0	26.369678739548398	[2, 0]	130.63941948796082	[2.6150534970515458, 5]
0.0	0	41.52195581988921	[2, 0]	142.11765339623548	[2.2561765322030474, 5]
0.0	0	10.182649547161486	[1, 0]	178.55944202965367	[5.950337459572636, 5]
0.0	0	25.45075696781279	[2, 0]	97.58000420808492	[4.143686652593396, 5]
0.0	0	19.470552965310468	[1, 0]	136.97162101246346	[2.538337441387626, 5]
0.0	0	18.298310237177986	[1, 0]	108.539755308407	[8.311699263498395, 5]
0.0	0	11.71114972955588	[2, 0]	146.42226503088267	[8.045975893845807, 5]
0.0	0	49.14563747137381	[2, 0]	132.70937215881426	[4.6086566230756985, 5]
0.0	0	44.488347798619465	[2, 0]	91.28548885134815	[4.976780494785753, 5]
0.0	0	35.0921180739228	[1, 0]	147.40224893850706	[4.3521400236481265, 5]
0.0	0	36.21308572881428	[1, 0]	145.63265698649502	[3.982958862362789, 5]
0.0	0	10.484621892642778	[2, 0]	105.70391364656534	[6.268656521336777, 5]
0.0	0	15.202974327701881	[2, 0]	157.0808264888434	[1.798225566074738, 5]
0.0	0	28.14001482265903	[2, 0]	172.07639707741734	[6.22310952711523, 5]
0.0	0	45.84688589965615	[1, 0]	113.74142051532647	[5.0757880320797595, 5]
0.0	0	17.4162358499915	[2, 0]	104.40224510267377	[4.297807573827214, 5]
0.0	0	15.215715306952463	[2, 0]	170.73865931799327	[3.303616149402078, 5]
0.0	0	48.71093347979972	[2, 0]	125.29000606962053	[5.213423482901796, 5]
0.0	0	37.17749711957872	[2, 0]	167.6093777440803	[6.995325272634983, 5]
0.0	0	18.136607731730237	[2, 0]	157.14592005752408	[7.349136758152182, 5]
0.0	0	19.807867738771748	[1, 0]	94.69486086900373	[2.198339811575436, 5]
0.0	0	31.433923564201674	[1, 0]	171.05895461538984	[7.468142560119104, 5]
0.0	0	48.913090396427386	[1, 0]	94.33097185895008	[5.500095309708832, 5]
0.0	0	46.70951112351399	[1, 0]	147.41650550173966	[5.424040371427777, 5]
0.0	0	32.19782615351097	[2, 0]	161.7266011063833	[3.3357186892502533, 5]
0.0	0	26.677597953833388	[2, 0]	102.13824213239849	[5.267935710150172, 5]
0.0	0	16.111226982546153	[1, 0]	128.74179066627613	[7.4093855150435415, 5]
0.0	0	10.515482938395328	[2, 0]	159.31374975092984	[6.287968407803429, 5]
0.0	0	10.899646625282815	[2, 0]	157.48187609550706	[5.4576106427506055, 5]
0.0	0	31.80175289112043	[1, 0]	126.58225180998959	[3.0294190234130123, 5]
0.0	0	44.83425570177835	[2, 0]	160.79230387370728	[7.221829851060918, 5]
0.0	0	14.669041252589405	[2, 0]	140.83967836843118	[7.8186162441871625, 5]
0.0	0	13.308266282339549	[1, 0]	174.911428905482	[2.909499129923526, 5]
0.0	0	28.77399602779941	[1, 0]	170.13331914307668	[7.654859579579195, 5]
0.0	0	12.571930908259885	[1, 0]	125.44345699075339	[1.6290970066178139, 5]
0.0	0	36.44267681101518	[1, 0]	138.73573856095135	[6.307192284191806, 5]
0.0	0	31.08637853996445	[2, 0]	162.2916939971792	[4.944750645110059, 5]
0.0	0	11.411719899957866	[1, 0]	144.96086619974156	[5.165746627539801, 5]
0.0	0	34.83287636835462	[2, 0]	105.59961878438968	[6.972927023781551, 5]
0.0	0	45.16942295447932	[2, 0]	114.20292791595244	[5.372223950871722, 5]
0.0	0	44.97116280049609	[2, 0]	162.42925520677892	[4.271438391342101, 5]
0.0	0	41.18875329106363	[1, 0]	154.4740966292906	[2.5350628416181027, 5]
0.0	0	11.68950041246482	[2, 0]	130.93172280952723	[7.549186773319647, 5]
0.0	0	44.07728789721962	[2, 0]	92.95891292697185	[4.347741103856594, 5]
0.0	0	40.01820064986237	[2, 0]	116.58910672598496	[7.298792496245208, 5]
0.0	0	48.48952593366139	[2, 0]	152.68672411377537	[7.962677775529411, 5]
0.0	0	37.12126282199301	[2, 0]	169.61134613524104	[6.823793372349776, 5]
0.0	0	26.65173760972385	[1, 0]	148.75206535660988	[7.152843839053072, 5]
0.0	0	44.79019535468129	[2, 0]	156.77516732478568	[7.066174638888883, 5]
0.0	0	30.816449551470086	[2, 0]	159.4390759470149	[6.917355743911309, 5]
0.0	0	41.40548136099694	[2, 0]	177.35149049268125	[2.4563661727829396, 5]
0.0	0	28.816057909493548	[2, 0]	143.2666024329133	[6.199613817776789, 5]
0.0	0	13.013039341911764	[2, 0]	110.47726279880007	[7.6728464112626815, 5]
0.0	0	42.52054698028932	[1, 0]	156.2044240258117	[3.504317984252056, 5]
0.0	0	35.9173156267629	[2, 0]	93.20840343970278	[7.914340735561739, 5]
0.0	0	49.90760107053171	[1, 0]	120.20350920289474	[8.164011564812473, 5]
0.0	0	14.689960017570455	[1, 0]	123.61815426604902	[7.925734849904796, 5]
0.0	0	26.250962264351926	[1, 0]	99.8722328372431	[2.000084736580971, 5]
0.0	0	22.907473590778235	[2, 0]	151.1599263292262	[6.267797854922384, 5]
0.0	0	33.332349452952535	[1, 0]	89.93117349397735	[7.041995011240339, 5]
0.0	0	36.80881288071098	[2, 0]	147.48306194884697	[4.1731395399672495, 5]
0.0	0	25.930306494561812	[1, 0]	140.67272156573358	[7.68113989470305, 5]
0.0	0	15.48048561673792	[1, 0]	121.40554864310793	[3.142225340823732, 5]
0.0	0	28.358031673393548	[2, 0]	162.817451162167	[5.118160332088123, 5]
0.0	0	20.153924270334006	[1, 0]	120.59281464333664	[6.873964959561716, 5]
0.0	0	15.375344088666516	[2, 0]	123.53144503018557	[7.3643839743821085, 5]
0.0	0	43.780970641287965	[1, 0]	89.58140575972634	[1.8123725913879716, 5]
0.0	0	22.503796170584966	[2, 0]	137.00462314681334	[4.726434464223576, 5]
0.0	0	19.206683008620757	[1, 0]	150.63489045726865	[5.515331946569591, 5]
0.0	0	48.12212284324475	[2, 0]	153.34866441878785	[4.036203417245795, 5]
0.0	0	21.563460108582003	[1, 0]	162.50844464884116	[4.323560058792837, 5]
0.0	0	20.82202298806348	[1, 0]	100.34019837059076	[1.4440167691213914, 5]
0.0	0	28.67272236315703	[1, 0]	171.06631943064042	[5.286972511641825, 5]
0.0	0	47.4514582461865	[2, 0]	136.05489948586512	[7.822412411298659, 5]
0.0	0	39.25303736250775	[1, 0]	110.91608678851418	[2.8729677451792996, 5]
0.0	0	40.23185184530659	[1, 0]	114.49465540461885	[2.0937753336313696, 5]
0.0	0	46.533733831420065	[2, 0]	158.30641600639996	[1.784003984145035, 5]
0.0	0	28.731385711059666	[2, 0]	131.63960306146473	[5.047737056090013, 5]
0.0	0	39.902455091134215	[1, 0]	177.5305973000409	[5.319247222187587, 5]
0.0	0	47.845018991576495	[2, 0]	143.01626378583472	[5.101527735382199, 5]
0.0	0	32.492285245869255	[2, 0]	142.6641012634944	[7.234863467908881, 5]
0.0	0	46.7788809997913	[2, 0]	101.43760122014477	[6.226777385994264, 5]
0.0	0	43.26856399657668	[2, 0]	152.7394587137896	[4.479808773506337, 5]
0.0	0	27.946117709929833	[1, 0]	112.83058625405357	[6.477958542764065, 5]
0.0	0	27.08641274875717	[2, 0]	105.24304125770072	[2.5113663890769047, 5]
0.0	0	30.08333749550893	[2, 0]	172.51452485146424	[4.532643852808522, 5]
0.0	0	13.989820668825201	[1, 0]	114.54264680893928	[2.856672211421911, 5]
0.0	0	33.9759706890309	[2, 0]	104.03934152458248	[2.39921985826907, 5]
0.0	0	10.16949189985673	[2, 0]	140.56503629539554	[1.7797699018444009, 5]
0.0	0	25.394517519854094	[2, 0]	127.56072527434284	[8.238246085548209, 5]
0.0	0	46.15940118849013	[1, 0]	115.637148403953	[5.8934555451234845, 5]
0.0	0	25.709801014220673	[1, 0]	156.4677699698512	[3.716572572856138, 5]
0.0	0	18.829777704598612	[1, 0]	167.93130430672258	[7.668545256988348, 5]
0.0	0	29.878028539807396	[2, 0]	173.7547450941915	[3.6089363683677296, 5]
0.0	0	43.89696496628489	[1, 0]	91.19711623465234	[2.110790202685617, 5]
0.0	0	35.64270226115542	[2, 0]	112.97092201008346	[4.83439086798083, 5]
0.0	0	11.312963332724827	[1, 0]	101.49351322681851	[5.12168668912544, 5]
0.0	0	30.360613462632188	[2, 0]	116.37528622136166	[6.525979339635577, 5]
0.0	0	40.97232252213859	[2, 0]	129.6021382752631	[4.122365710306952, 5]
0.0	0	35.11844131346031	[2, 0]	114.22675836411874	[5.49275466649455, 5]
0.0	0	42.867647273848576	[1, 0]	152.33805185286735	[4.366422355380651, 5]
0.0	0	19.745030976582978	[1, 0]	94.645840016748	[5.426294407709973, 5]
0.0	0	24.16161543342383	[1, 0]	120.20525439369908	[4.373200946020389, 5]
0.0	0	18.84265734703038	[1, 0]	114.9842034328696	[7.9000202062596925, 5]
0.0	0	13.474505684797302	[1, 0]	116.90052361390937	[3.9888960767347243, 5]
0.0	0	28.199127809358515	[1, 0]	164.29209990681267	[5.922973738595273, 5]
0.0	0	46.15999884291321	[2, 0]	152.85204288884768	[3.5242491160663354, 5]
0.0	0	33.65405423881548	[1, 0]	137.5875824911844	[3.7907122640221695, 5]
0.0	0	41.85740334027834	[2, 0]	146.14393334055328	[2.8560793179701895, 5]
0.0	0	25.66172668587812	[1, 0]	141.93021067484253	[3.72981377262588, 5]
0.0	0	10.192887700004626	[1, 0]	98.83376149968085	[7.931944387246624, 5]
0.0	0	31.481091949094303	[2, 0]	174.41026751837668	[7.57141734300863, 5]
0.0	0	23.39776014041426	[1, 0]	89.7645738707369	[4.117899950141376, 5]
0.0	0	22.429896151443934	[1, 0]	120.83311204072567	[4.652896848422593, 5]
0.0	0	11.690215787135699	[2, 0]	104.25786790743425	[5.864395344436355, 5]
0.0	0	29.906978207422974	[1, 0]	123.46076955000187	[1.7797378987605637, 5]
0.0	0	11.511221237350693	[1, 0]	153.96681406236735	[5.811260693998141, 5]
0.0	0	49.76115040045441	[1, 0]	117.93794689673575	[4.1428243217822835, 5]
0.0	0	11.896056169147464	[2, 0]	111.14164553604391	[4.3056952147307985, 5]
0.0	0	13.083394141571665	[2, 0]	171.27032964496578	[7.613484482091811, 5]
0.0	0	17.75034692319732	[2, 0]	122.68682500607547	[4.792724622648326, 5]
0.0	0	42.53662222957474	[2, 0]	171.42860403438647	[3.4282611514169554, 5]
0.0	0	28.563888421108206	[1, 0]	110.80630656449871	[6.9151803153930205, 5]
0.0	0	27.021155125407063	[2, 0]	142.7534052293626	[2.909101892643718, 5]
0.0	0	13.52822499662191	[2, 0]	116.98914321735518	[6.699077907023294, 5]
0.0	0	12.130636673192097	[2, 0]	152.88280165625042	[7.710375552734788, 5]
0.0	0	22.439908120066267	[1, 0]	165.5649930517448	[4.510332486109508, 5]
0.0	0	20.249891325895835	[2, 0]	89.04162906824298	[5.2930420396680224, 5]
0.0	0	47.45172730013832	[1, 0]	149.4605900720318	[5.8871041473321615, 5]
0.0	0	29.73149106739294	[2, 0]	99.73500543420775	[3.458225726303446, 5]
0.0	0	48.898747712724486	[1, 0]	136.33755999521668	[2.0414554626325545, 5]
0.0	0	37.25716599942382	[2, 0]	157.42780270982445	[8.114734490704727, 5]
0.0	0	22.52168382815932	[2, 0]	114.61502935471256	[2.9384814127121053, 5]
0.0	0	32.07445385466249	[2, 0]	162.11047150978658	[3.001087045486156, 5]
0.0	0	17.9448151193627	[2, 0]	109.11725986548889	[5.666755994556534, 5]
0.0	0	24.034311017785768	[1, 0]	104.85285386676026	[3.4233041692022455, 5]
0.0	0	43.67442405103199	[2, 0]	137.0011324788416	[7.456717951435304, 5]
0.0	0	35.80397522788818	[2, 0]	102.00495696222458	[2.2223825554249674, 5]
0.0	0	12.625835131035199	[2, 0]	131.28350141497083	[7.338067478487291, 5]
0.0	0	27.044767522446154	[2, 0]	173.90985121595475	[8.223585941022058, 5]
0.0	0	40.39140872831711	[1, 0]	149.02179207055354	[3.034098611200342, 5]
0.0	0	22.40871102734427	[2, 0]	133.65233244275828	[5.276145302654404, 5]
0.0	0	39.27370374230962	[2, 0]	173.87389625875403	[5.235617160005056, 5]
0.0	0	19.20184764745665	[2, 0]	133.39889182353545	[6.437958940091471, 5]
0.0	0	21.04399343252939	[1, 0]	98.81263818245434	[4.569526680305541, 5]
0.0	0	49.545905453810235	[1, 0]	138.44002475535734	[5.874147413657329, 5]
0.0	0	43.69077449255785	[2, 0]	151.06206101387812	[2.6706645513783833, 5]
0.0	0	16.436996517255928	[2, 0]	108.67159837907724	[6.4244011293732965, 5]
0.0	0	31.38576948649999	[1, 0]	116.43437988931285	[5.913762089367408, 5]
0.0	0	27.365172114438106	[1, 0]	125.38309718752143	[8.100704562583775, 5]
0.0	0	29.651901062863065	[2, 0]	114.14176129734403	[6.392336707742244, 5]
0.0	0	11.603486630613538	[2, 0]	166.1201021862985	[1.4758064493290042, 5]
0.0	0	20.35395597101232	[2, 0]	162.07906048194752	[5.564133227282339, 5]
0.0	0	20.953732915266365	[2, 0]	92.14552975313708	[6.7103164598511, 5]
0.0	0	49.615338099631536	[2, 0]	119.60061221759963	[5.5945813091778245, 5]
0.0	0	30.604974588013953	[1, 0]	109.12215115215946	[8.296024722386132, 5]
0.0	0	26.432523865309587	[1, 0]	141.89919333901787	[2.1367001511352313, 5]
0.0	0	27.470840891181588	[2, 0]	166.2102655654665	[2.8420379318357685, 5]
0.0	0	47.867140133626336	[1, 0]	89.68014309625781	[3.624825527700159, 5]
0.0	0	37.0250516512086	[2, 0]	98.62617106512646	[6.872428369080848, 5]
0.0	0	14.882948352056625	[2, 0]	131.21734540395155	[6.232927503510445, 5]
0.0	0	10.025745132940013	[1, 0]	138.94508153471486	[7.160488432681712, 5]
0.0	0	29.35671793059944	[1, 0]	158.98073545571322	[7.199517852664964, 5]
0.0	0	22.44498028955501	[2, 0]	174.46188968622846	[2.4958935324183913, 5]
0.0	0	44.74553470777344	[1, 0]	160.4575811910694	[4.919729943112753, 5]
0.0	0	26.47022271036502	[1, 0]	149.9531334530988	[6.237893824268606, 5]
0.0	0	17.472631875471144	[2, 0]	152.12014853528575	[4.154616253412773, 5]
0.0	0	37.1661742445452	[2, 0]	90.34724414588312	[7.648691537430395, 5]
0.0	0	43.42095398003718	[1, 0]	108.77688433304385	[6.398287313917806, 5]
0.0	0	45.787200624709705	[2, 0]	157.13587168638372	[2.273576201376014, 5]
0.0	0	46.874164811103476	[2, 0]	170.0469675179875	[5.875543207450524, 5]
0.0	0	14.790863307437766	[1, 0]	176.4037336213076	[7.349618740958061, 5]
0.0	0	37.18091001366366	[1, 0]	117.86062855867755	[3.515371044736867, 5]
0.0	0	22.0327388678976	[2, 0]	129.3706120915525	[5.3379496410991445, 5]
0.0	0	10.985658852582961	[1, 0]	164.19655519716372	[4.968355487794366, 5]
0.0	0	28.52459116603795	[1, 0]	133.14421634173223	[7.1342089255376795, 5]
0.0	0	29.63422783391948	[2, 0]	118.54552071470623	[5.009170865701549, 5]
0.0	0	48.569915233144236	[2, 0]	178.34707149811055	[5.825589444666794, 5]
0.0	0	19.664424518026	[2, 0]	137.97086924107123	[1.5425890608801918, 5]
0.0	0	29.24674359430328	[2, 0]	173.05049557069196	[1.50948979379201, 5]
0.0	0	26.841746393151144	[2, 0]	99.60387017970585	[3.1590122097017352, 5]
0.0	0	31.714972619654585	[2, 0]	144.1671617540626	[6.328751119731102, 5]
0.0	0	45.47452632181227	[1, 0]	90.19185927865232	[1.635911974032315, 5]
0.0	0	15.397695240619168	[1, 0]	91.38221475534846	[7.693482905972826, 5]
0.0	0	28.575163549971414	[1, 0]	178.67149654641076	[2.147777082512866, 5]
0.0	0	13.361542483291347	[1, 0]	125.03478566734543	[4.439012132494337, 5]
0.0	0	29.811907882578303	[2, 0]	164.32255328080555	[5.290350314455494, 5]
0.0	0	14.680322281248552	[1, 0]	153.31797030044177	[5.720567417038804, 5]
0.0	0	26.95322049323546	[2, 0]	103.18591254959722	[7.986264347072291, 5]
0.0	0	15.266418684941579	[2, 0]	156.77349419558863	[1.8773199407315486, 5]
0.0	0	28.67307911643717	[1, 0]	169.6404471063001	[4.950713037127144, 5]
0.0	0	43.729073926916	[1, 0]	104.23490855574362	[4.05977684322973, 5]
0.0	0	20.77599018073494	[2, 0]	162.13910567555965	[2.5973891166471605, 5]
0.0	0	11.150394269748404	[2, 0]	89.99711994249154	[4.057524899172159, 5]
0.0	0	17.453152680092636	[1, 0]	144.83841873228752	[1.7601957352337152, 5]
0.0	0	31.95329978874012	[2, 0]	111.89919832455594	[3.289503774385258, 5]
0.0	0	24.51535467487372	[2, 0]	156.5606663490828	[4.762481590272777, 5]
0.0	0	46.576921948611144	[1, 0]	164.60170300458998	[3.1059032422288015, 5]
0.0	0	36.877335723386444	[1, 0]	93.49073987065965	[2.9483168900026797, 5]
0.0	0	15.446160028317513	[2, 0]	157.50152975757283	[7.463217243829759, 5]
0.0	0	42.37717757012661	[2, 0]	111.32516155758074	[7.194748362049914, 5]
0.0	0	18.625926642914003	[2, 0]	160.87853473788772	[7.429491333160173, 5]
0.0	0	19.130474876389314	[2, 0]	91.4059134631971	[7.76345830164028, 5]
0.0	0	32.70177537098289	[2, 0]	172.3261901381662	[5.011475654398652, 5]
0.0	0	12.397913799387497	[2, 0]	106.7985061430539	[2.6804913486940873, 5]
0.0	0	43.33143731899356	[2, 0]	116.2021476387438	[6.581662639958458, 5]
0.0	0	17.865912272861934	[1, 0]	95.6129206864441	[6.665715735421461, 5]
0.0	0	37.83338125902495	[1, 0]	116.19384754957532	[6.129245620214139, 5]
0.0	0	16.65327935376329	[2, 0]	117.24142037461235	[7.303336543838466, 5]
0.0	0	23.03542894758609	[2, 0]	112.67202054143948	[2.29917125555666, 5]
0.0	0	40.19871399732324	[1, 0]	103.75439561910163	[7.960377428717251, 5]
0.0	0	37.624480393414395	[2, 0]	91.01719597510125	[5.690428010150224, 5]
0.0	0	29.42977398629582	[1, 0]	96.09916959244846	[6.133187076785675, 5]
0.0	0	48.76260430453417	[2, 0]	111.53514997539594	[6.5768273463926334, 5]
0.0	0	36.91694622404448	[2, 0]	141.37050100506903	[6.62593874014793, 5]
0.0	0	24.54788064634061	[1, 0]	157.42702940054414	[4.0625556739718345, 5]
0.0	0	48.92422154601791	[1, 0]	178.2045002003971	[8.181732650982049, 5]
0.0	0	27.283785145959584	[1, 0]	138.30747749133496	[2.0004689636954627, 5]
0.0	0	47.72955396443233	[2, 0]	131.54229574803833	[7.708250584749856, 5]
0.0	0	26.767271395865194	[2, 0]	113.9183368581732	[6.689603941323271, 5]
0.0	0	26.50872609039377	[2, 0]	109.17359618214938	[2.159762759726886, 5]
0.0	0	23.755398926081057	[2, 0]	129.03551553518327	[2.590124344078045, 5]
0.0	0	26.659965343512724	[2, 0]	140.0604429450542	[3.8557143795713396, 5]
0.0	0	49.39213152274463	[1, 0]	155.67472129995485	[4.475173414610196, 5]
0.0	0	12.22401075248168	[1, 0]	121.21067574898899	[3.915234193550662, 5]
0.0	0	15.235595893692825	[1, 0]	147.09034684733265	[8.176447954900247, 5]
0.0	0	18.503724002597792	[1, 0]	96.61644273316637	[1.5372033293737588, 5]
0.0	0	26.00077719054778	[2, 0]	149.34129758096745	[1.5248333400462732, 5]
0.0	0	35.01316402002734	[1, 0]	138.4505398767244	[4.353457520906909, 5]
0.0	0	29.042425865589813	[2, 0]	162.21332413844016	[5.005005042894071, 5]
0.0	0	48.28337438837542	[2, 0]	150.97068435790942	[7.2238956391057245, 5]
0.0	0	22.802403761112007	[1, 0]	173.24914088201302	[4.81031926877693, 5]
0.0	0	19.800952098178218	[2, 0]	131.03240087515647	[3.12330860983601, 5]
0.0	0	20.80677874742589	[1, 0]	110.6265896199117	[1.5932939104514023, 5]
0.0	0	33.19140351266865	[1, 0]	145.1189247239891	[3.8867018292520044, 5]
0.0	0	38.74117603991642	[2, 0]	99.6432031967548	[7.468180095665223, 5]
0.0	0	42.36069509030719	[1, 0]	169.63863072686928	[5.474606911978404, 5]
0.0	0	20.601365111701007	[1, 0]	92.7466989737924	[3.4345249193253107, 5]
0.0	0	33.787947444498755	[1, 0]	93.08551980382977	[1.4798011152731114, 5]
0.0	0	24.196223338517807	[2, 0]	176.9341265898577	[1.5855454454862286, 5]
0.0	0	47.37262312883967	[2, 0]	103.42893855958428	[4.0034091312362525, 5]
0.0	0	37.096918898336355	[2, 0]	124.39623995010757	[6.509589759634341, 5]
0.0	0	49.94980454787834	[2, 0]	98.1114289002897	[4.13671750520459, 5]
0.0	0	16.450438048838333	[2, 0]	156.6350458527681	[3.400840236052745, 5]
0.0	0	42.00870419565351	[2, 0]	111.10994862225019	[3.2738255353042147, 5]
0.0	0	20.69799636554884	[2, 0]	112.41339977293696	[2.3279631106113494, 5]
0.0	0	11.283673781682927	[1, 0]	140.58953224151318	[7.125731659048519, 5]
0.0	0	17.383211921942035	[2, 0]	97.98389054794742	[1.6663777817635521, 5]
0.0	0	25.40967572832951	[2, 0]	145.0311861509226	[3.620042894404143, 5]
0.0	0	26.737519171499784	[2, 0]	160.43413015255666	[4.697544705400935, 5]
0.0	0	17.006109327650503	[1, 0]	143.82205243679306	[5.453082866224421, 5]
0.0	0	21.488846115054073	[2, 0]	159.3129211282366	[7.232517455084666, 5]
0.0	0	35.90895671893684	[2, 0]	97.06607224665663	[8.081804211942861, 5]
0.0	0	11.081847984197175	[1, 0]	141.98151809243274	[3.1527303468339314, 5]
0.0	0	39.65204249873949	[1, 0]	140.73593476877437	[5.991989842692216, 5]
0.0	0	20.99046845925462	[1, 0]	132.06411628810127	[3.526585663242522, 5]
0.0	0	22.77836760236089	[1, 0]	144.80082091718052	[7.463405682612981, 5]
0.0	0	41.64889501899295	[1, 0]	115.15244080686142	[3.95086585578384, 5]
0.0	0	37.1631116179462	[1, 0]	163.34128559967814	[7.882614139985464, 5]
0.0	0	38.003495272214565	[2, 0]	153.05816206969325	[7.65875185066169, 5]
0.0	0	17.8491175948577	[1, 0]	113.37829923043476	[6.685624570718266, 5]
0.0	0	16.776834692306515	[1, 0]	166.85559710294328	[7.537177794290875, 5]
0.0	0	32.376281338464125	[1, 0]	154.98804700998295	[2.983097191626233, 5]
0.0	0	49.36705389790622	[1, 0]	151.24859886540082	[7.905297406112895, 5]
0.0	0	26.294821603406845	[1, 0]	144.79097960125847	[3.019151224316521, 5]
0.0	0	25.27799658512748	[1, 0]	166.38931522542103	[2.626325200311638, 5]
0.0	0	24.267681948866485	[2, 0]	114.00194142414702	[7.019127771418256, 5]
0.0	0	32.63247046803386	[1, 0]	168.57376131990281	[6.638299772593862, 5]
0.0	0	15.977977007218879	[1, 0]	152.3550037969695	[5.373482721207628, 5]
0.0	0	40.108490842383084	[1, 0]	131.66251984260734	[2.4308031182812573, 5]
0.0	0	47.381623972109665	[2, 0]	177.17853370139082	[8.119032989044888, 5]
0.0	0	32.30371266712309	[1, 0]	91.51881277422743	[3.4997055593478406, 5]
0.0	0	17.853817691151782	[1, 0]	118.01795316894032	[7.424973859071402, 5]
0.0	0	12.03264254403515	[2, 0]	169.12354676627785	[3.536273183143533, 5]
0.0	0	29.16201894056366	[1, 0]	133.90362797764578	[7.288180408807883, 5]
0.0	0	38.95993575302643	[1, 0]	171.0146598068792	[2.736860393491476, 5]
0.0	0	26.25215005663008	[1, 0]	99.38505486577344	[6.788048326681375, 5]
0.0	0	38.2532823913523	[1, 0]	167.34359106686247	[4.25988157621199, 5]
0.0	0	44.42269016735665	[2, 0]	125.91315898473333	[2.220562999094638, 5]
0.0	0	36.24014876185738	[1, 0]	138.98115150303994	[5.088323280512681, 5]
0.0	0	25.896624171973535	[2, 0]	105.34957480831785	[2.101049971592499, 5]
0.0	0	27.9830650694929	[2, 0]	171.59747148065955	[2.06929662161833, 5]
0.0	0	46.382996634624114	[1, 0]	94.21066618701356	[5.7081253525208835, 5]
0.0	0	33.08666559768944	[1, 0]	131.1757945098537	[3.4665560974103165, 5]
0.0	0	21.33880291559941	[2, 0]	153.20984928610136	[7.6071455551945055, 5]
0.0	0	21.548340902165197	[1, 0]	115.51763762691004	[5.163437779210078, 5]
0.0	0	30.443259535421856	[2, 0]	128.22823157379298	[5.410062845170938, 5]
0.0	0	33.570378277659486	[2, 0]	155.48805805607347	[4.788266906149176, 5]
0.0	0	32.49863240101186	[2, 0]	125.17193781985756	[1.4364987699745604, 5]
0.0	0	18.599840531782043	[1, 0]	134.1719170789133	[6.545275491207502, 5]
0.0	0	20.866176220019014	[2, 0]	122.55753907018143	[7.328927008486415, 5]
0.0	0	46.32634166869585	[1, 0]	100.04661796176353	[3.754381708347546, 5]
0.0	0	16.486450590241184	[2, 0]	109.37585643585736	[7.535616339501071, 5]
0.0	0	16.457105543632085	[1, 0]	165.34273614559896	[4.024061097479787, 5]
0.0	0	15.206585078092962	[1, 0]	99.58153449565725	[1.4406135467424115, 5]
0.0	0	16.97151930644887	[1, 0]	108.44166066852719	[3.238841418253208, 5]
0.0	0	47.55434491477779	[1, 0]	115.27577719615368	[5.889351242199482, 5]
0.0	0	12.401724129843185	[1, 0]	115.17282364734412	[6.454847984934374, 5]
0.0	0	27.461075716243887	[1, 0]	145.35069104356168	[8.068360255947013, 5]
0.0	0	47.27239931039544	[2, 0]	164.80476152283728	[7.235919987686099, 5]
0.0	0	22.80999802605883	[2, 0]	152.43470193393318	[6.421356291884139, 5]
0.0	0	35.35369175899282	[2, 0]	173.50075599405625	[2.5818307599332337, 5]
0.0	0	44.8034332921567	[1, 0]	98.86874008193897	[1.8586194670261247, 5]
0.0	0	41.46120826001805	[1, 0]	143.29416717711558	[6.543429193183053, 5]
0.0	0	48.52650581715337	[2, 0]	128.56638170217636	[4.7392083467953805, 5]
0.0	0	47.69000006336181	[2, 0]	124.1173216201243	[1.6870097749653101, 5]
0.0	0	15.705794531954465	[2, 0]	129.77738220611363	[6.726053136013515, 5]
0.0	0	41.11500671484834	[1, 0]	140.57478930562925	[7.778572534208603, 5]
0.0	0	48.08672024093622	[2, 0]	115.40072864824732	[2.0825236226199455, 5]
0.0	0	34.0254417792768	[2, 0]	153.7580401848722	[1.8817590150350623, 5]
0.0	0	42.78722612153285	[2, 0]	142.56211545104077	[6.767697325868666, 5]
0.0	0	40.378544846465914	[1, 0]	128.12628130869703	[3.404483843111913, 5]
0.0	0	12.98513780164972	[2, 0]	157.79357208309784	[4.453407556795532, 5]
0.0	0	38.882249292902515	[1, 0]	119.02615251446366	[7.424196515414981, 5]
0.0	0	14.839259392642939	[1, 0]	134.60376182542447	[2.690473235740567, 5]
0.0	0	26.259149184966695	[1, 0]	122.52477701648033	[2.40391194553786, 5]
0.0	0	39.29862060064367	[1, 0]	101.64993139267735	[7.4988310901524065, 5]
0.0	0	49.57705681048048	[1, 0]	112.19203595095658	[2.5576001241842237, 5]
0.0	0	49.05781342119622	[2, 0]	98.18285167325988	[3.7596400427972023, 5]
0.0	0	18.129115546810407	[2, 0]	143.71060738493713	[3.8845464354898422, 5]
0.0	0	23.95298598859109	[1, 0]	120.7243356678126	[7.054017742432362, 5]
0.0	0	24.209939649391472	[1, 0]	109.84776165767967	[8.18203337409538, 5]
0.0	0	21.829942516421408	[1, 0]	122.3225962174669	[7.208038634134023, 5]
0.0	0	14.25819759485386	[1, 0]	151.98480876274067	[4.490316026820553, 5]
0.0	0	21.374464692274863	[1, 0]	142.2224845631762	[5.856886653535592, 5]
0.0	0	15.389713444992857	[1, 0]	118.13255965902616	[2.298023808078898, 5]
0.0	0	30.632264839615836	[2, 0]	94.92256749073363	[5.238845233967163, 5]
0.0	0	15.943671518458032	[2, 0]	114.36096242828472	[5.6147547801562325, 5]
0.0	0	15.649350639721684	[1, 0]	117.48409764545403	[6.8719542755965195, 5]
0.0	0	39.60946563818319	[1, 0]	102.0304318198543	[5.80508534121672, 5]
0.0	0	31.751309738436504	[2, 0]	178.04682809060412	[4.107925529512161, 5]
0.0	0	41.68139629344238	[2, 0]	120.65682449908128	[2.4993713048064143, 5]
0.0	0	22.149956665163	[1, 0]	105.91558225739395	[2.488917046090889, 5]
0.0	0	39.348476791398326	[1, 0]	120.53676047892048	[5.786975718674201, 5]
0.0	0	37.171621059394106	[1, 0]	161.94905966412216	[3.208694615519881, 5]
0.0	0	14.486599502642502	[2, 0]	128.5393328930037	[3.0867305695331857, 5]
0.0	0	37.73521566514575	[2, 0]	111.43799331735772	[4.3282048751962945, 5]
0.0	0	40.11482151995103	[1, 0]	166.41017395954546	[7.365204573997337, 5]
0.0	0	22.94405464080774	[1, 0]	141.61681470365141	[1.8682674237485064, 5]
0.0	0	39.13236139170125	[2, 0]	147.89069189527953	[7.781056534779147, 5]
0.0	0	38.202221232886835	[1, 0]	112.7431604218927	[6.791040605858837, 5]
0.0	0	27.21964648872783	[2, 0]	150.09013046954126	[4.83703316844697, 5]
0.0	0	15.399535026457745	[1, 0]	114.76108237046012	[4.7597024135652735, 5]
0.0	0	47.93916807844152	[1, 0]	93.86886908203795	[4.800096757195487, 5]
0.0	0	35.01473846765722	[2, 0]	109.00065441116324	[6.1815272068807126, 5]
0.0	0	46.928946096740695	[2, 0]	144.52271937711384	[2.1961147020094245, 5]
0.0	0	30.766219477806658	[2, 0]	134.71274951952802	[7.263736191660693, 5]
0.0	0	35.34302409376978	[2, 0]	90.94793805793903	[1.8888687949738012, 5]
0.0	0	46.8044882074026	[2, 0]	127.7095430054508	[6.873488017594718, 5]
0.0	0	20.33102796427237	[2, 0]	106.48371948223371	[5.017980828425272, 5]
0.0	0	13.41294107415343	[1, 0]	152.91718841150492	[5.355336924051488, 5]
0.0	0	32.99217501680974	[2, 0]	103.08111242992592	[1.5944201834605294, 5]
0.0	0	19.473704822176305	[1, 0]	136.6840756162083	[5.598119005947602, 5]
0.0	0	39.425770921496785	[1, 0]	114.33620614682422	[8.048088108261252, 5]
0.0	0	32.13365677542972	[2, 0]	104.56156582287085	[6.763651002393747, 5]
0.0	0	29.056089608489483	[2, 0]	134.8477501343283	[4.9854967175459635, 5]
0.0	0	33.47367134942942	[1, 0]	107.53828681423346	[5.857928094441399, 5]
0.0	0	47.612765549341894	[2, 0]	159.39319253820054	[6.150214216369574, 5]
0.0	0	20.615505780774534	[1, 0]	178.42047917163114	[1.7145080515774407, 5]
0.0	0	27.371309922247807	[1, 0]	104.75554943698387	[3.1385565859690745, 5]
0.0	0	12.20628556771943	[1, 0]	162.55048768726556	[7.065096449808798, 5]
0.0	0	10.565492821549874	[2, 0]	129.11891123149448	[2.662891633029887, 5]
0.0	0	20.76864352086071	[1, 0]	136.98113331061268	[2.5987946349124713, 5]
0.0	0	14.849119865590337	[2, 0]	168.7548991419162	[3.0252269044653524, 5]
0.0	0	48.90093505162818	[1, 0]	161.99674888215606	[5.601619734576776, 5]
0.0	0	28.25317087650088	[2, 0]	105.50998757896069	[2.9958941610536187, 5]
0.0	0	48.07267352315434	[2, 0]	154.10377256452682	[6.588369719459983, 5]
0.0	0	38.42046613461159	[1, 0]	108.74528286268838	[7.146179690221579, 5]
0.0	0	48.260213398371704	[1, 0]	140.33942647007805	[8.261467739408788, 5]
0.0	0	43.773539657408	[2, 0]	162.9994767696058	[5.174365645045388, 5]
0.0	0	28.201027540381975	[1, 0]	135.90512397756902	[5.373929399657796, 5]
0.0	0	45.4760187728901	[1, 0]	105.81766207854056	[5.5464338872320145, 5]
0.0	0	14.141822929403231	[2, 0]	128.50633103353786	[6.905364187778724, 5]
0.0	0	30.123111437878887	[1, 0]	97.60768596554385	[5.1417194723911805, 5]
0.0	0	34.81495022264968	[1, 0]	90.12872991172146	[6.684572939949732, 5]
0.0	0	49.51666267713776	[2, 0]	163.72490078515347	[4.501110030182104, 5]
0.0	0	28.408303907247827	[1, 0]	99.91830054328221	[4.760242539695664, 5]
0.0	0	37.83713806770486	[2, 0]	140.60190557116132	[7.878567982650731, 5]
0.0	0	32.03947685679048	[1, 0]	107.68625713298354	[6.674444341829928, 5]
0.0	0	49.188203982136805	[2, 0]	159.18115330538012	[5.2347534295410565, 5]
0.0	0	19.139909651153747	[1, 0]	93.89584377021198	[6.3939957777749115, 5]
0.0	0	27.432425852337403	[1, 0]	110.48164565439174	[3.52017553421033, 5]
0.0	0	41.838462983532864	[2, 0]	165.02536379653378	[3.312542512324257, 5]
0.0	0	12.537502399487865	[2, 0]	146.93161929066	[3.6666463255561346, 5]
0.0	0	26.965569377490347	[2, 0]	177.98847479851617	[2.145989319786478, 5]
0.0	0	46.78388454506112	[1, 0]	101.29310731389141	[2.676130670697895, 5]
0.0	0	39.19368168227578	[2, 0]	140.54680987464508	[7.719062029721026, 5]
0.0	0	47.40339467942572	[2, 0]	123.34029314917186	[5.367356991772851, 5]
0.0	0	35.1811680279566	[1, 0]	157.91147525770484	[2.21183831892366, 5]
0.0	0	38.90735497710179	[2, 0]	95.92858910245344	[6.019574678306621, 5]
0.0	0	36.557436964714526	[2, 0]	95.9432062016595	[5.136212287774301, 5]
0.0	0	42.360008798472286	[2, 0]	135.39258046917337	[3.2016537580000133, 5]
0.0	0	44.23195907351988	[1, 0]	93.84609354861433	[3.295091032338982, 5]
0.0	0	20.81935441414855	[1, 0]	115.54967193119407	[7.566205638859432, 5]
0.0	0	24.240801606275536	[1, 0]	138.07413435710552	[1.5094905018355103, 5]
0.0	0	45.99571906433855	[2, 0]	175.54400232821774	[3.152165107886827, 5]
0.0	0	31.948482239220883	[1, 0]	99.70515288642511	[3.6778010750113492, 5]
0.0	0	35.40693237135881	[2, 0]	96.02381487344206	[7.766845576178987, 5]
0.0	0	25.90744972465683	[1, 0]	115.22663833943008	[2.665280932241127, 5]
0.0	0	41.803230936025315	[2, 0]	165.78109019464705	[6.993529309150446, 5]
0.0	0	28.385675275344465	[2, 0]	117.95755525957173	[7.012901282388317, 5]
0.0	0	45.04735717917014	[2, 0]	133.2069713686253	[4.906679763119061, 5]
0.0	0	18.933941816725838	[1, 0]	174.69648946038586	[4.04372207313119, 5]
0.0	0	38.50944295470625	[1, 0]	164.97716374506757	[6.204771763165043, 5]
0.0	0	42.05143529184511	[2, 0]	134.642767439565	[3.8060277417193458, 5]
0.0	0	15.958999606173235	[2, 0]	109.53460591985578	[5.9483970447573435, 5]
0.0	0	39.176877249416876	[1, 0]	106.95374219139529	[7.255442722162007, 5]
0.0	0	16.162680674366435	[1, 0]	146.9083267001111	[2.9560537027593923, 5]
0.0	0	14.240438299725257	[2, 0]	125.32776776184456	[5.315662556614373, 5]
0.0	0	43.780864780154914	[1, 0]	123.09952157307016	[8.036708876841345, 5]
0.0	0	21.693062591293266	[2, 0]	130.79345063610523	[5.125793333841773, 5]
0.0	0	46.59844320776654	[1, 0]	124.46076473403706	[2.4142749819065026, 5]
0.0	0	38.08546404757739	[2, 0]	142.41670604558706	[5.928081045767929, 5]
0.0	0	44.95433906193933	[1, 0]	99.08756741864838	[8.112956990378215, 5]
0.0	0	39.97634979054278	[1, 0]	128.96809137117117	[3.73125792994849, 5]
0.0	0	23.802895971094237	[1, 0]	163.31867891039346	[3.3000773157786925, 5]
0.0	0	25.293976912372557	[1, 0]	176.90148417634873	[4.4045351666724635, 5]
0.0	0	41.17527498409879	[2, 0]	148.44491072322742	[4.357121565109045, 5]
0.0	0	45.1821910365912	[2, 0]	160.3875091676183	[7.260422806724047, 5]
0.0	0	48.139912445348564	[1, 0]	102.87419097810744	[7.706977724310322, 5]
0.0	0	35.20147391923271	[1, 0]	110.47960827194034	[6.799596694368669, 5]
0.0	0	43.83999940714759	[2, 0]	156.2265137463997	[5.711269220882197, 5]
0.0	0	41.41085503966809	[1, 0]	98.21588149893775	[4.912079022685539, 5]
0.0	0	11.503214759694469	[1, 0]	173.45101898291063	[3.4149002030320363, 5]
0.0	0	47.47875777060233	[1, 0]	114.24941321945974	[5.501379410824687, 5]
0.0	0	48.508492861368296	[1, 0]	159.88935474221768	[3.666507321578732, 5]
0.0	0	25.271677852939728	[2, 0]	155.5788614125787	[2.1261716327387785, 5]
0.0	0	29.425927744787973	[2, 0]	159.39772855692962	[7.879720704199386, 5]
0.0	0	36.75501410956029	[1, 0]	147.13652919051827	[4.5519507745086125, 5]
0.0	0	18.258161032900134	[1, 0]	162.72722841066252	[6.440979163906309, 5]
0.0	0	15.876127728941526	[1, 0]	100.61038345603524	[2.110584026065361, 5]
0.0	0	27.00546594584147	[2, 0]	92.12616668142923	[1.5485517894529648, 5]
0.0	0	23.420183560429358	[1, 0]	115.85216361736504	[5.777251992496113, 5]
0.0	0	34.16988457736901	[2, 0]	95.27049743282072	[3.2964041895070397, 5]
0.0	0	19.430244092561978	[1, 0]	135.1183467120655	[6.458101210334312, 5]
0.0	0	22.6026011377639	[1, 0]	143.15327304454974	[2.663026247997288, 5]
0.0	0	13.323036891297681	[1, 0]	109.53497643722396	[8.308496769666343, 5]
0.0	0	38.64121405800895	[1, 0]	176.9005200494632	[4.670043965876608, 5]
0.0	0	40.27639436689854	[2, 0]	103.17465770903308	[5.929138792071899, 5]
0.0	0	46.04699380258067	[1, 0]	113.07593073723797	[6.644648366135485, 5]
0.0	0	33.90091803197866	[2, 0]	118.10347852190783	[8.082048204147378, 5]
0.0	0	49.166976053733265	[2, 0]	119.93337151140378	[7.2776694591049464, 5]
0.0	0	20.375025714602188	[1, 0]	152.71116625937105	[4.17261759225177, 5]
0.0	0	43.54120355863729	[2, 0]	138.24041387731717	[2.1452478794174765, 5]
0.0	0	30.725764480881463	[1, 0]	102.33696552780192	[3.5754180205744306, 5]
0.0	0	27.11036847194496	[1, 0]	125.75189936329858	[3.257254587270514, 5]
0.0	0	42.455019695079805	[2, 0]	121.53315868690531	[1.717471507473567, 5]
0.0	0	49.97959818807529	[2, 0]	150.02562185320284	[5.773857294542041, 5]
0.0	0	43.079091131895574	[1, 0]	96.30477906643485	[5.87612246881848, 5]
0.0	0	26.38490807716992	[1, 0]	160.20418475071978	[4.046520628895332, 5]
0.0	0	22.05112352044393	[2, 0]	140.4489016174162	[6.913757698997709, 5]
0.0	0	34.154945689619424	[2, 0]	101.44895711413406	[5.527611689929836, 5]
0.0	0	42.765983376115756	[2, 0]	103.17602901824945	[3.3100239951913215, 5]
0.0	0	33.7290875815819	[1, 0]	128.78951692562708	[5.5050253334544745, 5]
0.0	0	30.80466398831807	[2, 0]	133.61341728462077	[5.524662691362959, 5]
0.0	0	16.307280037975502	[1, 0]	95.56913610794288	[3.926030449340015, 5]
0.0	0	22.178841220444056	[2, 0]	177.26423769577158	[2.0713740178888638, 5]
0.0	0	15.315595026866054	[2, 0]	170.95453671918833	[7.519116977158997, 5]
0.0	0	11.624494806379817	[1, 0]	152.95084147633202	[5.683808107860192, 5]
0.0	0	15.13146995511526	[2, 0]	139.1652453885742	[4.942624188971796, 5]
0.0	0	46.51434453498149	[1, 0]	137.63658757253035	[3.094708128258321, 5]
0.0	0	43.794693419936635	[2, 0]	165.07113661262446	[5.511504199968343, 5]
0.0	0	19.79025406434152	[2, 0]	115.23014871319685	[2.9760462334193445, 5]
0.0	0	19.540788706322463	[2, 0]	117.64189018380458	[2.988710462012549, 5]
0.0	0	30.149024378684132	[1, 0]	162.47054658150256	[3.5045639996221847, 5]
0.0	0	10.682647232573137	[1, 0]	141.5913735823222	[3.040365077786826, 5]
0.0	0	37.113415119435174	[1, 0]	166.7337546198637	[6.1907039423000425, 5]
0.0	0	24.4099543226584	[2, 0]	140.67946632796657	[2.316531210424899, 5]
0.0	0	49.62508595675689	[2, 0]	175.43234367699662	[7.024417982272905, 5]
0.0	0	49.430983206202065	[2, 0]	115.57349815661405	[6.841501795559957, 5]
0.0	0	29.30975463958467	[1, 0]	157.58586151452664	[3.923401225447342, 5]
0.0	0	42.49522415203941	[2, 0]	145.00306033017557	[6.324111760727171, 5]
0.0	0	15.891020614196535	[2, 0]	149.6399197044959	[2.0660527507499467, 5]
0.0	0	40.60706109054092	[2, 0]	96.01453042783628	[5.269049752382535, 5]
0.0	0	29.056612022520117	[1, 0]	130.7220791801164	[5.313083657466972, 5]
0.0	0	19.317714899571023	[2, 0]	153.81023931476017	[3.7303008714603423, 5]
0.0	0	39.639717831134796	[1, 0]	145.6327579918899	[2.952227057452461, 5]
0.0	0	39.02409564911915	[2, 0]	98.8464422757957	[4.724809184150265, 5]
0.0	0	49.449738635349824	[1, 0]	175.74820782807268	[6.886501419372021, 5]
0.0	0	18.13952549340128	[1, 0]	168.11229242591926	[7.482903620257323, 5]
0.0	0	30.69889387365562	[1, 0]	120.43303010439206	[2.821070074930754, 5]
0.0	0	23.0143292448604	[2, 0]	142.57724270379467	[2.557963934837123, 5]
0.0	0	24.74549693232777	[1, 0]	137.16748046827271	[8.24482522467296, 5]
0.0	0	49.81270943913306	[2, 0]	93.53521441949769	[6.489880065636116, 5]
0.0	0	42.26880574355663	[2, 0]	138.3414645940711	[6.089037759131193, 5]
0.0	0	30.224529243778573	[2, 0]	155.29533404730802	[5.314617408620768, 5]
0.0	0	22.401612707711568	[1, 0]	105.33382646083822	[2.042174819597727, 5]
0.0	0	21.343690935464547	[1, 0]	145.16381425145698	[7.626292150566289, 5]
0.0	0	13.37023265972247	[2, 0]	106.99105936114495	[3.713500430837048, 5]
0.0	0	49.66613192872829	[2, 0]	144.16304755631904	[3.1837223684124116, 5]
0.0	0	33.65616461334096	[2, 0]	146.12674845017835	[4.6231602782760195, 5]
0.0	0	35.75070799647117	[2, 0]	109.10348516913936	[5.762930393206215, 5]
0.0	0	31.871056704749893	[2, 0]	156.49900036167304	[3.728379178021035, 5]
0.0	0	26.630778521148017	[2, 0]	115.48541963894047	[4.264754319483056, 5]
0.0	0	14.025614843398634	[1, 0]	91.24963869980323	[1.7432984909283757, 5]
0.0	0	11.183881778462409	[1, 0]	168.25521008603664	[6.556998581368664, 5]
0.0	0	49.60288818701467	[2, 0]	102.37625723018131	[2.8739212503769, 5]
0.0	0	44.52124334940811	[2, 0]	139.47979383059334	[7.684792252269859, 5]
0.0	0	13.313514882428619	[1, 0]	156.68512867424698	[2.454925795389593, 5]
0.0	0	47.47500201276322	[2, 0]	135.2410835972864	[1.6490171151698194, 5]
0.0	0	37.18936077024359	[1, 0]	90.51560754254494	[7.162184794007768, 5]
0.0	0	16.477615321590005	[1, 0]	135.81783284680313	[2.8606353975537098, 5]
0.0	0	48.0853860562967	[2, 0]	151.30962403643164	[7.56659965141002, 5]
0.0	0	32.57841505625583	[1, 0]	114.337798927582	[5.4637944130025335, 5]
0.0	0	16.230334503361043	[1, 0]	159.64966214075557	[4.282521301890431, 5]
0.0	0	47.59608725713192	[1, 0]	155.98621853613537	[7.320626804255955, 5]
0.0	0	18.85543203105526	[1, 0]	104.78551142505518	[7.933755181364603, 5]
0.0	0	44.30736731058782	[1, 0]	164.05182702689703	[3.1688436999025806, 5]
0.0	0	13.551357183604434	[2, 0]	178.12681100752167	[6.7668907589222735, 5]
0.0	0	27.04439533875669	[2, 0]	166.0580403032278	[4.094456615130395, 5]
0.0	0	40.99509069553502	[1, 0]	93.42692435984782	[2.2247619548828146, 5]
0.0	0	22.999220059557555	[2, 0]	108.917269476952	[7.480482537651358, 5]
0.0	0	20.43065216921816	[1, 0]	135.70524350401888	[6.414730632612233, 5]
0.0	0	44.01332030442659	[2, 0]	162.49852179263152	[6.265657350420583, 5]
0.0	0	33.46314468710187	[1, 0]	116.51916565820943	[5.250234244590387, 5]
0.0	0	43.36198442076217	[1, 0]	119.33590696743349	[2.2901315380054275, 5]
0.0	0	17.54934942719099	[2, 0]	113.67052267809521	[2.004180068469147, 5]
0.0	0	36.89505905225244	[2, 0]	145.18097922316352	[3.9052336602821756, 5]
0.0	0	13.033130850799338	[2, 0]	143.69918876739953	[2.667684875137599, 5]
0.0	0	19.407532800669504	[1, 0]	125.91762311227814	[7.429955035652695, 5]
0.0	0	19.00696939499135	[2, 0]	131.53640286023267	[1.90918955677119, 5]
0.0	0	42.83292196030729	[2, 0]	130.25682690358022	[2.078543187870274, 5]
0.0	0	32.264231460278594	[2, 0]	104.41635322887471	[6.655033249107666, 5]
0.0	0	12.854227389814676	[2, 0]	168.65610191338692	[2.8179860579608356, 5]
0.0	0	39.35792259888245	[2, 0]	111.66569901164495	[3.5176226850057857, 5]
0.0	0	21.332844945501257	[1, 0]	114.6893763993339	[6.8081309902796425, 5]
0.0	0	48.5066953962121	[1, 0]	127.16002121714354	[7.273307067592926, 5]
0.0	0	31.209852502906912	[2, 0]	114.5314135840825	[5.910037544603354, 5]
0.0	0	29.973859343366204	[2, 0]	112.3086930003951	[1.5973676630899274, 5]
0.0	0	17.28113516411446	[2, 0]	113.80718453176198	[5.842599183258933, 5]
0.0	0	41.30754829745663	[1, 0]	107.60596796024801	[6.435841867312338, 5]
0.0	0	42.26536797158244	[1, 0]	157.3174992104383	[5.00070229153671, 5]
0.0	0	33.90254682699272	[1, 0]	97.404193533835	[2.6538007913115584, 5]
0.0	0	19.676384261166202	[2, 0]	160.39659434024992	[2.9224820488701546, 5]
0.0	0	27.481168842225667	[1, 0]	99.40032882582149	[8.038169180239061, 5]
0.0	0	11.620703837494695	[2, 0]	104.3375565420056	[1.839266543956853, 5]
0.0	0	37.362865413790836	[1, 0]	106.76128248846551	[4.637404921770608, 5]
0.0	0	26.93675707043692	[2, 0]	129.41360533905788	[2.091296226227319, 5]
0.0	0	42.20861661972613	[2, 0]	148.36728103179394	[1.5117010286435943, 5]
0.0	0	40.449827696046	[2, 0]	155.32307054609964	[7.80154453180731, 5]
0.0	0	14.216379846207415	[2, 0]	174.89337677703682	[5.943793155778921, 5]
0.0	0	23.541374083296226	[2, 0]	165.86530669025905	[2.159958262773631, 5]
0.0	0	13.95638935173214	[1, 0]	134.25898613290332	[1.5725666100090858, 5]
0.0	0	13.314598204018436	[1, 0]	130.703477609839	[4.111309001838994, 5]
0.0	0	41.663766599864026	[1, 0]	144.4252224009743	[4.216734992856236, 5]
0.0	0	27.482198283366444	[2, 0]	171.72167548075902	[3.826248922393767, 5]
0.0	0	38.49395412256391	[1, 0]	163.0942804887046	[6.542418829579478, 5]
0.0	0	39.86089412278297	[1, 0]	130.22311678763734	[6.316116799303102, 5]
0.0	0	40.902952032724805	[1, 0]	114.85684712296063	[2.103214205058656, 5]
0.0	0	25.521193726506585	[2, 0]	112.86667228311758	[2.7889332954478108, 5]
0.0	0	47.254367642669656	[1, 0]	143.86704308125024	[3.4566044054820773, 5]
0.0	0	40.482282536143224	[2, 0]	94.33208899957735	[3.040950399435848, 5]
0.0	0	36.324478206040894	[2, 0]	131.33728390205002	[3.5934113950778497, 5]
0.0	0	33.45175120379212	[2, 0]	167.1251729116779	[1.6174249519854587, 5]
0.0	0	28.692569822051855	[2, 0]	111.44421930797152	[2.9333716684976685, 5]
0.0	0	45.78617028417347	[2, 0]	126.54864515058334	[6.268511031346757, 5]
0.0	0	47.48652689596732	[2, 0]	172.74395827125608	[1.407150324463528, 5]
0.0	0	14.939875376905	[1, 0]	99.40272508031951	[4.479517024880738, 5]
0.0	0	17.913146276760582	[2, 0]	141.03272394312785	[7.299397752364704, 5]
0.0	0	33.31327107725569	[2, 0]	154.52211329914013	[3.103177054654913, 5]
0.0	0	23.02860985280859	[1, 0]	178.77940524906182	[2.7939652679697526, 5]
0.0	0	16.116999829900017	[1, 0]	136.17025448567165	[5.213932519290708, 5]
0.0	0	47.654913071502364	[2, 0]	128.6711007394919	[7.727356169387215, 5]
0.0	0	45.19288408157042	[2, 0]	142.99740881373287	[3.7928129122463963, 5]
0.0	0	21.301498126318254	[2, 0]	106.19232420178776	[2.245044751294193, 5]
0.0	0	43.54906031288779	[1, 0]	92.37279991392256	[3.5057700930581595, 5]
0.0	0	27.138112117656235	[1, 0]	98.2647268042828	[2.053218769445359, 5]
0.0	0	29.22618718244879	[1, 0]	162.08827504761985	[2.5182611307440506, 5]
0.0	0	26.81844616953022	[2, 0]	171.11140314322643	[6.958614952892442, 5]
0.0	0	10.310215205175277	[1, 0]	147.081751532275	[3.632255630400686, 5]
0.0	0	28.06288687011959	[1, 0]	140.45293818432478	[6.464742061220664, 5]
0.0	0	14.099944526313612	[1, 0]	124.85639043857202	[7.709278920240281, 5]
0.0	0	21.004001651449677	[2, 0]	143.87539773626577	[2.54601265265828, 5]
0.0	0	34.08632695015601	[2, 0]	174.68902601892913	[6.6503568920732175, 5]
0.0	0	46.36699546604068	[2, 0]	103.3798170252855	[2.2101466104300425, 5]
0.0	0	39.694088661761604	[2, 0]	163.88471279568435	[5.795050155645343, 5]
0.0	0	39.22891175474411	[1, 0]	169.23347515569927	[3.6733422296109026, 5]
0.0	0	10.442717736747468	[2, 0]	149.2048241483265	[6.414377489293847, 5]
0.0	0	43.128268677089984	[2, 0]	103.4427622184503	[7.786314002417115, 5]
0.0	0	45.93770228833966	[2, 0]	174.03182982328389	[3.9417657351353688, 5]
0.0	0	26.160731515161718	[1, 0]	107.78808550054111	[3.8060970615297793, 5]
0.0	0	22.82311056777918	[1, 0]	158.93202268968355	[6.9406779092589925, 5]
0.0	0	33.270119047607785	[1, 0]	133.69077879888474	[5.395391092040834, 5]
0.0	0	29.149758269737337	[2, 0]	175.7259420569063	[2.2580317951874456, 5]
0.0	0	34.65657812385047	[2, 0]	106.93719539245855	[7.524328130874583, 5]
0.0	0	49.37207850773446	[2, 0]	163.7409918264002	[8.282110374670427, 5]
0.0	0	35.48606070407918	[1, 0]	172.3224727223076	[7.9885858595966655, 5]
0.0	0	21.925930385959774	[2, 0]	114.55478106362116	[2.7698071205416364, 5]
0.0	0	49.508264709178256	[1, 0]	110.22714209242534	[7.841064220065223, 5]
0.0	0	26.708566230517977	[1, 0]	138.67815608131247	[4.435371562391416, 5]
0.0	0	30.98713735993865	[1, 0]	139.7296469871094	[3.1012493470875286, 5]
0.0	0	15.246248102732249	[2, 0]	100.44491927024907	[2.8518099722378385, 5]
0.0	0	30.017226005581534	[1, 0]	117.77773706323845	[2.4636060499221246, 5]
0.0	0	33.52010873928891	[1, 0]	159.23040135078986	[5.601973236923976, 5]
0.0	0	33.75722462726316	[2, 0]	151.22742147596173	[8.224442685130784, 5]
0.0	0	17.123642431487145	[2, 0]	105.38000444350408	[7.898855060052283, 5]
0.0	0	38.61318755318034	[2, 0]	143.1908452975547	[3.1770910594328963, 5]
0.0	0	45.78486045962381	[2, 0]	122.89129009438943	[3.40716751796322, 5]
0.0	0	37.40707708666558	[2, 0]	113.20299406383283	[5.5897257498120725, 5]
0.0	0	41.217986743506486	[2, 0]	110.59353220137112	[5.787875199760496, 5]
0.0	0	30.884868894807816	[1, 0]	172.06708166172777	[1.9922726887523043, 5]
0.0	0	44.99566754455316	[1, 0]	169.11165270378612	[7.629126088365899, 5]
0.0	0	47.913087291206644	[2, 0]	146.5152702285116	[3.8647801808120343, 5]
0.0	0	21.35628441233994	[2, 0]	97.46309635084171	[4.37580924127956, 5]
0.0	0	28.130389991265176	[1, 0]	152.4810495983325	[4.538787063252981, 5]
0.0	0	34.40782545242071	[2, 0]	118.93682269543034	[8.286598141228755, 5]
0.0	0	49.597851606449915	[1, 0]	161.0258848950523	[5.19386344985718, 5]
0.0	0	37.413737910921945	[1, 0]	98.40293773277129	[7.122481324116524, 5]
0.0	0	38.103422894952516	[2, 0]	108.85630825499653	[6.149119775963975, 5]
0.0	0	36.85015129776863	[1, 0]	121.1397811161652	[7.819386217350284, 5]
0.0	0	49.376957590786944	[1, 0]	94.83100565423987	[5.283564793264809, 5]
0.0	0	40.83122065434857	[1, 0]	108.41740103454717	[1.4674117949988228, 5]
0.0	0	12.305095227959965	[2, 0]	104.28751295491566	[4.93171108470528, 5]
0.0	0	31.66758672717812	[2, 0]	109.44012108966349	[2.614181116459192, 5]
0.0	0	23.104079948163147	[1, 0]	118.70417070760433	[4.3765739672202315, 5]
0.0	0	42.29010482998293	[1, 0]	155.23142898303874	[5.4412454334215, 5]
0.0	0	39.57752912401428	[2, 0]	97.73252856624693	[6.485581910273478, 5]
0.0	0	46.19538481145089	[2, 0]	169.41100548054686	[3.4778752089952283, 5]
0.0	0	48.5539125300894	[2, 0]	103.52370989533856	[7.940453719607329, 5]
0.0	0	10.653012307395793	[2, 0]	156.41969967535545	[4.801573179335349, 5]
0.0	0	44.49120955477178	[2, 0]	143.12378322487433	[1.775199906229764, 5]
0.0	0	34.05994663153222	[1, 0]	145.56507504374753	[4.000322976244227, 5]
0.0	0	48.12823763823622	[2, 0]	176.56173558768614	[6.371178309975628, 5]
0.0	0	47.32736568553353	[2, 0]	106.7671419660063	[4.952073744467805, 5]
0.0	0	48.101262707567	[2, 0]	151.45318273523733	[4.829534150540978, 5]
0.0	0	26.97940440570021	[2, 0]	170.13953730543813	[6.932220065518665, 5]
0.0	0	36.80230513459607	[1, 0]	103.9012578967786	[1.5624281544381833, 5]
0.0	0	17.4524525862844	[2, 0]	130.12100992654464	[5.294144535817745, 5]
0.0	0	13.931329804937768	[1, 0]	173.2666349574179	[4.751618449147621, 5]
0.0	0	38.3416176927538	[2, 0]	113.60406260869264	[6.494821569654818, 5]
0.0	0	29.359458084002124	[1, 0]	130.0801203415086	[3.9971352759089935, 5]
0.0	0	28.2334983031282	[1, 0]	138.33637879889272	[7.10535686516, 5]
0.0	0	17.394992984005263	[1, 0]	156.4369803009082	[4.575153596015989, 5]
0.0	0	13.16572954495308	[2, 0]	126.52655733649132	[5.936829668584626, 5]
0.0	0	19.355792999503233	[2, 0]	172.70701286534947	[3.751655654020229, 5]
0.0	0	30.343250710640454	[2, 0]	116.56216519436168	[7.583327650471645, 5]
0.0	0	47.92538959941073	[1, 0]	101.8992139739167	[7.32061769932828, 5]
0.0	0	27.988229743879252	[2, 0]	176.31984583790472	[4.445349299235107, 5]
0.0	0	39.50859118791943	[1, 0]	146.64617875835265	[1.8952088953299573, 5]
0.0	0	32.31288353155984	[2, 0]	171.58987115796913	[3.494966098074858, 5]
0.0	0	16.786383793080752	[1, 0]	152.3318470406924	[6.828486389629426, 5]
0.0	0	47.79597941990745	[1, 0]	136.05824425895608	[7.638847435169887, 5]
0.0	0	27.885710222709182	[2, 0]	159.3767075091475	[8.299357156551077, 5]
0.0	0	13.600205673417568	[2, 0]	105.6496512590287	[2.2161034379695748, 5]
0.0	0	29.052342505993348	[1, 0]	153.6776695026646	[3.1582638711357256, 5]
0.0	0	43.63867642462017	[1, 0]	94.23866598278659	[7.554044216055985, 5]
0.0	0	39.38807225420999	[2, 0]	118.0164431666353	[5.947024185292022, 5]
0.0	0	26.730506553692532	[1, 0]	154.03838049905352	[6.451672824867039, 5]
0.0	0	25.009425588617646	[2, 0]	100.48965674545748	[6.999818552106246, 5]
0.0	0	15.518094924147876	[1, 0]	173.5131453033962	[2.218428044565072, 5]
0.0	0	24.19578294755343	[2, 0]	121.06954057479511	[5.516381435338697, 5]
0.0	0	15.567503770277254	[2, 0]	160.84482440495918	[8.208531675849812, 5]
0.0	0	36.78546277759551	[1, 0]	130.06872816325014	[3.179725375811441, 5]
0.0	0	41.67789437745694	[2, 0]	126.02882926652762	[2.5363722880390402, 5]
0.0	0	25.442947659407995	[1, 0]	170.02863629231422	[2.7761845719272484, 5]
0.0	0	24.44708631151485	[2, 0]	152.51593181886653	[4.0000958275467555, 5]
0.0	0	12.001422458674247	[1, 0]	166.2371419157222	[3.096405229953038, 5]
0.0	0	35.00236114079988	[1, 0]	119.76143356582607	[5.410680268680556, 5]
0.0	0	41.15382164258409	[1, 0]	158.64684380191878	[2.1166856351779573, 5]
0.0	0	43.95315089502551	[2, 0]	153.67504464274157	[5.786194939668418, 5]
0.0	0	34.109018447690744	[2, 0]	144.59816163811738	[5.049982230284099, 5]
0.0	0	30.467767244138887	[1, 0]	91.55122747899607	[4.407400782546911, 5]
0.0	0	34.58122325426948	[1, 0]	99.71162129511725	[2.1524224061810795, 5]
0.0	0	22.529155293916297	[2, 0]	101.9182961180276	[5.17235734584863, 5]
0.0	0	11.791717612114374	[1, 0]	107.94608269345466	[2.575982317435748, 5]
0.0	0	23.155960501218114	[1, 0]	97.187652539021	[2.6514225154507858, 5]
0.0	0	14.395935814028899	[2, 0]	100.04174701907883	[7.293315377680748, 5]
0.0	0	21.793161385376656	[2, 0]	136.53572220514272	[3.9505495811387132, 5]
0.0	0	34.15454639364055	[1, 0]	106.57674441714379	[5.3498686404821605, 5]
0.0	0	37.058371592852104	[2, 0]	122.66425117300925	[7.8473023167706035, 5]
0.0	0	39.027895070184655	[2, 0]	166.59314983186093	[3.607931299453591, 5]
0.0	0	22.485456037402763	[1, 0]	90.60459941785402	[6.264794055664049, 5]
0.0	0	45.415766048415	[2, 0]	147.9703948906542	[7.055231205537394, 5]
0.0	0	37.195953794710995	[1, 0]	134.6682029177597	[5.566759149152599, 5]
0.0	0	49.87941656060746	[2, 0]	156.66973953480442	[5.646283507615476, 5]
0.0	0	18.335010711084657	[1, 0]	145.09371284986128	[5.101394113378236, 5]
0.0	0	31.549420683104938	[2, 0]	148.83629444716377	[4.490441432782466, 5]
0.0	0	11.434114924083223	[1, 0]	106.00114291358608	[6.491989640497503, 5]
0.0	0	10.153672095168403	[2, 0]	109.9683736439407	[5.800655818457015, 5]
0.0	0	33.41706987982628	[2, 0]	89.09809354777701	[2.021394900902507, 5]
0.0	0	46.663351546456454	[1, 0]	133.66093592361645	[3.8654848887134334, 5]
0.0	0	20.500288799187576	[1, 0]	106.27363158602304	[2.150538246020433, 5]
0.0	0	46.62396959703398	[1, 0]	110.09923862583699	[5.120309136102177, 5]
0.0	0	25.340769351834727	[1, 0]	93.66715249791413	[1.684074374722111, 5]
0.0	0	48.75945677954015	[1, 0]	133.02846861270817	[5.880022878508971, 5]
0.0	0	20.56859736159807	[2, 0]	172.14450341805002	[2.6844593537891255, 5]
0.0	0	28.705713805596822	[2, 0]	117.9197831680495	[6.425924910974005, 5]
0.0	0	36.69296845431171	[1, 0]	117.60989260123216	[1.5534858048261262, 5]
0.0	0	37.749993788044954	[2, 0]	158.60028086343388	[3.7110532517538384, 5]
0.0	0	30.270864245174383	[2, 0]	177.17937906603288	[7.077525004225195, 5]
0.0	0	39.41001021818588	[2, 0]	107.00219216288467	[3.868476496537528, 5]
0.0	0	42.75402463343871	[1, 0]	154.05137052835568	[6.906090035885979, 5]
0.0	0	20.03379585161525	[1, 0]	140.29290717389995	[6.16647553869586, 5]
0.0	0	16.997899418572892	[1, 0]	135.61330870474515	[5.832137138247608, 5]
0.0	0	22.37701245873028	[1, 0]	118.9328010111578	[5.192848422327586, 5]
0.0	0	39.265019913474795	[2, 0]	104.64547938639983	[7.699965087035347, 5]
0.0	0	11.30574839379355	[1, 0]	153.11836619992584	[3.060200182243505, 5]
0.0	0	36.17130284247228	[2, 0]	133.40631069629768	[5.631683157251245, 5]
0.0	0	21.605213805102558	[1, 0]	115.25125926895801	[8.117064555503076, 5]
0.0	0	45.84699196630623	[2, 0]	122.35940700806985	[8.171036806102483, 5]
0.0	0	17.410801349312692	[1, 0]	107.17326099396482	[7.2972354290655375, 5]
0.0	0	39.89107545778492	[1, 0]	161.8234809516453	[8.263513052829198, 5]
0.0	0	18.74841880468338	[1, 0]	96.5106398165668	[6.683557190269316, 5]
0.0	0	38.79452908964477	[1, 0]	142.46733019325154	[7.0838183379509365, 5]
0.0	0	12.758778046931276	[2, 0]	173.84208128402173	[2.8998165808817404, 5]
0.0	0	47.90476599698147	[2, 0]	104.43534087704644	[5.236764949432811, 5]
0.0	0	34.86124631821273	[2, 0]	107.38081097163858	[1.9331597087059937, 5]
0.0	0	28.799696732094503	[2, 0]	143.91427484934468	[7.060012653247354, 5]
0.0	0	29.653904744145038	[1, 0]	92.95103965867129	[4.367614994623351, 5]
0.0	0	29.123541900726906	[1, 0]	148.57562449988757	[1.4715391144120413, 5]
0.0	0	20.86794153512169	[1, 0]	95.69855218755065	[7.169579347026119, 5]
0.0	0	38.60979252864256	[2, 0]	120.90386248122562	[7.931559228288253, 5]
0.0	0	19.799466989228907	[2, 0]	159.0750213012281	[3.2929720296546896, 5]
0.0	0	15.587479382574148	[1, 0]	108.07927801334475	[5.520604505124024, 5]
0.0	0	43.955267212106655	[1, 0]	118.54008147983372	[6.016671320933482, 5]
0.0	0	17.70556832720087	[1, 0]	168.52483893794738	[6.601735592780181, 5]
0.0	0	35.67949398584501	[2, 0]	130.97532944802606	[2.4067452620460617, 5]
0.0	0	14.54718099906125	[1, 0]	126.82436811562746	[4.029505901054443, 5]
0.0	0	30.31131901720213	[2, 0]	170.64976537759736	[3.775389180799011, 5]
0.0	0	29.910519210237332	[2, 0]	163.0603434692472	[2.349192182545096, 5]
0.0	0	19.254641809365975	[1, 0]	95.35151534162644	[6.212585120147654, 5]
0.0	0	15.600251600011005	[2, 0]	153.08765637941474	[3.985071923949984, 5]
0.0	0	23.498506935119394	[2, 0]	176.14852657345864	[7.8331274997020515, 5]
0.0	0	17.384686651464744	[1, 0]	103.00379261816475	[4.033341167279538, 5]
0.0	0	44.479632740521716	[1, 0]	165.0498563458212	[7.335312126247171, 5]
0.0	0	40.89116910647723	[1, 0]	97.54500720053605	[2.343946827226578, 5]
0.0	0	12.734550473126633	[2, 0]	169.25339494750102	[1.91245861479416, 5]
0.0	0	17.19640740266694	[1, 0]	174.2064585274798	[3.73753124449717, 5]
0.0	0	10.755376622270845	[2, 0]	115.84933738435707	[4.4073141475877184, 5]
0.0	0	25.945183902406338	[1, 0]	146.89465251961445	[5.441564401079888, 5]
0.0	0	28.74502451535083	[2, 0]	117.25467799486967	[5.437051522268662, 5]
0.0	0	10.589620099901166	[2, 0]	100.71375674526726	[4.812071491457572, 5]
0.0	0	10.812893673740883	[1, 0]	175.09239359303328	[4.121010630929867, 5]
0.0	0	19.87935472732772	[2, 0]	129.52185330830926	[2.998218385334683, 5]
0.0	0	29.356077223061895	[1, 0]	159.87805963776117	[5.224544722202046, 5]
0.0	0	12.923494712207455	[2, 0]	137.94801263146186	[2.5625998387722575, 5]
0.0	0	12.795000303924162	[1, 0]	102.70394226816482	[8.2135521731502, 5]
0.0	0	19.756286354078647	[2, 0]	172.4186768922188	[2.0978756897623985, 5]
0.0	0	12.873499431641127	[1, 0]	126.99105714551365	[5.693570571045376, 5]
0.0	0	31.489926470712707	[1, 0]	111.92554736168599	[3.7721536482163187, 5]
0.0	0	22.83430796654775	[1, 0]	93.12121787385301	[4.901580117828365, 5]
0.0	0	10.618697098653968	[2, 0]	139.33118804473096	[4.452859672697726, 5]
0.0	0	15.128966159760193	[2, 0]	123.1744883251703	[6.93915320964695, 5]
0.0	0	32.13004759133056	[2, 0]	129.82377548167153	[5.971476867661965, 5]
0.0	0	28.350445998480915	[1, 0]	118.56876425488392	[6.836858509281095, 5]
0.0	0	25.608083450005346	[2, 0]	93.32933817013857	[7.117357992706168, 5]
0.0	0	46.716790248120354	[1, 0]	164.85798196731602	[3.875138454224117, 5]
0.0	0	42.527793112883415	[1, 0]	171.8741211208336	[4.433754637492758, 5]
0.0	0	26.808978113974018	[1, 0]	126.18146020572318	[4.1621169755568035, 5]
0.0	0	47.39118647756228	[2, 0]	141.79706553357423	[4.154802290557377, 5]
0.0	0	31.467391308513832	[2, 0]	157.202912601649	[7.430144508012511, 5]
0.0	0	28.841653354666544	[1, 0]	119.6287320536889	[2.9095852798191206, 5]
0.0	0	27.031157430819345	[1, 0]	150.93143067891987	[3.4734471245609884, 5]
0.0	0	30.859281378953927	[2, 0]	90.63083807920117	[3.7307865121837693, 5]
0.0	0	49.19019302305235	[2, 0]	161.0662536286332	[6.263645318364747, 5]
0.0	0	18.413173302619434	[1, 0]	140.7014318125409	[7.367740331116961, 5]
0.0	0	31.12987129705646	[1, 0]	157.28419247429224	[5.1222988083487575, 5]
0.0	0	48.73977537459012	[1, 0]	135.41919820017017	[2.54819452471728, 5]
0.0	0	17.074416322055736	[1, 0]	162.96730826130408	[5.479500916722452, 5]
0.0	0	21.60886042771154	[2, 0]	157.1687252934255	[7.854991696267539, 5]
0.0	0	13.362534502826753	[2, 0]	177.1813854323189	[4.325072917201481, 5]
0.0	0	44.60824386277558	[2, 0]	124.8936442501535	[2.437627044455835, 5]
0.0	0	16.369678808065903	[1, 0]	171.81822579755163	[5.146010423103901, 5]
0.0	0	39.742345544756255	[1, 0]	108.94966380275824	[7.163937010966566, 5]
0.0	0	23.477412065625302	[1, 0]	100.78841781687987	[4.822564039376798, 5]
0.0	0	18.951365608108723	[2, 0]	105.41299329806726	[7.933964073986445, 5]
0.0	0	10.689474914147603	[1, 0]	127.73936174975249	[6.579740336106592, 5]
0.0	0	29.822659790633086	[2, 0]	162.59144524879986	[5.674001791048, 5]
0.0	0	21.787387331822483	[1, 0]	150.67349292761546	[2.131232382171396, 5]
0.0	0	48.76142943502883	[2, 0]	103.54951268314112	[1.4803646403464161, 5]
0.0	0	37.2765631937164	[1, 0]	117.73111087841096	[4.98786535207211, 5]
0.0	0	34.94569585464096	[2, 0]	99.43864321619128	[4.560777990988686, 5]
0.0	0	10.898061385836812	[2, 0]	135.75259631041368	[7.049753782132724, 5]
0.0	0	46.95997396476612	[2, 0]	156.14493103798722	[6.033195749970828, 5]
0.0	0	45.358411867984636	[2, 0]	128.32492223054308	[2.913594773460142, 5]
0.0	0	18.335915574756932	[1, 0]	114.05077789467468	[6.261230307629985, 5]
0.0	0	14.743493715395779	[1, 0]	130.73318722872082	[5.0151995652460615, 5]
0.0	0	38.2397970423994	[1, 0]	122.9824029014062	[2.9711965950344363, 5]
0.0	0	47.24606978591609	[1, 0]	147.42025304872772	[4.101832524312762, 5]
0.0	0	18.009141887169807	[2, 0]	130.75143815911846	[4.442546841132574, 5]
0.0	0	49.57556211444526	[2, 0]	117.11076297996723	[4.074730396509718, 5]
0.0	0	34.4500116984326	[2, 0]	97.28497687346308	[3.8986426107890177, 5]
0.0	0	44.609941433638646	[1, 0]	123.85863120371951	[4.307622355747468, 5]
0.0	0	17.544432737587957	[2, 0]	151.34207034223553	[8.069438199993844, 5]
0.0	0	20.075709359653427	[2, 0]	111.58281992461039	[3.011752684328545, 5]
0.0	0	30.358723944257335	[1, 0]	152.28664455880147	[3.727829256355144, 5]
0.0	0	38.651827466803574	[1, 0]	93.71103527852975	[5.176616010753973, 5]
0.0	0	48.4312891317678	[1, 0]	89.66266625652727	[7.720088417565934, 5]
0.0	0	20.875268815526294	[1, 0]	148.44791191065923	[2.4646928699913917, 5]
0.0	0	38.732021304672365	[1, 0]	102.10969362690017	[5.585415414789004, 5]
0.0	0	31.88768133050495	[1, 0]	139.59393315894698	[4.109313495067428, 5]
0.0	0	25.343305223166105	[2, 0]	143.55476213097202	[6.308484516877645, 5]
0.0	0	29.18108999432924	[1, 0]	173.05333186122184	[1.8356055164905036, 5]
0.0	0	28.308282690757203	[1, 0]	118.59434957735687	[7.384098565378178, 5]
0.0	0	46.947539985398826	[2, 0]	96.21620984740619	[6.466289734670853, 5]
0.0	0	48.16125098544752	[1, 0]	155.3473681357279	[7.487576460350806, 5]
0.0	0	15.61686614749576	[2, 0]	167.8290293633974	[4.825034251298277, 5]
0.0	0	34.77887035239143	[1, 0]	108.57759327807884	[3.744924315185713, 5]
0.0	0	18.869815725919963	[2, 0]	137.75219129357396	[7.378478849189257, 5]
0.0	0	46.39258813164154	[1, 0]	118.48506500479593	[5.754873496446753, 5]
0.0	0	22.262076488198694	[1, 0]	119.19991479778476	[6.344301833138154, 5]
0.0	0	31.41785719648524	[1, 0]	94.22654994280762	[4.0816288208298515, 5]
0.0	0	41.4913522860133	[1, 0]	91.86518470885213	[8.251849920003458, 5]
0.0	0	24.32944681273558	[1, 0]	149.80835659691766	[4.832619899642006, 5]
0.0	0	39.325258886791374	[2, 0]	90.20090228248954	[7.617500461502445, 5]
0.0	0	19.883560766671433	[2, 0]	148.9394431536188	[2.717228061632646, 5]
0.0	0	34.51638387345847	[1, 0]	104.34001717013994	[4.38084068150843, 5]
0.0	0	39.64348434305973	[2, 0]	156.45365366050424	[4.392022103054947, 5]
0.0	0	23.128692016594382	[2, 0]	132.52595427539268	[6.67913049531683, 5]
0.0	0	18.163510408863083	[1, 0]	160.21578469030993	[2.3106618472303246, 5]
0.0	0	23.165175109987945	[2, 0]	134.581002431133	[6.381821728067723, 5]
0.0	0	46.609009440357184	[2, 0]	109.81442752484836	[1.6782478676072257, 5]
0.0	0	18.072541091205146	[2, 0]	103.00083245946612	[6.933489962933793, 5]
0.0	0	22.782072610555005	[1, 0]	169.74688177634215	[4.324166819075731, 5]
0.0	0	49.99935400099721	[1, 0]	107.7718280684264	[6.563503853409772, 5]
0.0	0	49.408714773984634	[2, 0]	128.81574077531963	[1.9358599659871776, 5]
0.0	0	25.782251114005742	[2, 0]	131.21947414876934	[8.103113472187395, 5]
0.0	0	16.22706171475616	[1, 0]	140.79303700136364	[5.359334052752112, 5]
0.0	0	29.30588272156092	[2, 0]	132.7744007411989	[3.389352056725764, 5]
0.0	0	35.295686496445974	[2, 0]	111.91721838351705	[2.7233075572789764, 5]
0.0	0	35.52229473684904	[2, 0]	157.22426123144584	[4.052380933825194, 5]
0.0	0	44.389622015108856	[1, 0]	109.82855822729357	[5.898606924390826, 5]
0.0	0	22.89808777205019	[1, 0]	113.63637750792856	[3.748167819362234, 5]
0.0	0	36.446177042324805	[1, 0]	123.02869021505504	[7.2613935619357095, 5]
0.0	0	29.835705158537316	[1, 0]	163.8157657251026	[3.5824656725403003, 5]
0.0	0	12.79713941471751	[1, 0]	116.8685959506452	[5.072940782708852, 5]
0.0	0	20.970555944050197	[1, 0]	103.07721391182304	[1.8257136659271422, 5]
0.0	0	41.35175029559714	[2, 0]	158.18565764362052	[5.1832847959352595, 5]
0.0	0	28.415159115407782	[1, 0]	168.6554334771217	[4.033668136711785, 5]
0.0	0	43.225394402833444	[2, 0]	170.20299599537296	[2.9782742870133876, 5]
0.0	0	45.34055565250678	[2, 0]	103.75404149135676	[8.181577239502142, 5]
0.0	0	25.097993534526346	[2, 0]	97.05567972145508	[3.179886196920346, 5]
0.0	0	36.52785029638817	[2, 0]	89.03528633416278	[2.59336309710047, 5]
0.0	0	11.598992691619685	[2, 0]	113.28537273346704	[1.438170029053103, 5]
0.0	0	10.93987770190792	[1, 0]	115.1455756406262	[8.24309847876557, 5]
0.0	0	18.491377208133155	[2, 0]	163.58414684879676	[3.0743429023088797, 5]
0.0	0	24.856913209632342	[2, 0]	169.61810626478297	[6.693667108614472, 5]
0.0	0	26.466624547962603	[2, 0]	146.16571187470586	[5.876935096529685, 5]
0.0	0	42.44255756756199	[1, 0]	139.18868796270635	[5.060494991583872, 5]
0.0	0	48.259872539163304	[1, 0]	178.67780116389383	[2.1516079131135055, 5]
0.0	0	11.721994513022695	[1, 0]	89.51350606334532	[6.733181687797518, 5]
0.0	0	21.844241551383252	[2, 0]	167.5048798203402	[4.683962126741184, 5]
0.0	0	23.029628197394963	[1, 0]	148.42323087865202	[4.654109189187389, 5]
0.0	0	34.42356128921454	[2, 0]	112.26207384600025	[7.115642305433662, 5]
0.0	0	22.102051507074336	[2, 0]	102.75697672910458	[2.6463113359015518, 5]
0.0	0	27.780628040540563	[2, 0]	134.23834545313616	[7.031317149925827, 5]
0.0	0	13.45177566729627	[2, 0]	105.41446949414473	[5.071674498892563, 5]
0.0	0	44.62728995559045	[2, 0]	174.60647948172056	[2.188404233328422, 5]
0.0	0	25.980213372649672	[2, 0]	99.03293640793602	[5.089180011817551, 5]
0.0	0	26.220919049873633	[2, 0]	126.62936919614347	[3.590839277348015, 5]
0.0	0	20.651302121904294	[1, 0]	109.28765973647513	[2.853846417491228, 5]
0.0	0	20.94410404034501	[2, 0]	116.20868790399683	[1.8355435316276671, 5]
0.0	0	49.29337470665882	[1, 0]	111.22571839632654	[5.5042713170925825, 5]
0.0	0	47.57480418634886	[1, 0]	139.81124770237307	[5.34410507565649, 5]
0.0	0	21.979390383071543	[1, 0]	122.88446514655794	[4.20098131286217, 5]
0.0	0	36.419251946737695	[2, 0]	161.28621174028797	[7.752900990766913, 5]
0.0	0	30.37648605307987	[2, 0]	90.24362957702387	[6.452036838575405, 5]
0.0	0	35.76511584268876	[2, 0]	96.99561375212944	[5.295138352791192, 5]
0.0	0	37.403334191954265	[2, 0]	98.61040440933033	[3.5723744061648617, 5]
0.0	0	40.89055290306772	[2, 0]	155.22341963102664	[2.098801315131808, 5]
0.0	0	49.310810323607036	[1, 0]	106.2667311491069	[3.6075048699851124, 5]
0.0	0	46.8483622398483	[2, 0]	98.75297385429346	[2.1610634034756293, 5]
0.0	0	23.196743884567393	[1, 0]	99.64351048315709	[4.420199385629573, 5]
0.0	0	22.757876036244436	[2, 0]	156.78559810257647	[7.6619897049658325, 5]
0.0	0	39.160489307670154	[1, 0]	164.42305203838123	[4.453178498673644, 5]
0.0	0	35.947890151732835	[2, 0]	164.33071084872498	[6.183952129147258, 5]
0.0	0	32.16483531299306	[1, 0]	130.06869088430784	[6.52972022259237, 5]
0.0	0	29.036767862278236	[2, 0]	93.70581866325631	[7.053044945060169, 5]
0.0	0	39.312817586009594	[1, 0]	93.44659685303762	[6.210094454782348, 5]
0.0	0	25.53343041593197	[1, 0]	177.51216944194744	[7.414491799546484, 5]
0.0	0	39.83320083097509	[2, 0]	171.6230483788325	[6.41186850074314, 5]
0.0	0	44.22238751472625	[1, 0]	153.9710062257849	[3.965528053458017, 5]
0.0	0	44.24013808552149	[2, 0]	168.10897962143298	[1.733364841290524, 5]
0.0	0	21.32223349588887	[2, 0]	100.38249432794215	[4.400236417013184, 5]
0.0	0	37.591466450704175	[1, 0]	129.00272357216744	[7.713240189352853, 5]
0.0	0	10.080814124265164	[1, 0]	155.56434460738487	[1.7744645618594086, 5]
0.0	0	23.23653311727538	[2, 0]	99.45440417718856	[5.253429809861563, 5]
0.0	0	27.247192791248235	[2, 0]	151.74357776714405	[6.907026344962377, 5]
0.0	0	49.39065123588836	[2, 0]	177.20442007998338	[6.375874592116431, 5]
0.0	0	34.29463927273327	[1, 0]	130.141878501422	[1.8898711268667325, 5]
0.0	0	21.216497033901852	[2, 0]	107.24925450059342	[7.600573226282444, 5]
0.0	0	16.72348699059558	[2, 0]	113.21594197098598	[2.268748653185801, 5]
0.0	0	49.62349459907771	[1, 0]	162.98338808818622	[5.4604137151658305, 5]
0.0	0	18.74597937670135	[1, 0]	171.80190353287884	[4.686155237255488, 5]
0.0	0	18.597983221597218	[1, 0]	136.60594553569078	[3.221641130201475, 5]
0.0	0	46.35522076910489	[2, 0]	138.50976308113775	[1.7339310694691894, 5]
0.0	0	14.388634221461153	[1, 0]	108.66645595054061	[2.8148416080307164, 5]
0.0	0	30.129276440565064	[1, 0]	125.37505422726738	[6.036530153708133, 5]
0.0	0	26.91949727818052	[1, 0]	160.89790677162566	[4.043452021613994, 5]
0.0	0	21.945111856006456	[1, 0]	131.44442215084715	[6.374946454718681, 5]
0.0	0	20.03109970559241	[1, 0]	129.94152996672224	[2.5840850334260397, 5]
0.0	0	24.227413265930362	[1, 0]	137.65783695043132	[1.8867622405990998, 5]
0.0	0	30.37355899122806	[2, 0]	119.25802583453759	[1.642429659121861, 5]
0.0	0	33.562630773388875	[1, 0]	163.89756434462095	[6.469616518008201, 5]
0.0	0	40.58941973946872	[1, 0]	105.41176791607458	[1.5324114027706262, 5]
0.0	0	13.031680295537235	[1, 0]	172.05619777412667	[4.158357676288307, 5]
0.0	0	45.06319620469178	[2, 0]	110.90065944744882	[3.9870557219155334, 5]
0.0	0	13.814585040797636	[1, 0]	146.09273184741863	[5.028499805962107, 5]
0.0	0	20.426422950736335	[1, 0]	175.59249541907312	[2.549363515458282, 5]
0.0	0	19.58904453415668	[1, 0]	152.87601898727291	[3.252613542273462, 5]
0.0	0	19.4612015123019	[2, 0]	90.4439408753139	[6.59912677298331, 5]
0.0	0	20.752097583622916	[2, 0]	128.24211498187026	[7.64020385233551, 5]
0.0	0	26.16648640439944	[2, 0]	165.919882551717	[4.094084161748568, 5]
0.0	0	47.111105022625125	[1, 0]	168.80725742759648	[2.6176652007167522, 5]
0.0	0	33.05220764771629	[2, 0]	144.78353350721414	[5.766232254847407, 5]
0.0	0	26.329371349014696	[2, 0]	121.47293384979764	[5.358086156418352, 5]
0.0	0	18.07224696760562	[1, 0]	159.1272130200726	[4.87268491396853, 5]
0.0	0	46.692639960054066	[2, 0]	142.22340223189622	[4.5921707059493215, 5]
0.0	0	21.479665739170674	[2, 0]	107.4325281704347	[7.479243205101515, 5]
0.0	0	49.796835633471346	[1, 0]	135.54815440164572	[4.817843891583815, 5]
0.0	0	45.10274094410757	[1, 0]	176.1569173122616	[6.606932805878527, 5]
0.0	0	12.236806710093479	[2, 0]	178.29526024156326	[5.298346364791787, 5]
0.0	0	41.46754228331952	[1, 0]	176.6599193504453	[5.9231945011916105, 5]
0.0	0	45.43764142175959	[1, 0]	173.2196657129791	[3.682677411327552, 5]
0.0	0	16.818735952018457	[1, 0]	164.07788071253287	[4.138343095809565, 5]
0.0	0	27.23826404945999	[1, 0]	108.85362436185028	[2.0557645142852152, 5]
0.0	0	35.396434729629576	[2, 0]	163.01040844295602	[7.277942198867048, 5]
0.0	0	10.462794868706311	[2, 0]	117.58559474940586	[1.9338720505574767, 5]
0.0	0	15.463971982296831	[1, 0]	112.46152315429569	[2.0456249887510918, 5]
0.0	0	48.14511802565984	[2, 0]	135.88093176482016	[4.192729943310969, 5]
0.0	0	46.7030310719758	[1, 0]	168.24146508461135	[4.668865673870055, 5]
0.0	0	26.271294619842088	[2, 0]	148.24275648988456	[5.8389403113763025, 5]
0.0	0	15.477806762144164	[2, 0]	174.80339414054964	[6.472803323987045, 5]
0.0	0	21.48289822839397	[1, 0]	94.30813137640594	[7.89527597943185, 5]
0.0	0	48.1062931866007	[2, 0]	114.64965862086251	[3.9595765237555876, 5]
0.0	0	20.668214163239146	[2, 0]	132.67010148083574	[7.823389397262133, 5]
0.0	0	27.80609790674181	[2, 0]	117.93869694617865	[7.862778367935302, 5]
0.0	0	31.06464449775365	[1, 0]	96.56376651911187	[4.76571914357562, 5]
0.0	0	32.55927430548017	[2, 0]	92.80760732355193	[5.0366777381409795, 5]
0.0	0	42.965435442243844	[1, 0]	115.10234029563978	[7.427805072418335, 5]
0.0	0	47.87437163558629	[2, 0]	159.50034822270024	[3.74930291694685, 5]
0.0	0	28.538546218659445	[2, 0]	145.47945198020685	[6.151621809653379, 5]
0.0	0	47.19588506804086	[2, 0]	130.37298368291954	[8.194888602320646, 5]
0.0	0	16.80693393347088	[2, 0]	121.25536563505526	[2.844508882814678, 5]
0.0	0	10.016902518953456	[1, 0]	140.02815651225484	[1.8165280934780923, 5]
0.0	0	30.770783387812873	[2, 0]	123.22330573816086	[6.983745940605863, 5]
0.0	0	32.20878255457171	[2, 0]	114.14655601184333	[4.428735447157735, 5]
0.0	0	16.40584180332736	[2, 0]	103.71901440486793	[5.790034141816841, 5]
0.0	0	10.947705334016211	[1, 0]	159.59692551624835	[1.7091794481225575, 5]
0.0	0	38.11907543117549	[1, 0]	117.88363892601447	[4.667661221756215, 5]
0.0	0	27.077013890439286	[2, 0]	175.64393782824237	[8.320598571653123, 5]
0.0	0	20.31757645228667	[2, 0]	103.99175718906461	[6.271084786976209, 5]
0.0	0	23.94120934690859	[2, 0]	146.10858930340413	[3.8808414084836387, 5]
0.0	0	22.930524085824064	[1, 0]	127.32783083997239	[3.369530079862775, 5]
0.0	0	46.77178699735588	[2, 0]	134.89716585562022	[5.067881540319777, 5]
0.0	0	20.131326214400715	[1, 0]	123.27192087375647	[4.266035845928678, 5]
0.0	0	39.576554303919025	[1, 0]	89.61986084683002	[6.993880028934157, 5]
0.0	0	34.92025706103398	[2, 0]	146.59832698102565	[2.735451119318151, 5]
0.0	0	13.803407795960268	[2, 0]	161.32369392622775	[4.476379350014645, 5]
0.0	0	20.28040628766751	[2, 0]	96.68729539264959	[4.016294434515432, 5]
0.0	0	38.38234191162155	[2, 0]	147.5100309337802	[8.290860725198057, 5]
0.0	0	24.366585171857007	[2, 0]	136.56693126669674	[6.292473239776823, 5]
0.0	0	21.36959876589129	[1, 0]	99.71328213783153	[4.00737675254896, 5]
0.0	0	38.229197407560335	[1, 0]	97.93314675882284	[6.3285709194692155, 5]
0.0	0	20.162264607879784	[2, 0]	114.05718412713661	[6.945836008605631, 5]
0.0	0	35.41829815127282	[1, 0]	127.05377409554777	[7.132157985461709, 5]
0.0	0	48.95566010053233	[1, 0]	103.91840591088388	[7.9071568436879724, 5]
0.0	0	40.17778971052916	[2, 0]	124.03907928278865	[5.709878262089641, 5]
0.0	0	27.21194388297956	[2, 0]	117.58217293054761	[1.6073688903867989, 5]
0.0	0	39.97967774645966	[2, 0]	144.81720414896898	[4.066389338842706, 5]
0.0	0	40.421736956095664	[1, 0]	169.02858219196162	[4.967605824422616, 5]
0.0	0	19.961745366155917	[2, 0]	143.9194819656849	[6.855503196896082, 5]
0.0	0	20.842815192114664	[1, 0]	106.59093358169785	[3.876820547838118, 5]
0.0	0	46.519293769888336	[2, 0]	147.51851934544243	[7.808200773259817, 5]
0.0	0	13.407028798291757	[1, 0]	112.05612633429054	[7.804873377054577, 5]
0.0	0	41.89154455464066	[2, 0]	151.37072688823045	[2.0114121374608294, 5]
0.0	0	18.639873500525425	[1, 0]	140.66877179819699	[6.5262734876901405, 5]
0.0	0	20.67171464020098	[2, 0]	125.1617331600517	[8.311309281649887, 5]
0.0	0	19.26881244130801	[1, 0]	155.90198900180627	[4.234281250837338, 5]
0.0	0	22.207659983264666	[2, 0]	173.18869076971836	[1.583985909642543, 5]
0.0	0	32.117000987773885	[2, 0]	175.11151285260672	[3.5565149092741453, 5]
0.0	0	45.13141562988891	[1, 0]	120.15772337029667	[4.424718701410879, 5]
0.0	0	48.526753451786384	[1, 0]	99.75749223499506	[8.259590894194572, 5]
0.0	0	49.92511925681531	[2, 0]	90.60627413914216	[1.4708424435597918, 5]
0.0	0	24.085215821390015	[2, 0]	122.30968604221412	[4.71409491698055, 5]
0.0	0	12.262603657590274	[2, 0]	123.990444157056	[3.148284787818826, 5]
0.0	0	45.521274237094936	[1, 0]	114.93364480842256	[5.016243620533748, 5]
0.0	0	23.97315702680816	[2, 0]	166.29755653577394	[6.367334414299979, 5]
0.0	0	21.676310997883483	[2, 0]	147.59417234851557	[8.158839298553005, 5]
0.0	0	41.228918717152716	[1, 0]	108.12689707343493	[2.9348942677593572, 5]
0.0	0	12.834619454098707	[1, 0]	100.13019117996241	[6.061110760559534, 5]
0.0	0	20.872608632297496	[2, 0]	123.86963217086377	[7.761633360651391, 5]
0.0	0	23.29499666421788	[2, 0]	171.72788314242337	[5.013743417928205, 5]
0.0	0	24.10811082880704	[1, 0]	90.93040028105972	[8.134900354613052, 5]
0.0	0	24.314073704179815	[2, 0]	111.22512573462272	[5.25771860810959, 5]
0.0	0	21.572256906930733	[1, 0]	128.80480541869304	[8.263689329498352, 5]
0.0	0	20.288493113781332	[2, 0]	138.20896932034663	[6.102178477943146, 5]
0.0	0	42.19890466752459	[2, 0]	97.3466882921253	[4.8885179436936435, 5]
0.0	0	48.31189114538761	[2, 0]	126.8557825342809	[4.390900803887389, 5]
0.0	0	48.194334940396864	[2, 0]	89.39118447610858	[5.717361508479512, 5]
0.0	0	29.53744895301678	[2, 0]	104.75405585766129	[7.331669243017971, 5]
0.0	0	41.40054577914721	[1, 0]	157.82448682349963	[2.451060982257924, 5]
0.0	0	47.059937675369206	[2, 0]	103.37557372235116	[3.0634415756858937, 5]
0.0	0	27.753906916637256	[1, 0]	154.12419920770088	[8.244566112819191, 5]
0.0	0	24.599011807495398	[2, 0]	100.4281667283069	[2.5706543308657155, 5]
0.0	0	20.760277954479157	[1, 0]	154.3447283335076	[5.386553948801771, 5]
0.0	0	17.21019846481152	[2, 0]	134.92689480027306	[1.5670180543950787, 5]
0.0	0	27.063456787963297	[2, 0]	122.64852084528857	[8.134559026186926, 5]
0.0	0	19.819932070952234	[1, 0]	123.16426114044329	[2.0899160243732, 5]
0.0	0	42.62921932102602	[1, 0]	149.25643489622254	[2.6344744888941394, 5]
0.0	0	30.200697748858424	[2, 0]	148.2720156946275	[2.8062769028944845, 5]
0.0	0	22.45196848081215	[2, 0]	107.652839130086	[4.4370602635512535, 5]
0.0	0	49.495515251448026	[1, 0]	99.1513247396204	[2.5523812696495036, 5]
0.0	0	28.285695702416458	[2, 0]	157.02771009320026	[4.1116702137350725, 5]
0.0	0	21.721778450813684	[1, 0]	97.79633569842112	[7.209415393862386, 5]
0.0	0	23.176494958184257	[2, 0]	103.61424539111853	[5.887371848850243, 5]
0.0	0	45.25738213410945	[2, 0]	151.37131826679877	[6.6973735970993955, 5]
0.0	0	38.02265731964993	[1, 0]	178.5943347028196	[5.253439569920517, 5]
0.0	0	25.338645946187068	[2, 0]	143.3320740470457	[3.8006582288690653, 5]
0.0	0	40.45387353135397	[1, 0]	95.29190837533707	[4.859819122048047, 5]
0.0	0	26.50823211771116	[2, 0]	110.37985941971228	[6.555199669501792, 5]
0.0	0	19.964085995119802	[2, 0]	137.62435969468044	[6.877999945682366, 5]
0.0	0	41.593105213689014	[1, 0]	152.75103752563115	[1.9359139812703015, 5]
0.0	0	46.85168751627407	[1, 0]	160.5277421142954	[7.821359268846965, 5]
0.0	0	34.62932639864929	[1, 0]	128.1101112735535	[3.9191816863537694, 5]
0.0	0	40.004909114607656	[1, 0]	165.1248345545398	[7.398798014790525, 5]
0.0	0	14.961906374806922	[1, 0]	147.64409317647815	[2.382740298905293, 5]
0.0	0	34.768374017568966	[2, 0]	133.07621178049186	[7.513401498472053, 5]
0.0	0	26.313423296099792	[1, 0]	97.62703777723414	[7.396709339831451, 5]
0.0	0	10.452539067437293	[2, 0]	139.25035803600136	[5.144256382668361, 5]
0.0	0	27.400548203533468	[2, 0]	162.31624725654143	[4.773859420564992, 5]
0.0	0	26.06813502056714	[2, 0]	170.87613721040628	[7.501783529087133, 5]
0.0	0	10.211457812219788	[2, 0]	122.76839538320604	[3.768218468563984, 5]
0.0	0	26.162681342446685	[1, 0]	174.13306604756266	[5.620210712029389, 5]
0.0	0	41.75246038181949	[1, 0]	98.19827126866488	[7.547204526881074, 5]
0.0	0	28.296867846445434	[2, 0]	118.78456218326174	[1.5707663990068306, 5]
0.0	0	49.002524064754404	[2, 0]	161.1519987816548	[4.974490408596957, 5]
0.0	0	33.3351860723045	[1, 0]	142.12424810759987	[6.781933409709954, 5]
0.0	0	20.941371123939454	[2, 0]	89.33716628640438	[4.5079182790424905, 5]
0.0	0	47.55624112271824	[1, 0]	139.42416653364256	[3.694802335548779, 5]
0.0	0	21.011778067276353	[1, 0]	176.1025277516965	[5.740933829096474, 5]
0.0	0	25.40221204997405	[1, 0]	124.51468287128088	[2.793447144690258, 5]
0.0	0	34.61163806046845	[1, 0]	162.4848743495258	[1.5634492522259797, 5]
0.0	0	41.09990263966754	[1, 0]	93.29212676259736	[5.4891069193903155, 5]
0.0	0	12.673398882520173	[1, 0]	109.7883273083537	[3.536025818016195, 5]
0.0	0	30.987399635900807	[2, 0]	176.31753212184765	[2.4636362621011876, 5]
0.0	0	31.809929157671604	[1, 0]	142.6816716965792	[4.611693978693633, 5]
0.0	0	24.77949797781497	[2, 0]	156.2969692984106	[6.456613087359866, 5]
0.0	0	46.00965789004028	[1, 0]	115.23288378260591	[7.795223519480809, 5]
0.0	0	38.03375780313404	[2, 0]	135.03245564380694	[7.182053639044132, 5]
0.0	0	38.71854137634401	[2, 0]	156.63156375076386	[8.034257518476108, 5]
0.0	0	35.13566625707591	[2, 0]	131.22563973593535	[6.391428931773075, 5]
0.0	0	28.58706399643217	[1, 0]	131.67767817626813	[8.226578549863074, 5]
0.0	0	15.92376570797824	[1, 0]	170.5169145782334	[1.7964350956235888, 5]
0.0	0	20.96258507777982	[2, 0]	151.5233703704039	[3.624987964135599, 5]
0.0	0	11.829095335910155	[1, 0]	119.89993366770108	[3.204861277397376, 5]
0.0	0	29.23961454466706	[1, 0]	103.5341740905434	[7.521022609457709, 5]
0.0	0	37.45167313549835	[1, 0]	91.37708303846162	[4.527192806544653, 5]
0.0	0	42.39236388855503	[2, 0]	166.01885644806697	[5.691413934177566, 5]
0.0	0	48.96251779595084	[1, 0]	140.77608132232012	[7.7139094401411565, 5]
0.0	0	25.399257865911355	[1, 0]	161.59756956452583	[4.758489391074251, 5]
0.0	0	43.49014500321549	[2, 0]	175.77796177972903	[5.811880458092041, 5]
0.0	0	36.03078419476686	[2, 0]	173.71692145100974	[1.547646463575557, 5]
0.0	0	23.832728486678647	[1, 0]	94.91889883838046	[3.2160036540554713, 5]
0.0	0	45.30836646056744	[1, 0]	174.4402029935218	[1.8869304263068833, 5]
0.0	0	27.227408409836812	[2, 0]	90.05364222457563	[2.7149065922716313, 5]
0.0	0	44.718493602320834	[2, 0]	126.21717583455984	[4.141856716670313, 5]
0.0	0	24.446007039933328	[2, 0]	100.09179956959076	[5.246871921928151, 5]
0.0	0	26.737677592728808	[1, 0]	166.9305582233558	[4.048995685745628, 5]
0.0	0	33.19511925986188	[1, 0]	123.3368328891782	[6.13436546977107, 5]
0.0	0	26.319441899276942	[1, 0]	173.27622163867267	[4.555788948202816, 5]
0.0	0	23.61435061438954	[2, 0]	149.39315004481233	[7.660346622788633, 5]
0.0	0	36.18000525490944	[1, 0]	98.84069655299398	[1.7397057375457203, 5]
0.0	0	26.678736392796836	[2, 0]	162.96012546803843	[5.755837006632481, 5]
0.0	0	40.39842059594716	[1, 0]	163.83483347043932	[5.1387791664659055, 5]
0.0	0	12.710755168604368	[1, 0]	110.8936705456058	[6.410450293941974, 5]
0.0	0	35.2701883375839	[1, 0]	158.07908947849478	[2.3186475926944015, 5]
0.0	0	22.969093685737427	[1, 0]	136.99264341243736	[5.983033141515098, 5]
0.0	0	40.693382852289275	[1, 0]	157.89160109570656	[4.353243170067087, 5]
0.0	0	21.814054706697988	[1, 0]	177.94961698945409	[6.680451381421036, 5]
0.0	0	17.289541173871253	[1, 0]	177.0732997358367	[2.9169293435195334, 5]
0.0	0	39.06464877525359	[1, 0]	160.84008390638007	[1.4989224526966867, 5]
0.0	0	28.90384989337345	[2, 0]	97.82935024695884	[5.274759014915952, 5]
0.0	0	39.75413840501986	[1, 0]	117.6369086335848	[4.797387566984745, 5]
0.0	0	39.124943426561444	[2, 0]	117.2292872310386	[8.20460721316833, 5]
0.0	0	43.9299923193743	[1, 0]	122.85444952676286	[6.588649614082423, 5]
0.0	0	23.564624755880722	[1, 0]	111.0255292942626	[4.0915728932846225, 5]
0.0	0	48.88333871192881	[2, 0]	144.06239711982147	[6.077570620962927, 5]
0.0	0	45.53739307046534	[2, 0]	123.19274608346794	[3.862379944730073, 5]
0.0	0	14.038333763661178	[2, 0]	176.42490905226808	[1.9308584001734053, 5]
0.0	0	28.99488443729769	[2, 0]	109.03897486836829	[4.977236055988607, 5]
0.0	0	25.952605882991495	[2, 0]	159.6886307072824	[8.10440562444241, 5]
0.0	0	30.23169038863136	[2, 0]	155.96095108727496	[1.703942352443278, 5]
0.0	0	10.669223918973332	[2, 0]	134.71417503786842	[5.112548903950506, 5]
0.0	0	22.427192140467046	[1, 0]	128.96556298800377	[4.611155295552878, 5]
0.0	0	18.73955986711014	[2, 0]	108.81729330522563	[6.703761057169587, 5]
0.0	0	33.139231914561236	[1, 0]	150.42876358108447	[3.9455689878221794, 5]
0.0	0	32.58183566430891	[2, 0]	173.09086451181327	[1.9643932928846786, 5]
0.0	0	48.17094740685108	[1, 0]	98.59312502098075	[7.5643572636557765, 5]
0.0	0	41.98315466875012	[1, 0]	122.3477368197245	[2.4327923947021226, 5]
0.0	0	18.266534716324507	[1, 0]	124.37298994634807	[2.8438356042492505, 5]
0.0	0	44.28097370876232	[2, 0]	173.40098030980135	[2.7441160412484296, 5]
0.0	0	45.89782030052143	[2, 0]	119.88518311524078	[1.6454817148058896, 5]
0.0	0	44.83191121443992	[2, 0]	99.35440234529659	[1.7246524563405823, 5]
0.0	0	32.99272817409566	[1, 0]	139.69092604002947	[8.26078443661858, 5]
0.0	0	25.17316127827335	[2, 0]	112.50048274483066	[6.050318304826331, 5]
0.0	0	20.497560757410366	[2, 0]	158.90355458932632	[4.071526030032614, 5]
0.0	0	33.50247259165369	[1, 0]	140.5309810343151	[8.25370486683237, 5]
0.0	0	28.39804283896393	[2, 0]	126.06677315639404	[7.285552604195042, 5]
0.0	0	34.55809344682962	[2, 0]	121.96012487447581	[4.45153833703595, 5]
0.0	0	13.676544684861614	[1, 0]	112.09459069073688	[6.12137940605501, 5]
0.0	0	38.41885618048263	[2, 0]	147.11083807818164	[8.061911003271707, 5]
0.0	0	25.212285843118273	[1, 0]	143.00738266533543	[6.3675995307605895, 5]
0.0	0	10.211925157296946	[1, 0]	115.1422747181855	[2.5711657658951825, 5]
0.0	0	46.24584566143539	[2, 0]	169.6943875589086	[3.3624776355966146, 5]
0.0	0	18.82589924178493	[2, 0]	168.335365742144	[5.505448658630936, 5]
0.0	0	29.38793740534729	[1, 0]	148.03728564917253	[7.769250729643798, 5]
0.0	0	31.224120036826946	[2, 0]	91.06643705117284	[2.5572353399548553, 5]
0.0	0	29.678133746522136	[1, 0]	176.0670806376608	[4.707718801960575, 5]
0.0	0	48.88132247983432	[1, 0]	143.51859891285	[7.09311732910091, 5]
0.0	0	40.81695564332876	[1, 0]	124.47427390518155	[2.003835988758304, 5]
0.0	0	26.812311089641906	[2, 0]	123.0174089773416	[3.0170951976845672, 5]
0.0	0	45.42032375445721	[2, 0]	103.84641491703601	[7.794938178913564, 5]
0.0	0	11.605523691640071	[1, 0]	154.15977121690645	[5.907226985030726, 5]
0.0	0	37.297049888621956	[1, 0]	158.76659765088857	[6.299084479762526, 5]
0.0	0	34.632015690206416	[1, 0]	152.56464466641617	[2.0597720137953277, 5]
0.0	0	38.23394074423882	[1, 0]	125.41762701656668	[2.2691858442421147, 5]
0.0	0	31.587564093664206	[2, 0]	98.95637856510095	[5.041283531777905, 5]
0.0	0	25.592468691077617	[1, 0]	95.63733288730563	[6.273959682592226, 5]
0.0	0	14.043445345813874	[1, 0]	143.61511281075045	[7.437557384859488, 5]
0.0	0	13.484251117999584	[1, 0]	130.80541239485802	[3.740524771152949, 5]
0.0	0	13.451622627487808	[1, 0]	152.98592624903958	[5.478804978955631, 5]
0.0	0	41.10002499943168	[2, 0]	162.68130454949838	[5.709355178188914, 5]
0.0	0	28.792785155656066	[2, 0]	161.53199338559216	[3.056033411425272, 5]
0.0	0	27.871276588855327	[2, 0]	109.50212802966087	[6.484327964070688, 5]
0.0	0	20.86847435019017	[1, 0]	137.3979609562051	[8.042014022751445, 5]
0.0	0	32.82487099245423	[2, 0]	101.15195088124614	[5.519786515391624, 5]
0.0	0	21.100241473288424	[2, 0]	136.43362342142282	[4.449767648878188, 5]
0.0	0	32.713347706779	[1, 0]	164.84595868263216	[4.742744932349831, 5]
0.0	0	14.665308728979022	[1, 0]	163.83092347283895	[2.96779484888202, 5]
0.0	0	33.00796080237282	[2, 0]	131.65783776073883	[2.362559770624272, 5]
0.0	0	36.390227811584964	[1, 0]	120.05106470554593	[6.725776184394081, 5]
0.0	0	44.70016864561325	[1, 0]	127.10469894547991	[7.898676029553091, 5]
0.0	0	25.448070479096504	[1, 0]	141.3078244246639	[3.27682607618801, 5]
0.0	0	35.27016639291595	[2, 0]	177.2892795258735	[5.02791952892829, 5]
0.0	0	30.61348221708275	[1, 0]	104.4632809006973	[1.894013819689817, 5]
0.0	0	32.21190871720381	[1, 0]	115.23293240180625	[3.4284971351017113, 5]
0.0	0	33.53706577092282	[1, 0]	91.90002794220132	[6.9798527609014345, 5]
0.0	0	35.57766257338429	[2, 0]	135.10265960811813	[4.311259122553063, 5]
0.0	0	16.79372629485756	[2, 0]	138.90404014806907	[1.6463007124260918, 5]
0.0	0	27.271764948063538	[2, 0]	96.90594202626926	[1.8988663091430842, 5]
0.0	0	35.59204553504805	[1, 0]	126.96569938203015	[3.27641559719999, 5]
0.0	0	23.501968782749767	[2, 0]	115.79706891530634	[5.861081994212628, 5]
0.0	0	41.64626749116611	[1, 0]	167.36515600571903	[4.907798881758387, 5]
0.0	0	23.129322255281064	[1, 0]	100.27645846918843	[6.415330630325795, 5]
0.0	0	15.83789364909071	[2, 0]	121.9483912625703	[4.611184942079338, 5]
0.0	0	29.483054690612335	[2, 0]	168.8685559399292	[6.280618433577245, 5]
0.0	0	18.373160211572582	[2, 0]	147.08851616395705	[3.116739034994375, 5]
0.0	0	44.80128602582568	[1, 0]	176.25944118317614	[3.938595043715857, 5]
0.0	0	15.103550447647812	[2, 0]	133.8061554218529	[4.257366009531229, 5]
0.0	0	44.809660729102966	[1, 0]	148.6916123581228	[4.991351444343576, 5]
0.0	0	32.404295548808676	[1, 0]	96.79752668143136	[5.871405844071035, 5]
0.0	0	37.87128146352983	[2, 0]	114.8072613329943	[2.8966687686329706, 5]
0.0	0	11.683510425137937	[1, 0]	154.20463550110614	[5.473501011177443, 5]
0.0	0	18.5298092243391	[1, 0]	157.46102288677616	[4.213921504029762, 5]
0.0	0	35.188597913971265	[2, 0]	165.15930015965137	[6.510888559577234, 5]
0.0	0	44.68187336940998	[2, 0]	169.53004648480697	[4.051552147022143, 5]
0.0	0	11.938703401544812	[1, 0]	98.23075273505356	[8.329931248688052, 5]
0.0	0	29.65926260119467	[2, 0]	153.03021605964426	[8.05247446769636, 5]
0.0	0	22.703226159244167	[2, 0]	127.37593217405076	[2.4765141046241483, 5]
0.0	0	30.77663544016018	[1, 0]	123.61450044273639	[4.97166304446671, 5]
0.0	0	28.33886430249804	[2, 0]	171.22108030177213	[2.0544869312711835, 5]
0.0	0	21.03770553309846	[2, 0]	113.72825441977434	[4.510433805494212, 5]
0.0	0	47.18924928709763	[1, 0]	159.37608029654163	[4.871632836143589, 5]
0.0	0	25.836473963430993	[1, 0]	91.06444964284847	[2.761992744536389, 5]
0.0	0	48.438249277333256	[1, 0]	176.07632716434188	[6.109120292634965, 5]
0.0	0	22.243190924783246	[1, 0]	122.380751579839	[6.969996531893615, 5]
0.0	0	40.83633020983561	[1, 0]	145.57495929186092	[4.306829933287811, 5]
0.0	0	37.927572320452676	[1, 0]	107.4004197419241	[2.0656760947461095, 5]
0.0	0	41.81197004341675	[2, 0]	134.19310358171435	[7.53448731309566, 5]
0.0	0	34.86263163821103	[2, 0]	129.11307026337496	[3.8774140974469087, 5]
0.0	0	29.401901584003003	[1, 0]	148.42798399811386	[3.351737728489617, 5]
0.0	0	23.315195251761878	[2, 0]	166.55960219529607	[2.394750602822895, 5]
0.0	0	10.763592336088553	[2, 0]	155.3491660873771	[2.2034005520654136, 5]
0.0	0	42.164649371735976	[2, 0]	97.08210859580575	[3.4851303850817112, 5]
0.0	0	13.082364317813031	[1, 0]	147.00258155534016	[4.385137279135461, 5]
0.0	0	33.3507405269193	[2, 0]	104.97954000266243	[6.962041700033892, 5]
0.0	0	18.599409997745447	[2, 0]	109.66987662042833	[6.028054350070481, 5]
0.0	0	44.756733512940976	[2, 0]	100.74860105893994	[5.483543589915918, 5]
0.0	0	16.767272248432548	[2, 0]	112.05298557891692	[1.6742127514587473, 5]
0.0	0	27.412509199560215	[2, 0]	101.24339159204133	[1.8368372389869874, 5]
0.0	0	43.62835046287965	[2, 0]	113.03454594771789	[7.497487676404243, 5]
0.0	0	31.151301987295	[1, 0]	120.17554898254451	[6.474955493375715, 5]
0.0	0	11.19010026889402	[1, 0]	145.78200621526315	[3.91349820111498, 5]
0.0	0	18.220218850235756	[2, 0]	145.68147389621356	[4.18289191572621, 5]
0.0	0	34.25429707155054	[1, 0]	157.0818139970375	[4.074362786623645, 5]
0.0	0	25.892298128931607	[1, 0]	111.59315703163904	[7.542328282073124, 5]
0.0	0	20.887451644556148	[2, 0]	109.98904698926445	[5.642163214933677, 5]
0.0	0	32.368122358400235	[2, 0]	167.83524386432617	[6.6604525041940175, 5]
0.0	0	11.33099864693974	[1, 0]	132.6367207917507	[6.844372340166935, 5]
0.0	0	38.09592681328046	[2, 0]	154.41908587382798	[6.814576987555031, 5]
0.0	0	41.54538800480298	[1, 0]	140.0384290818846	[5.561046436116624, 5]
0.0	0	49.992499945249634	[2, 0]	96.95260458828865	[1.4297952777509777, 5]
0.0	0	29.01820442128219	[1, 0]	175.1560970534323	[1.972249278676566, 5]
0.0	0	33.151168843076434	[1, 0]	157.47238033235	[3.8210596660614384, 5]
0.0	0	38.55634245618549	[2, 0]	107.56250744682137	[6.741543027280118, 5]
0.0	0	18.643122746509402	[1, 0]	170.4774920485564	[3.728567543249472, 5]
0.0	0	17.126513343284568	[1, 0]	115.5768180402479	[4.924282032862518, 5]
0.0	0	16.58634029884038	[2, 0]	111.77919380613352	[2.9955340094035243, 5]
0.0	0	10.605052581951298	[2, 0]	143.7261479073314	[6.68099127887865, 5]
0.0	0	36.75680705151425	[2, 0]	174.5761758335646	[5.438425555674584, 5]
0.0	0	15.37888603561999	[2, 0]	178.7177161101397	[6.657766036324847, 5]
0.0	0	42.426281643289805	[2, 0]	129.00343038903117	[4.921613778401423, 5]
0.0	0	19.75195157293017	[1, 0]	120.13100797898909	[3.9044213351178603, 5]
0.0	0	19.25558789304772	[2, 0]	123.91887836959238	[4.171663757402365, 5]
0.0	0	30.229748608363916	[2, 0]	156.1800543108996	[2.1883339507089965, 5]
0.0	0	46.92338164956552	[1, 0]	93.90628035957711	[3.217945521155463, 5]
0.0	0	22.66467120028436	[1, 0]	171.38885704165492	[6.089752238492144, 5]
0.0	0	16.786140665141293	[2, 0]	169.2153450168675	[7.594746207368898, 5]
0.0	0	30.299324150437123	[2, 0]	177.3548985894628	[7.91890153337342, 5]
0.0	0	14.93038122591165	[2, 0]	150.05671544190886	[5.313296479712504, 5]
0.0	0	18.686835954516074	[1, 0]	162.4935775388752	[2.5215352968649323, 5]
0.0	0	28.89932926862844	[2, 0]	132.15186208517878	[3.69189716610697, 5]
0.0	0	11.021708894692232	[2, 0]	131.7275769177616	[4.426912197207655, 5]
0.0	0	23.949832584987696	[1, 0]	161.8536568095592	[6.019066757562326, 5]
0.0	0	27.52795217409739	[1, 0]	119.54296422434254	[3.4417793192248602, 5]
0.0	0	27.505280515892423	[2, 0]	90.08164237179247	[6.795875408131716, 5]
0.0	0	11.022157580463674	[2, 0]	100.77456360981972	[2.4990534310659522, 5]
0.0	0	35.1992073513977	[1, 0]	175.9344438188228	[6.642056298878253, 5]
0.0	0	28.785350925252818	[1, 0]	165.4413936942119	[5.928086387501014, 5]
0.0	0	28.69193272316558	[2, 0]	172.92426166333706	[7.296271041707604, 5]
0.0	0	12.467302930726657	[1, 0]	142.1197742639375	[8.187656354584732, 5]
0.0	0	44.410183829849714	[1, 0]	177.28654626217264	[2.957967528189294, 5]
0.0	0	13.297752448954126	[2, 0]	157.48112293866623	[2.44798154787639, 5]
0.0	0	14.580355920996208	[2, 0]	140.03667293265627	[5.002586092600034, 5]
0.0	0	49.43057055139704	[1, 0]	175.19614871842396	[1.823494138832133, 5]
0.0	0	29.92462962662441	[2, 0]	153.40983114084426	[7.453274160957969, 5]
0.0	0	48.169536794157565	[1, 0]	173.8944137870041	[8.022373053533611, 5]
0.0	0	43.98603295015756	[1, 0]	140.2910156763234	[2.300560327853452, 5]
0.0	0	27.271502643029997	[2, 0]	136.56218334534225	[5.731041566441419, 5]
0.0	0	33.0303050028365	[2, 0]	159.64560059932705	[7.000203758333777, 5]
0.0	0	33.49343174145976	[2, 0]	153.1137979855003	[8.315745108887349, 5]
0.0	0	34.56359791168854	[2, 0]	162.6510947882959	[7.24884322797372, 5]
0.0	0	41.45582157994808	[1, 0]	175.1040136545601	[7.927568527623988, 5]
0.0	0	26.020575489058153	[2, 0]	158.6700510326468	[7.68649338744724, 5]
0.0	0	42.69191163518083	[2, 0]	148.33198828178953	[6.640773346087563, 5]
0.0	0	24.269980181650713	[2, 0]	131.14601404571698	[6.492758465140106, 5]
0.0	0	16.701291478193752	[1, 0]	132.89557222555274	[7.333968613748069, 5]
0.0	0	21.591682618498155	[2, 0]	110.35734848993124	[7.76421708372651, 5]
0.0	0	46.912673615559996	[2, 0]	97.89473965777636	[4.413602247605529, 5]
0.0	0	23.70636598079177	[1, 0]	178.6984711265245	[6.198724196384382, 5]
0.0	0	23.972794829432843	[1, 0]	125.62727539750585	[6.239894845924096, 5]
0.0	0	28.132698027259426	[2, 0]	119.64247009750235	[8.027609516374918, 5]
0.0	0	35.05231201947168	[2, 0]	158.05468569377348	[5.799801026149015, 5]
0.0	0	34.55266611890897	[1, 0]	169.98705743859327	[2.426098191978778, 5]
0.0	0	30.987907658282978	[2, 0]	122.607462512763	[5.253086038399464, 5]
0.0	0	25.15362234681526	[1, 0]	171.63975866898113	[6.36234785690447, 5]
0.0	0	16.784249173407208	[2, 0]	92.89647751480008	[1.9522704334512326, 5]
0.0	0	14.190154347358051	[1, 0]	157.0051789365253	[3.9510733714472774, 5]
0.0	0	12.584171797160673	[2, 0]	94.3963070853713	[3.3399992315302582, 5]
0.0	0	16.227198782115735	[1, 0]	153.2604434254759	[6.448928060544231, 5]
0.0	0	47.023031580572614	[2, 0]	119.65662312935446	[2.017175142535459, 5]
0.0	0	30.473885634893712	[1, 0]	176.98915805774942	[4.329988115471398, 5]
0.0	0	23.258836302005857	[1, 0]	93.61971972354577	[5.277834307561917, 5]
0.0	0	14.039966376252911	[1, 0]	140.85927536342365	[7.875111703557618, 5]
0.0	0	17.133853401343234	[1, 0]	110.9196824839153	[6.09142413563752, 5]
0.0	0	44.1376545967901	[2, 0]	168.98828576877628	[8.183494773403291, 5]
0.0	0	48.05810761415998	[2, 0]	146.1407272368641	[5.984941427664178, 5]
0.0	0	25.699695849819662	[1, 0]	114.61295366605665	[5.121149134351239, 5]
0.0	0	21.229975904806427	[2, 0]	154.37802092495065	[6.14123781239916, 5]
0.0	0	41.40874207647565	[1, 0]	95.57331023679298	[3.4491769501973746, 5]
0.0	0	35.96567922063875	[2, 0]	96.45429636728716	[1.4198093867303714, 5]
0.0	0	42.67995253558502	[2, 0]	139.3091963193248	[6.900813986312778, 5]
0.0	0	44.02018233536186	[1, 0]	113.9525172683893	[5.531388672906845, 5]
0.0	0	36.49129912099144	[1, 0]	137.87132223463715	[1.4292974512338683, 5]
0.0	0	35.13094077644234	[2, 0]	124.53881055622722	[7.706905710501138, 5]
0.0	0	33.28048913307085	[2, 0]	93.5383891701457	[6.2191560265250425, 5]
0.0	0	36.26045659857267	[1, 0]	142.42522183608838	[4.1408652672218, 5]
0.0	0	17.953478987762917	[1, 0]	161.2059185107144	[3.996345372270583, 5]
0.0	0	46.99059720477437	[1, 0]	95.10600990311562	[5.645638623109173, 5]
0.0	0	26.32748286907849	[1, 0]	148.633613531667	[8.287785070060325, 5]
0.0	0	14.65070057116185	[1, 0]	135.83812404021126	[7.160783508874054, 5]
0.0	0	30.235519519185175	[1, 0]	92.74765060537572	[5.055696105769826, 5]
0.0	0	43.061721992013325	[1, 0]	120.59770208125266	[7.542577371738593, 5]
0.0	0	28.951003067636975	[2, 0]	161.33470207454562	[7.74105175212533, 5]
0.0	0	32.040412262388216	[1, 0]	170.71256902000025	[3.290926835468902, 5]
0.0	0	47.869818214933716	[1, 0]	127.31295315009879	[8.291131000004412, 5]
0.0	0	47.7242745392477	[2, 0]	101.45336983574633	[4.6723553732364715, 5]
0.0	0	24.834694926286144	[1, 0]	139.3131707050938	[5.23228749031033, 5]
0.0	0	18.654735230839794	[1, 0]	141.37911902324203	[2.1360333090665398, 5]
0.0	0	41.50942511613184	[2, 0]	144.73103901665755	[5.443528660404367, 5]
0.0	0	46.788255111634335	[1, 0]	104.96142296370174	[4.878376941027297, 5]
0.0	0	30.27751663689877	[2, 0]	158.34560616246756	[4.5859395920826795, 5]
0.0	0	32.79795436009083	[1, 0]	132.70796641726494	[8.09091779540005, 5]
0.0	0	35.494689541505196	[2, 0]	103.29375442494008	[3.080732731993741, 5]
0.0	0	35.00558706975752	[2, 0]	158.74845566599205	[1.4882356203474234, 5]
0.0	0	45.655512945637064	[2, 0]	127.91599478241045	[6.522358831023167, 5]
0.0	0	14.679577805949124	[2, 0]	156.5099282962767	[4.107201163693669, 5]
0.0	0	20.149149478086592	[2, 0]	158.55605119656843	[2.0874497439456428, 5]
0.0	0	16.498716172134067	[1, 0]	106.68419656737777	[3.4346496800926944, 5]
0.0	0	39.682062475502356	[2, 0]	108.14539619263526	[4.880823814902795, 5]
0.0	0	32.841125195767944	[2, 0]	144.09834728042054	[5.490405147130226, 5]
0.0	0	34.96860189925797	[1, 0]	146.34620092818997	[7.304814553601636, 5]
0.0	0	12.323258980575126	[2, 0]	98.73153473115148	[6.614516566015404, 5]
0.0	0	35.65832463237159	[1, 0]	134.818089059236	[4.999379170084265, 5]
0.0	0	35.83303458927673	[2, 0]	171.79666656504338	[3.892674555468718, 5]
0.0	0	21.83866348794836	[1, 0]	97.91771946392278	[7.338655623354557, 5]
0.0	0	27.399759814154432	[2, 0]	171.07350197566393	[7.679854434964155, 5]
0.0	0	36.36178750991225	[1, 0]	153.35590204428283	[5.5893398026068475, 5]
0.0	0	22.53176936434326	[1, 0]	129.98341887543265	[4.394129474310626, 5]
0.0	0	42.91910053383048	[1, 0]	151.87848935372526	[1.8338487130065066, 5]
0.0	0	45.8594559167168	[2, 0]	168.1204554718372	[4.6991704348249055, 5]
0.0	0	19.58455103395371	[2, 0]	90.6256530693568	[7.447186604904717, 5]
0.0	0	11.528584900964187	[1, 0]	121.01874888526164	[2.8200806615043326, 5]
0.0	0	31.520098041929522	[2, 0]	158.71295956552288	[7.69444136022936, 5]
0.0	0	42.89519168875873	[1, 0]	127.0023522806129	[2.3895131699163334, 5]
0.0	0	26.239906862533402	[1, 0]	151.52488793461782	[1.526918334287721, 5]
0.0	0	38.496925853157045	[2, 0]	91.50171122377571	[3.8675505500853355, 5]
0.0	0	19.629119423890614	[1, 0]	159.0022704396186	[7.547462759758691, 5]
0.0	0	22.844899972601567	[1, 0]	162.5134806319205	[3.644591198502236, 5]
0.0	0	35.27679259080654	[1, 0]	153.2171729924171	[6.864015609351666, 5]
0.0	0	38.06461822800479	[1, 0]	162.19260056260657	[3.106986467936512, 5]
0.0	0	41.020338643705266	[2, 0]	151.59090824859413	[1.624533624486899, 5]
0.0	0	34.95241049226011	[1, 0]	134.8809814019817	[3.9057085398810965, 5]
0.0	0	40.36988961578479	[2, 0]	120.68924164376544	[2.4380304365593277, 5]
0.0	0	30.228787158630578	[1, 0]	93.60092708653406	[4.496746053569847, 5]
0.0	0	17.64317016233548	[1, 0]	132.0187623519093	[3.124724098087174, 5]
0.0	0	37.92574060558468	[1, 0]	117.7363086179516	[2.4636785743820764, 5]
0.0	0	39.282126493753275	[1, 0]	96.06012750968709	[7.124668266163792, 5]
0.0	0	40.932061603301875	[2, 0]	131.94354889577247	[3.34473541674733, 5]
0.0	0	29.970014732331354	[1, 0]	146.36559554796474	[3.1381848769482525, 5]
0.0	0	30.303675659885098	[1, 0]	161.43740085659226	[5.484504598675526, 5]
0.0	0	17.038907358009315	[1, 0]	178.90325656442639	[3.3012673149308607, 5]
0.0	0	49.071828599444636	[2, 0]	133.01087781203978	[6.306406909365607, 5]
0.0	0	42.770605316553116	[1, 0]	161.90541997331115	[6.409102309080424, 5]
0.0	0	45.25443653264608	[2, 0]	171.62600306325805	[4.003202273113913, 5]
0.0	0	41.45118086921784	[2, 0]	161.2966103708073	[7.925325202148829, 5]
0.0	0	36.39926502499841	[2, 0]	137.20236672686968	[1.8436213957215921, 5]
0.0	0	13.338101040404515	[2, 0]	120.53765188501335	[1.5332415232905279, 5]
0.0	0	45.010830463024774	[1, 0]	142.02516091089427	[7.7833182861259855, 5]
0.0	0	40.157972592056815	[2, 0]	177.14552015094836	[3.047940160670546, 5]
0.0	0	32.95872344882757	[2, 0]	167.82729492388515	[5.774343457239108, 5]
0.0	0	11.28738550620389	[1, 0]	112.95980241408903	[6.1749900708999625, 5]
0.0	0	33.022748810996156	[2, 0]	136.81915214489553	[4.897271412030847, 5]
0.0	0	24.68550561388474	[2, 0]	112.9771935604403	[6.36842425292072, 5]
0.0	0	39.54315962092786	[2, 0]	167.8980015015792	[2.028179747997542, 5]
0.0	0	26.584250071510805	[1, 0]	140.63515495265088	[4.138447514944212, 5]
0.0	0	19.31133069580969	[2, 0]	154.51599657292095	[2.464850735738129, 5]
0.0	0	29.095151958298974	[2, 0]	177.66403098963085	[6.679655388433366, 5]
0.0	0	30.66676029074701	[1, 0]	122.27216866875702	[7.317030545540402, 5]
0.0	0	36.07905440545288	[1, 0]	111.52165150569368	[2.664557776968794, 5]
0.0	0	38.046332685579166	[2, 0]	104.04031189244404	[1.7059359330942439, 5]
0.0	0	20.07352787858792	[1, 0]	153.92736743634688	[7.173750554711391, 5]
0.0	0	19.81188107569176	[1, 0]	97.97866165545985	[2.494073847027387, 5]
0.0	0	20.998356750224207	[1, 0]	107.89353880562382	[7.492949860667664, 5]
0.0	0	13.253301434687765	[2, 0]	141.6928568459901	[5.481815321424409, 5]
0.0	0	17.913237570465945	[1, 0]	123.19052105729597	[8.30785785940143, 5]
0.0	0	28.74815302237747	[1, 0]	169.8807328816668	[7.218986584637282, 5]
0.0	0	45.887938606945056	[2, 0]	98.70502805916207	[6.372420675708014, 5]
0.0	0	28.393583531633443	[2, 0]	154.1309210896476	[5.148832128483946, 5]
0.0	0	19.19934500390186	[1, 0]	150.37567670755664	[6.116160599389731, 5]
0.0	0	38.297377875346754	[1, 0]	101.78447529695072	[5.0706349197662055, 5]
0.0	0	42.059173318862086	[1, 0]	133.9195138377225	[4.258657771980397, 5]
0.0	0	37.48490699673914	[1, 0]	133.45112840292617	[6.034566236519572, 5]
0.0	0	42.47940532354239	[2, 0]	93.13226325123865	[4.950378677418211, 5]
0.0	0	31.681425307362332	[1, 0]	154.8126836156499	[2.533096015797567, 5]
0.0	0	42.41801900586065	[2, 0]	107.18424884711996	[7.700360289516321, 5]
0.0	0	12.453092063923387	[1, 0]	147.25156128629527	[5.410496600283404, 5]
0.0	0	37.34532115601479	[1, 0]	110.33391456875792	[7.384362078690596, 5]
0.0	0	17.26608795831639	[1, 0]	96.6206740637428	[3.8444375734291154, 5]
0.0	0	26.183357458641037	[2, 0]	104.95671070218863	[6.110570271651531, 5]
0.0	0	43.425530049331485	[1, 0]	139.24943046607717	[2.288796677899263, 5]
0.0	0	35.698721434137205	[2, 0]	146.9214034189058	[5.736253197660783, 5]
0.0	0	32.64488228582681	[1, 0]	123.5158429223535	[6.943161514741427, 5]
0.0	0	23.661957066103973	[2, 0]	137.75212599469876	[7.047111264047957, 5]
0.0	0	21.618524909640144	[2, 0]	98.92057726832853	[4.611386805122396, 5]
0.0	0	46.417458975429824	[1, 0]	173.16887016156633	[2.873334612910225, 5]
0.0	0	34.81923792411901	[1, 0]	135.8022081299066	[7.804178997592642, 5]
0.0	0	28.763149230535774	[1, 0]	130.19607943919567	[7.782900649165078, 5]
0.0	0	22.390295908613222	[2, 0]	126.71658420960955	[6.303197560361791, 5]
0.0	0	26.751707071897414	[2, 0]	104.48890422256999	[6.247164554692718, 5]
0.0	0	15.692497021427263	[1, 0]	140.14475525389605	[1.9815057182576468, 5]
0.0	0	11.229400937125261	[2, 0]	113.54117628980174	[6.125202490830695, 5]
0.0	0	45.894436907742154	[1, 0]	158.85130595576283	[7.6692618134894985, 5]
0.0	0	29.27331308176965	[1, 0]	98.65192000786867	[4.032731139769123, 5]
0.0	0	45.14246700318575	[2, 0]	155.9851175738146	[5.603683322154804, 5]
0.0	0	13.316249452190522	[1, 0]	139.39452206395615	[7.52346019667837, 5]
0.0	0	17.4278387747743	[2, 0]	160.94466111926891	[1.9774211909836275, 5]
0.0	0	30.68243130412088	[2, 0]	173.80368203068218	[6.659080179361375, 5]
0.0	0	14.472731302585544	[2, 0]	112.52884967206336	[1.849715490041696, 5]
0.0	0	36.32983035516185	[2, 0]	155.07873642145702	[5.546694775765627, 5]
0.0	0	45.39840609771025	[2, 0]	151.9477962024597	[3.6061149147044183, 5]
0.0	0	18.100359150463962	[2, 0]	110.84575344836009	[2.1768044760126948, 5]
0.0	0	25.380248220486155	[1, 0]	157.4711501710995	[8.01039105407924, 5]
0.0	0	35.25197271690491	[1, 0]	123.1353689805496	[4.348603950174144, 5]
0.0	0	18.897024569232375	[1, 0]	162.6740112549861	[1.5780018159167668, 5]
0.0	0	31.465905205471326	[1, 0]	113.24674042145796	[3.7769902291363997, 5]
0.0	0	26.08720886358204	[2, 0]	139.7183276948805	[1.9279296718117387, 5]
0.0	0	45.56395618916506	[1, 0]	175.30594923266648	[3.9378125828673833, 5]
0.0	0	28.33319989683252	[2, 0]	117.73427926904742	[5.226098124631956, 5]
0.0	0	16.46650216857327	[2, 0]	129.47126730952675	[7.378261973911323, 5]
0.0	0	31.73669402085411	[2, 0]	124.55255594749485	[1.4253595479132417, 5]
0.0	0	10.134971755763763	[2, 0]	93.77423702219424	[2.8749077523605306, 5]
0.0	0	30.310230604831006	[1, 0]	156.84464713467776	[3.9399836257564758, 5]
0.0	0	15.322729507058362	[2, 0]	149.88964458773924	[5.021288594154441, 5]
0.0	0	40.58629008543527	[2, 0]	144.99991395906846	[6.871372709733395, 5]
0.0	0	44.359306095055395	[1, 0]	147.31553527195155	[2.7040330025249237, 5]
0.0	0	16.1516351791945	[1, 0]	165.4590224738481	[5.25137193895, 5]
0.0	0	39.4096463573096	[2, 0]	173.02307823580432	[4.6825894771952825, 5]
0.0	0	49.7694998817525	[2, 0]	152.8115615423612	[1.4619515750464342, 5]
0.0	0	18.541611478693326	[1, 0]	169.72861909929603	[6.7452446044447765, 5]
0.0	0	42.76798144828982	[1, 0]	150.33459992766836	[4.874458656336985, 5]
0.0	0	14.572870963325277	[1, 0]	98.24753442414595	[2.5716121514325034, 5]
0.0	0	38.03809866364515	[1, 0]	164.3322574081522	[4.583211058886302, 5]
0.0	0	24.194362653724607	[1, 0]	128.7134463105364	[5.0251084639696, 5]
0.0	0	31.25395365916779	[2, 0]	120.62709304789756	[5.806722228929949, 5]
0.0	0	31.559713265759992	[1, 0]	149.94503104106417	[7.663623845767149, 5]
0.0	0	45.09156177581544	[1, 0]	168.69733152902387	[4.725712172399556, 5]
0.0	0	24.972591180764176	[2, 0]	92.6839786564055	[3.9424196320401994, 5]
0.0	0	11.604516461573846	[1, 0]	118.74960111128289	[2.030633345019283, 5]
0.0	0	31.49571103697843	[1, 0]	168.5498254999155	[4.575431026054443, 5]
0.0	0	44.38078040732299	[1, 0]	135.66555417209474	[1.8614878625546627, 5]
0.0	0	32.787103727551205	[1, 0]	171.8738609801613	[4.895324671798486, 5]
0.0	0	40.78568184529808	[1, 0]	175.2552838589359	[5.3072079278630095, 5]
0.0	0	12.162644896354763	[2, 0]	89.94215821383683	[6.910949165727299, 5]
0.0	0	32.873639977935255	[2, 0]	113.57353939190273	[3.491476003068974, 5]
0.0	0	13.371907025327392	[2, 0]	162.23052116353526	[7.520728395052275, 5]
0.0	0	41.205822683543325	[2, 0]	129.19952706774296	[5.521558804973547, 5]
0.0	0	49.95447913180799	[1, 0]	94.8838450506032	[1.901958065026651, 5]
0.0	0	13.165198507131572	[1, 0]	111.60536035223524	[7.340678015762311, 5]
0.0	0	12.000722344659804	[1, 0]	156.60315722316471	[5.4268243077668386, 5]
0.0	0	46.427255787777206	[1, 0]	95.24144113848946	[2.4025886275133366, 5]
0.0	0	49.19722310015733	[1, 0]	109.52762173210755	[4.904519649859806, 5]
0.0	0	32.88094740166882	[2, 0]	156.43156650161245	[4.431125348934614, 5]
0.0	0	20.44675825110479	[1, 0]	164.32657422567206	[4.828439459693922, 5]
0.0	0	18.06726460641495	[2, 0]	112.0180088375044	[2.5732090780360326, 5]
0.0	0	26.943390941732375	[2, 0]	142.9818081599998	[3.978232067868801, 5]
0.0	0	31.03158988535245	[1, 0]	137.08279325121865	[6.944131990759342, 5]
0.0	0	45.103111452126285	[2, 0]	120.48251473918856	[7.079331196938573, 5]
0.0	0	35.73146048354936	[1, 0]	94.08014015746217	[6.513422140172626, 5]
0.0	0	44.242878354701205	[2, 0]	122.9266110092291	[1.5962845810567596, 5]
0.0	0	13.54761987487716	[2, 0]	129.92986113706644	[4.856242159077899, 5]
0.0	0	36.688356401636156	[1, 0]	144.9746051702594	[6.0819158815141945, 5]
0.0	0	23.27475215225811	[1, 0]	156.64526837573192	[7.360723386202473, 5]
0.0	0	39.26156256403746	[1, 0]	138.7192120057951	[3.295299271983841, 5]
0.0	0	47.42428792307288	[2, 0]	148.0673000365002	[4.15332686913553, 5]
0.0	0	45.04915042351394	[2, 0]	160.77191423068655	[6.8645648150664345, 5]
0.0	0	15.206479160312604	[2, 0]	96.9233739464762	[8.022223475069111, 5]
0.0	0	31.150146200077423	[1, 0]	140.06412127256584	[5.476496968157715, 5]
0.0	0	49.499235082582324	[1, 0]	104.19831525082691	[2.646294469901046, 5]
0.0	0	39.726371178314245	[2, 0]	149.57046488984247	[8.003863250873106, 5]
0.0	0	40.88157945227433	[1, 0]	90.54370129952538	[7.349915193209355, 5]
0.0	0	43.1089966465401	[2, 0]	106.90874475537056	[2.2017931235696757, 5]
0.0	0	32.60451045908305	[2, 0]	146.6598159648947	[2.4832572987726924, 5]
0.0	0	19.106441540938846	[1, 0]	110.85518921049342	[2.5663796686787936, 5]
0.0	0	25.360912303368334	[2, 0]	129.3887840911538	[2.866873473247058, 5]
0.0	0	22.33664724682945	[1, 0]	125.12756742547529	[4.250014678684325, 5]
0.0	0	49.049044646685545	[1, 0]	91.61342343629144	[7.340516815331533, 5]
0.0	0	20.742192616456453	[1, 0]	169.85356131769458	[6.758274356787747, 5]
0.0	0	38.83245745927747	[2, 0]	135.39561758469387	[6.28863205809507, 5]
0.0	0	18.091571089581443	[2, 0]	110.05771691052715	[5.834141630484443, 5]
0.0	0	36.72222966717037	[1, 0]	144.00413854602334	[4.956029482546512, 5]
0.0	0	47.59074718404969	[1, 0]	132.49562943145315	[1.9433818706329027, 5]
0.0	0	43.81035734742925	[2, 0]	145.1755739342788	[8.166683011512669, 5]
0.0	0	13.72876018545033	[2, 0]	174.90287984965664	[7.094495688041835, 5]
0.0	0	12.15954980194596	[1, 0]	97.18286983585779	[4.460486615629976, 5]
0.0	0	28.681966898981955	[2, 0]	98.07040928553454	[4.071139295093653, 5]
0.0	0	15.160806463650648	[2, 0]	112.54251416544045	[6.916157038720617, 5]
0.0	0	11.474127220819181	[2, 0]	106.01855921116564	[2.592974596554665, 5]
0.0	0	45.95084318613217	[2, 0]	99.75427411180281	[2.269534966516845, 5]
0.0	0	28.184017776255377	[1, 0]	94.70719754170689	[4.293466447950052, 5]
0.0	0	21.471850072975947	[1, 0]	125.93241024873221	[3.682186926895223, 5]
0.0	0	44.14965703390933	[2, 0]	171.16874470928002	[6.025890716461272, 5]
0.0	0	38.20557991278239	[1, 0]	106.18054909314972	[3.3178572095823826, 5]
0.0	0	15.649900049300367	[1, 0]	157.32402157793132	[6.34769931980778, 5]
0.0	0	19.66432631238189	[2, 0]	143.36584462148352	[6.225650877978725, 5]
0.0	0	43.63830095480512	[1, 0]	124.73009266827147	[3.9096199064270047, 5]
0.0	0	26.09257772150212	[2, 0]	158.61542364200693	[3.6806559658403164, 5]
0.0	0	28.890955521321683	[1, 0]	129.44415337144062	[8.205890974025865, 5]
0.0	0	47.68237963382024	[2, 0]	129.49007050405956	[7.327296941166927, 5]
0.0	0	42.889182124337005	[1, 0]	125.07003083721617	[7.320547487937479, 5]
0.0	0	22.246604035029183	[2, 0]	154.7365549467999	[4.137559160627995, 5]
0.0	0	48.09084955819944	[1, 0]	121.3453824247516	[7.34052860479189, 5]
0.0	0	33.23211377357303	[1, 0]	145.7736212736662	[6.6787265896602745, 5]
0.0	0	21.62581803921594	[2, 0]	164.95856737474713	[6.998889253546596, 5]
0.0	0	43.84224853087562	[1, 0]	105.15579282148279	[4.253898859891886, 5]
0.0	0	11.04158785322156	[1, 0]	109.53786065502726	[8.129322391860232, 5]
0.0	0	39.07578760740911	[1, 0]	118.25777569143118	[3.201743078599571, 5]
0.0	0	18.102602141057787	[2, 0]	142.9317609791762	[4.076376529787699, 5]
0.0	0	43.54877177103748	[2, 0]	167.42509769748978	[6.637159643600413, 5]
0.0	0	43.218953619344425	[1, 0]	102.57181773356399	[7.088743281283247, 5]
0.0	0	35.44928354662606	[1, 0]	152.47127173746077	[5.013577090147034, 5]
0.0	0	17.470997726287433	[2, 0]	111.13663434277053	[6.7452051319398585, 5]
0.0	0	40.21650894055415	[2, 0]	136.21234916446178	[5.4175715396086686, 5]
0.0	0	12.194023735984125	[1, 0]	110.63438876772814	[1.683251910576141, 5]
0.0	0	20.1291689642528	[1, 0]	91.70150481392099	[1.7915297026390484, 5]
0.0	0	24.65087910342967	[1, 0]	92.71334756992593	[7.042654583422224, 5]
0.0	0	34.26959410476261	[1, 0]	127.53653682150312	[1.6763173713140052, 5]
0.0	0	31.657471901545414	[2, 0]	97.00567113370771	[3.844798281117658, 5]
0.0	0	22.72199172966297	[1, 0]	89.86734850030135	[6.959357143002228, 5]
0.0	0	32.307695513051684	[1, 0]	131.15329948071673	[5.818435462482978, 5]
0.0	0	12.320591454543287	[2, 0]	147.91070396820658	[5.829966658972501, 5]
0.0	0	32.584644701595316	[2, 0]	144.61040357768246	[5.104134005349871, 5]
0.0	0	46.65134349376254	[1, 0]	147.56852602804173	[2.013982976002304, 5]
0.0	0	48.061078901880094	[2, 0]	132.47862801310555	[6.788437687656379, 5]
0.0	0	13.816987372493157	[1, 0]	109.07771731972421	[2.358451784503617, 5]
0.0	0	32.165095842241335	[2, 0]	89.65863847207018	[4.369664214809673, 5]
0.0	0	23.085221242015315	[2, 0]	94.95222271374122	[1.729516621064038, 5]
0.0	0	34.10541215899233	[1, 0]	154.17110480605942	[4.044724603979657, 5]
0.0	0	17.982165431661258	[2, 0]	129.8857534518576	[7.544910594040615, 5]
0.0	0	33.009536031262925	[1, 0]	119.91587407408488	[1.477595683434422, 5]
0.0	0	37.700719959522345	[2, 0]	139.21800113322993	[3.233952451869126, 5]
0.0	0	36.65151671249308	[2, 0]	107.93746681267953	[6.701881476249965, 5]
0.0	0	15.113568405966419	[2, 0]	90.81390565697107	[1.7697960619660749, 5]
0.0	0	32.78014979417244	[1, 0]	129.75355063375935	[5.534148037851403, 5]
0.0	0	16.092195308392366	[1, 0]	113.27805996169636	[8.32475417913057, 5]
0.0	0	37.72349704824347	[2, 0]	170.9961440377768	[8.101779853827553, 5]
0.0	0	38.416886602216856	[1, 0]	156.0531537428106	[4.503342667428238, 5]
0.0	0	26.72785135877135	[1, 0]	120.81403720606006	[2.2150544841846065, 5]
0.0	0	45.740215479050136	[1, 0]	102.56099854558002	[3.1680241630855726, 5]
0.0	0	49.76621538913258	[2, 0]	155.08077209117056	[5.179075286639411, 5]
0.0	0	37.18875380164754	[2, 0]	178.15563564276508	[7.116359991757391, 5]
0.0	0	31.27257881347151	[1, 0]	151.75292203741543	[4.9603474746178575, 5]
0.0	0	17.68273757122771	[2, 0]	116.79157579514961	[4.946769158312167, 5]
0.0	0	48.16256389387803	[1, 0]	130.16807156811	[5.155523747315956, 5]
0.0	0	17.221548894131935	[1, 0]	144.0370493398812	[5.179291404510811, 5]
0.0	0	15.21945120603945	[2, 0]	168.84680339411813	[7.600231919157244, 5]
0.0	0	33.381536089578226	[1, 0]	162.24767029784536	[1.914057532323003, 5]
0.0	0	30.964391419479696	[1, 0]	146.89785594716383	[8.302870517053485, 5]
0.0	0	35.049811021947264	[1, 0]	177.569667916873	[5.355809885939255, 5]
0.0	0	34.22134785422043	[2, 0]	154.52734115005055	[7.700836195396226, 5]
0.0	0	47.66250736846543	[2, 0]	158.96170348620183	[6.100752159369967, 5]
0.0	0	35.62841146090276	[2, 0]	125.8813324468741	[5.80935839413049, 5]
0.0	0	38.02504429474382	[1, 0]	156.46723775737024	[7.000137415275258, 5]
0.0	0	39.50053164420902	[1, 0]	97.1872957188988	[6.45698034585332, 5]
0.0	0	15.523974279592155	[2, 0]	178.89893415766073	[2.5644339885616736, 5]
0.0	0	30.743446144780716	[1, 0]	164.11396589196795	[2.683798580086031, 5]
0.0	0	15.768993272627617	[2, 0]	161.12086122137882	[7.427534687127074, 5]
0.0	0	23.287784640193312	[1, 0]	103.35164405520662	[7.6281786192113765, 5]
0.0	0	23.20480421455846	[1, 0]	110.76863993680209	[5.19415031591938, 5]
0.0	0	48.25188485707378	[1, 0]	156.66269466196158	[7.721739692937012, 5]
0.0	0	37.194849737845864	[1, 0]	114.85354738256846	[5.530007654679518, 5]
0.0	0	36.99961831104808	[2, 0]	147.05399111141116	[3.8845051248239684, 5]
0.0	0	33.44661185979165	[2, 0]	170.4259352456338	[7.370310830638332, 5]
0.0	0	41.223478869484694	[1, 0]	147.52286243705328	[4.030884291958796, 5]
0.0	0	40.20288825812605	[2, 0]	156.95284411951337	[7.285324665217855, 5]
0.0	0	45.42265237310572	[1, 0]	168.26471109618095	[7.570137930554582, 5]
0.0	0	16.324201897417623	[2, 0]	143.11622894430099	[5.600733838445224, 5]
0.0	0	26.985665437461726	[2, 0]	108.75059911790281	[3.145802673224597, 5]
0.0	0	42.404704281979626	[1, 0]	99.99693084267894	[6.570909048092678, 5]
0.0	0	25.250357137875703	[1, 0]	113.08989892314857	[6.660596570619366, 5]
0.0	0	10.89893821761698	[1, 0]	150.0298193063741	[4.003843499332126, 5]
0.0	0	12.848780520276481	[1, 0]	156.8273843726348	[4.434698418856531, 5]
0.0	0	23.596859090918976	[1, 0]	93.97391627252162	[3.2364537360142176, 5]
0.0	0	41.670986705262024	[2, 0]	101.23085700227064	[2.4605734331694005, 5]
0.0	0	48.05555891722315	[1, 0]	117.30514774971336	[7.5523093538383765, 5]
0.0	0	32.84017867781421	[1, 0]	115.58773100560053	[7.55132620980058, 5]
0.0	0	44.59018927207182	[1, 0]	134.975268605312	[6.389385599560047, 5]
0.0	0	32.09606970981986	[2, 0]	99.97903797057523	[8.00083147986866, 5]
0.0	0	46.61980986537841	[1, 0]	152.9430280516493	[2.5037865241974298, 5]
0.0	0	27.753562087020004	[2, 0]	89.10205593309722	[1.5455557512396512, 5]
0.0	0	35.91423555148394	[2, 0]	159.68966340230594	[7.309448200965847, 5]
0.0	0	15.602400908822684	[2, 0]	110.76757449908304	[4.239635137203223, 5]
0.0	0	21.589812896406865	[2, 0]	129.7076357916108	[5.116697932986648, 5]
0.0	0	17.659009728145524	[2, 0]	149.2315427612224	[2.448535597322807, 5]
0.0	0	37.5437803995315	[2, 0]	164.4649399900426	[6.938208008307546, 5]
0.0	0	29.231067392846914	[2, 0]	154.91270872237578	[5.294114241231621, 5]
0.0	0	25.481841658418755	[2, 0]	118.97776711466591	[8.046483894867862, 5]
0.0	0	23.377814294402818	[1, 0]	104.61978891271654	[7.112052536494397, 5]
0.0	0	30.887358969526925	[1, 0]	101.1794201091463	[3.3037814652590898, 5]
0.0	0	22.935600072916646	[1, 0]	177.07149277041108	[2.6896303891206053, 5]
0.0	0	18.5609828593191	[2, 0]	117.49255183854946	[5.1177012434980265, 5]
0.0	0	22.24825617427526	[1, 0]	99.60970490936201	[1.4809149171177638, 5]
0.0	0	43.15901725570267	[2, 0]	90.75007964967503	[2.134487764758445, 5]
0.0	0	30.620848396387164	[2, 0]	97.92784483421003	[4.345235382551064, 5]
0.0	0	38.060773877206024	[2, 0]	107.1766246994432	[4.28459457615488, 5]
0.0	0	32.6276478502114	[1, 0]	127.68327679283183	[8.297854408189586, 5]
0.0	0	48.114005272914554	[2, 0]	104.58559616208659	[3.370010412861347, 5]
0.0	0	48.1237690476605	[1, 0]	168.8669224984272	[5.104868789778772, 5]
0.0	0	27.15352178639491	[2, 0]	164.24904291733878	[2.33316403264752, 5]
0.0	0	12.770096111248995	[1, 0]	148.7126062135539	[8.146940285746945, 5]
0.0	0	49.53857339016019	[2, 0]	135.0702601942796	[2.6150078056694666, 5]
0.0	0	23.28729104961653	[2, 0]	145.2046096039616	[4.2397498713373505, 5]
0.0	0	36.769284658242206	[2, 0]	146.90951578570036	[3.0648999392440985, 5]
0.0	0	17.01873201151535	[1, 0]	137.192243583567	[7.903415465873898, 5]
0.0	0	15.280058048953027	[1, 0]	109.11659275804658	[6.639790552904747, 5]
0.0	0	45.56668874423829	[1, 0]	101.10447567313541	[8.205396394048615, 5]
0.0	0	29.624453499158253	[1, 0]	176.03374150890403	[5.045288728205274, 5]
0.0	0	32.465230229090274	[1, 0]	176.12341584442063	[3.140907718522214, 5]
0.0	0	23.95070047896013	[1, 0]	112.24517062921761	[7.334601599311958, 5]
0.0	0	32.25415076902184	[1, 0]	151.54569841057665	[2.106274996250913, 5]
0.0	0	34.7184192441758	[1, 0]	140.760981928059	[4.894865693808078, 5]
0.0	0	25.157378504033126	[2, 0]	148.40241703330994	[7.704131396106076, 5]
0.0	0	32.62144888027731	[2, 0]	151.02678019197947	[4.585232717618301, 5]
0.0	0	14.043432380002551	[1, 0]	151.8076706080175	[6.460145376149429, 5]
0.0	0	25.263171724571606	[2, 0]	178.55092534162773	[4.5557967916318045, 5]
0.0	0	37.331181375054065	[1, 0]	113.75696103882706	[2.0884125203066626, 5]
0.0	0	45.69505712926458	[1, 0]	111.18862104009736	[3.5823285470931254, 5]
0.0	0	43.095197796501495	[2, 0]	155.47562426842117	[6.6100133494527515, 5]
0.0	0	47.86564271548623	[2, 0]	155.81604723088054	[5.781488335917561, 5]
0.0	0	23.988241757899374	[2, 0]	158.05539697321228	[6.471167289342366, 5]
0.0	0	40.98182017674533	[1, 0]	177.98712807365172	[6.600648286138301, 5]
0.0	0	23.754892742541664	[2, 0]	95.08254527546518	[6.880963698576852, 5]
0.0	0	16.158375734471658	[1, 0]	164.07178537550038	[5.527840323500812, 5]
0.0	0	21.15815962338586	[1, 0]	175.85491006987198	[2.8933541044394673, 5]
0.0	0	21.202945919443756	[2, 0]	175.87894849869315	[2.9739300853007173, 5]
0.0	0	31.676940570529478	[1, 0]	93.74321486655327	[4.821481235143501, 5]
0.0	0	34.32211007890345	[1, 0]	122.9979708358463	[5.155478398692057, 5]
0.0	0	39.99171332063021	[2, 0]	94.50075013178112	[5.800955100441034, 5]
0.0	0	28.01254639302048	[1, 0]	154.25472095533692	[5.718468150768699, 5]
0.0	0	11.728444560280007	[2, 0]	174.31758231913653	[6.690580776568397, 5]
0.0	0	40.82197150071088	[2, 0]	117.42940937494035	[6.063980303385793, 5]
0.0	0	23.512276727566647	[1, 0]	151.8320592078384	[4.060702199739394, 5]
0.0	0	29.362818286811283	[1, 0]	140.93959167948955	[5.35393778738562, 5]
0.0	0	26.96482234019737	[1, 0]	103.8127041202892	[2.2254668143295517, 5]
0.0	0	19.891839903699385	[2, 0]	145.86843488965897	[3.293780749212214, 5]
0.0	0	11.544498045068519	[1, 0]	95.75167543813137	[6.270175277100313, 5]
0.0	0	36.57491519007169	[1, 0]	152.88760643438738	[4.954189073974875, 5]
0.0	0	27.096198622004458	[2, 0]	173.45930508334783	[4.444524729298699, 5]
0.0	0	44.23433457874441	[1, 0]	150.88510686948496	[6.706042959869731, 5]
0.0	0	42.32103028841913	[2, 0]	116.19068744522724	[2.139265134290629, 5]
0.0	0	38.63167844306624	[2, 0]	117.90493422640165	[4.090774410957439, 5]
0.0	0	14.66589270329572	[2, 0]	127.95181345049964	[6.747918900943634, 5]
0.0	0	31.592361695826874	[1, 0]	156.71690346718708	[4.678354979548315, 5]
0.0	0	21.295687649267894	[2, 0]	154.08195360498289	[1.694707421246316, 5]
0.0	0	27.42662727630942	[1, 0]	148.64491760909192	[3.9795184658856884, 5]
0.0	0	11.794829824499603	[2, 0]	124.77534439861029	[6.474239589786257, 5]
0.0	0	22.321797277500657	[2, 0]	124.23252310302067	[7.636573490702871, 5]
0.0	0	45.131709942160526	[2, 0]	115.43855247623853	[1.852115485114482, 5]
0.0	0	48.8305958785608	[2, 0]	131.59749726061284	[3.3773021392769564, 5]
0.0	0	14.73241529697123	[2, 0]	97.5330161863759	[7.5154486596841785, 5]
0.0	0	28.899392495096713	[1, 0]	138.29063374356244	[2.991446351786945, 5]
0.0	0	19.93532026079692	[2, 0]	178.3525449521153	[1.6911484908846084, 5]
0.0	0	41.62755031297832	[1, 0]	117.75153370121826	[8.252895657451448, 5]
0.0	0	14.865124380077022	[1, 0]	174.80228409627838	[5.847370370769561, 5]
0.0	0	26.39523325837662	[1, 0]	149.06825934789563	[2.4261823211071576, 5]
0.0	0	46.17771264873968	[2, 0]	111.102672917484	[4.054062606151614, 5]
0.0	0	48.948747348139044	[2, 0]	90.21961538858577	[3.9843762079880958, 5]
0.0	0	17.455682530900233	[2, 0]	107.09634552327462	[4.335600571613911, 5]
0.0	0	49.357217543715535	[1, 0]	144.355974210053	[2.3477741606599722, 5]
0.0	0	24.963780081277136	[2, 0]	153.28314144656778	[3.9691210245431607, 5]
0.0	0	47.241381543534246	[2, 0]	151.41013215668335	[5.539607995093296, 5]
0.0	0	25.197888957341704	[2, 0]	126.27685242801647	[1.4408718997542609, 5]
0.0	0	33.23769188116601	[1, 0]	177.24140310985126	[7.227854727015593, 5]
0.0	0	45.429144899891355	[1, 0]	170.78492764671805	[4.6198698104072164, 5]
0.0	0	20.370297204661302	[2, 0]	163.46444094513785	[7.117502548160302, 5]
0.0	0	40.986739805492306	[2, 0]	91.65062700150555	[3.0550164331565086, 5]
0.0	0	27.93107280709565	[1, 0]	118.86545072623942	[2.609602165990752, 5]
0.0	0	29.569364540585898	[1, 0]	105.07284072445901	[7.098446126129017, 5]
0.0	0	23.516239480787622	[1, 0]	177.25583576557275	[6.707561366379107, 5]
0.0	0	19.84798334116074	[1, 0]	114.99057414538885	[4.080985201904276, 5]
0.0	0	46.863528915231484	[1, 0]	151.77276048716155	[3.3967260727604267, 5]
0.0	0	41.7280306226764	[2, 0]	163.26240733617402	[6.727304486577571, 5]
0.0	0	21.079552330485377	[1, 0]	158.068295773584	[7.4757469238880345, 5]
0.0	0	30.74680483920564	[2, 0]	160.85182665733143	[3.5902402075033417, 5]
0.0	0	47.225914792552366	[2, 0]	98.68647314768194	[6.5359147004029765, 5]
0.0	0	14.591364508397026	[1, 0]	160.9609629327802	[6.63822684330271, 5]
0.0	0	18.45324289115495	[1, 0]	96.28454056788738	[4.687751900251475, 5]
0.0	0	42.01675902136846	[2, 0]	93.60333030120681	[4.4101600384705995, 5]
0.0	0	28.023418695848843	[1, 0]	172.55649500784455	[1.9695491527418514, 5]
0.0	0	47.77754123090738	[2, 0]	106.36658453592814	[6.095402709332099, 5]
0.0	0	21.217118575690847	[1, 0]	90.73730831411322	[2.1429574852290205, 5]
0.0	0	13.998989189844767	[2, 0]	131.59151237329948	[8.319397920708083, 5]
0.0	0	25.33221653712593	[1, 0]	99.3996558056556	[7.408553161726462, 5]
0.0	0	23.50063095045124	[1, 0]	129.74527913119937	[3.6681328547495653, 5]
0.0	0	23.627660916552916	[2, 0]	160.76989712340733	[4.165390424167928, 5]
0.0	0	45.1941660023476	[1, 0]	155.7237389617349	[5.556826196721989, 5]
0.0	0	39.06736265447255	[1, 0]	100.34682258610528	[2.757333233915629, 5]
0.0	0	16.995399424681402	[1, 0]	162.71884773382732	[3.9253727278683446, 5]
0.0	0	34.162012408160344	[1, 0]	145.86052531403735	[3.5909158359878366, 5]
0.0	0	44.32637891051333	[1, 0]	110.4200361929629	[3.911890164479672, 5]
0.0	0	48.452823980104576	[2, 0]	136.33657109789755	[4.472913697702815, 5]
0.0	0	44.001154019788636	[2, 0]	101.77799919969806	[1.7244358354130374, 5]
0.0	0	35.50806155865892	[2, 0]	125.86704544191245	[4.220992624740187, 5]
0.0	0	38.02779783987363	[2, 0]	143.62658346631775	[5.768494879035981, 5]
0.0	0	37.20844861097788	[2, 0]	140.27322316699497	[3.3242931618123808, 5]
0.0	0	23.169355335107532	[2, 0]	90.74441289284348	[1.6423351014327146, 5]
0.0	0	20.471844375197016	[1, 0]	135.42841547561295	[7.340175530476459, 5]
0.0	0	48.35284492812267	[2, 0]	98.34771478734491	[4.834331697099634, 5]
0.0	0	19.55452197547253	[2, 0]	97.2344926882683	[8.298360871047418, 5]
0.0	0	49.75077144129285	[2, 0]	104.87637712615259	[3.47933451164137, 5]
0.0	0	45.05663244811526	[2, 0]	146.8525931128838	[2.6664989282586027, 5]
0.0	0	43.03074411492581	[2, 0]	129.53426184918015	[6.645182791567073, 5]
0.0	0	49.62288683024948	[2, 0]	111.42921382176654	[3.049832278177411, 5]
0.0	0	48.761410627561425	[2, 0]	92.52550252960387	[4.014331659885712, 5]
0.0	0	33.5374372894586	[2, 0]	157.5669407062822	[5.620852264409677, 5]
0.0	0	43.14883602958026	[2, 0]	176.9870108533046	[8.060263259575557, 5]
0.0	0	20.404595443598023	[1, 0]	176.61174536663512	[1.983105748816431, 5]
0.0	0	11.06222570200792	[2, 0]	161.85071507623923	[2.287794525974038, 5]
0.0	0	14.036828529669771	[1, 0]	130.6297807289949	[4.130887803012074, 5]
0.0	0	25.31680802286365	[1, 0]	176.51976576924673	[4.431016840245474, 5]
0.0	0	23.87767292163045	[2, 0]	99.91671090393926	[7.699879179805172, 5]
0.0	0	18.931030885981457	[2, 0]	129.85728227746878	[2.1500573772609175, 5]
0.0	0	37.587382210125355	[1, 0]	91.43483998885901	[5.552073724373258, 5]
0.0	0	36.959993952326215	[1, 0]	153.57926502114577	[6.922411749440251, 5]
0.0	0	19.0045601218564	[2, 0]	127.71128715735789	[1.7046285890230186, 5]
0.0	0	33.66351416653634	[2, 0]	151.28694618939045	[5.962137181166671, 5]
0.0	0	31.36929129148653	[1, 0]	102.11931442857288	[3.9476274140401584, 5]
0.0	0	30.16403011356122	[2, 0]	127.8221618516145	[7.407506651137925, 5]
0.0	0	14.84878666089189	[1, 0]	131.41156222630735	[3.9309072176315225, 5]
0.0	0	43.564160554406484	[2, 0]	133.25005823049196	[3.7280474853671133, 5]
0.0	0	12.977704384613942	[2, 0]	124.25059673416717	[4.273408629228099, 5]
0.0	0	20.372030924161844	[1, 0]	121.65281213512446	[6.760255621653956, 5]
0.0	0	10.597775200783433	[2, 0]	171.5268239383563	[7.170394529088158, 5]
0.0	0	11.436024419541928	[1, 0]	104.78547089182621	[5.975578906737167, 5]
0.0	0	31.226650445322797	[2, 0]	106.2493156783654	[4.712860574464405, 5]
0.0	0	21.430043734330763	[1, 0]	132.30957231029947	[1.8480913473180944, 5]
0.0	0	17.347101286629602	[2, 0]	175.67865697074643	[2.7602580652119655, 5]
0.0	0	16.283902525932632	[2, 0]	130.815263008712	[6.220046058729317, 5]
0.0	0	35.93342227643583	[2, 0]	125.56645312018915	[2.2455272981825836, 5]
0.0	0	19.82071562595915	[1, 0]	148.51441040016522	[1.7929642214872945, 5]
0.0	0	30.074534145825062	[2, 0]	164.14607226186274	[4.643014279755181, 5]
0.0	0	18.554422949061408	[2, 0]	159.74419879276286	[2.5988325585293213, 5]
0.0	0	30.795548914544852	[1, 0]	139.48655037271413	[4.724107100225997, 5]
0.0	0	42.97914988593399	[2, 0]	97.35980079222873	[8.1916756912089, 5]
0.0	0	41.13430143276048	[2, 0]	93.77337829309215	[4.645783493467219, 5]
0.0	0	30.73048824281066	[1, 0]	96.37710623735569	[1.823423421063622, 5]
0.0	0	34.832568847360164	[1, 0]	117.5184540410152	[2.16652438338833, 5]
0.0	0	35.287328617957606	[2, 0]	124.99616071158383	[2.395763327146957, 5]
0.0	0	25.555609170807273	[1, 0]	127.33329138566975	[3.3540207317380992, 5]
0.0	0	34.49990299576453	[1, 0]	152.95279888598594	[1.7376169871604963, 5]
0.0	0	49.88191725696302	[1, 0]	169.95948579306832	[7.611222165077347, 5]
0.0	0	10.413220256355354	[1, 0]	176.09625845221296	[6.535669822790043, 5]
0.0	0	16.215379628969618	[2, 0]	173.75362767956057	[4.61006218487604, 5]
0.0	0	14.903052996819572	[1, 0]	143.81635445228267	[7.694971880354173, 5]
0.0	0	23.558628879003866	[2, 0]	97.8221803751511	[4.165296425503659, 5]
0.0	0	36.05613092600677	[2, 0]	112.2552140832709	[3.195858270206439, 5]
0.0	0	27.92607976683232	[2, 0]	100.91554311196461	[6.393212396760636, 5]
0.0	0	16.08949834818223	[1, 0]	171.50127277261947	[2.947515360946047, 5]
0.0	0	18.88645646479222	[2, 0]	125.5726053338808	[6.713579479717917, 5]
0.0	0	40.98439638546545	[1, 0]	147.36588493419535	[2.7198656851690766, 5]
0.0	0	20.288178595983734	[2, 0]	105.57567938032504	[7.758268612816645, 5]
0.0	0	18.106233942219337	[2, 0]	132.13669914146226	[5.205652155392123, 5]
0.0	0	46.082432616339084	[1, 0]	135.61924996666107	[6.24629366457025, 5]
0.0	0	42.14206488897211	[2, 0]	117.54358754287637	[5.846732238775878, 5]
0.0	0	17.017126147655972	[1, 0]	135.24877370895064	[2.809499539144444, 5]
0.0	0	25.575228739290885	[2, 0]	165.02090458148942	[2.7504547836593183, 5]
0.0	0	11.953481449844965	[1, 0]	123.81759007924913	[5.591532115239664, 5]
0.0	0	42.811284278813886	[1, 0]	160.18744045937353	[4.522415156430046, 5]
0.0	0	27.445562040111945	[2, 0]	166.03450826608153	[3.0815053101678593, 5]
0.0	0	20.986000239890547	[1, 0]	152.47552129613084	[4.620459368113162, 5]
0.0	0	20.64381488463572	[1, 0]	165.0452381249932	[4.187014293094256, 5]
0.0	0	22.79801581622253	[1, 0]	175.71373564355508	[1.6118663604619583, 5]
0.0	0	22.328468079699206	[1, 0]	94.28142961624059	[2.740750871627818, 5]
0.0	0	10.351345873097086	[2, 0]	127.08894365129012	[5.186589260074974, 5]
0.0	0	11.163721585615104	[1, 0]	162.1810902222582	[2.7046529402324313, 5]
0.0	0	47.9808501699766	[1, 0]	101.7301181177938	[4.234087071787293, 5]
0.0	0	25.7307241822873	[2, 0]	121.40206947926094	[5.5210133354104, 5]
0.0	0	12.98726783408872	[1, 0]	102.74994953545206	[4.209936431816116, 5]
0.0	0	31.209939786726125	[2, 0]	109.59459636388102	[2.977587898221472, 5]
0.0	0	13.996320618739492	[1, 0]	92.12717165639958	[3.759711224597292, 5]
0.0	0	12.89602475319878	[1, 0]	172.86061690407448	[4.374137282499725, 5]
0.0	0	20.1267654388533	[1, 0]	177.41158176481525	[2.1701729102191747, 5]
0.0	0	14.343114362395585	[1, 0]	108.02828987022926	[5.9865768908921995, 5]
0.0	0	42.232460237238016	[2, 0]	94.03405260051494	[5.608744713675642, 5]
0.0	0	32.808766110784035	[2, 0]	172.0496012070779	[5.006000560825433, 5]
0.0	0	47.35821326740279	[1, 0]	161.83004329536038	[4.1135139614462854, 5]
0.0	0	43.220419819283755	[2, 0]	159.3352747790958	[3.3940712687723233, 5]
0.0	0	39.0095939517086	[2, 0]	152.46747774934965	[2.1102887679015416, 5]
0.0	0	10.388914950943573	[2, 0]	111.34697612409593	[7.899823418812975, 5]
0.0	0	19.410250449705345	[1, 0]	124.7673307568156	[3.8540775620128263, 5]
0.0	0	42.97741632208141	[1, 0]	116.37671267494213	[2.340219016194103, 5]
0.0	0	37.30137476638335	[2, 0]	162.78625425844058	[7.7279494463532075, 5]
0.0	0	40.67431863241472	[2, 0]	147.77185747876365	[8.191146939854493, 5]
0.0	0	49.881207886047946	[1, 0]	136.51061157153057	[6.760258868231835, 5]
0.0	0	31.259210211567883	[1, 0]	123.95793716216718	[7.677687859361697, 5]
0.0	0	11.546477819393225	[2, 0]	92.05720483774583	[6.259113260788503, 5]
0.0	0	28.878641827961044	[1, 0]	134.6408409125617	[8.062725394477066, 5]
0.0	0	49.49428488741493	[2, 0]	105.98272879613185	[2.65330883763255, 5]
0.0	0	14.722171952374016	[1, 0]	117.57023366462937	[5.3390269604455005, 5]
0.0	0	37.96490024495619	[1, 0]	117.22029972345766	[8.10385937884291, 5]
0.0	0	25.229043472653384	[1, 0]	120.54840601280696	[6.219299728725261, 5]
0.0	0	14.597652748757419	[1, 0]	107.06798704809185	[4.7086042034388464, 5]
0.0	0	36.025486686579924	[2, 0]	137.547549578153	[5.300201172249564, 5]
0.0	0	27.093936216492118	[1, 0]	169.4952385512447	[8.122725082844491, 5]
0.0	0	32.64388644830566	[1, 0]	113.73017914501273	[8.13453813569457, 5]
0.0	0	46.52600585648357	[2, 0]	168.03265671037883	[5.666276964996525, 5]
0.0	0	40.851735594761095	[2, 0]	139.39268539008395	[7.380308598844214, 5]
0.0	0	27.384513464037603	[2, 0]	178.8816429907112	[7.014455898748698, 5]
0.0	0	40.146243697748424	[2, 0]	137.3019013997747	[2.2799041119669177, 5]
0.0	0	44.23586540291048	[1, 0]	140.1325153751259	[2.7250226669670727, 5]
0.0	0	37.113752442509686	[2, 0]	146.54642072348332	[5.3736696780630915, 5]
0.0	0	28.829162257064223	[2, 0]	164.85014542156594	[1.7164815096334072, 5]
0.0	0	38.70874972707462	[2, 0]	150.4903686994166	[8.18500939928957, 5]
0.0	0	10.247314657306445	[2, 0]	140.33468152019418	[2.1977169396859693, 5]
0.0	0	25.344423029905435	[2, 0]	100.80389905903691	[1.8683316565918346, 5]
0.0	0	26.19434867081262	[1, 0]	132.2325814197028	[7.058081582514684, 5]
0.0	0	42.938939110446746	[2, 0]	94.92279501603412	[5.032428727643867, 5]
0.0	0	32.44251896595125	[1, 0]	150.2314367652844	[5.012554313167337, 5]
0.0	0	29.73932390418256	[2, 0]	100.58510295672383	[6.477269306041047, 5]
0.0	0	20.485465757830585	[2, 0]	158.92073628481572	[8.066394055898746, 5]
0.0	0	42.11499986164439	[2, 0]	123.22034283649691	[7.782941959021393, 5]
0.0	0	43.581346671593984	[2, 0]	128.03488033921764	[4.588708759045904, 5]
0.0	0	44.79736295412018	[1, 0]	162.91132566238116	[2.471698890184192, 5]
0.0	0	19.693975484067476	[2, 0]	152.7917990192993	[2.9138711201232366, 5]
0.0	0	11.501092040301852	[2, 0]	109.99842373613042	[2.5460907587331576, 5]
0.0	0	32.64299120888246	[1, 0]	153.51480482484118	[3.8774141831747277, 5]
0.0	0	27.112287883037517	[2, 0]	95.99334271827975	[5.731086464208287, 5]
0.0	0	13.654782650117037	[1, 0]	125.53162872694486	[5.8861534870137175, 5]
0.0	0	24.91882082123185	[1, 0]	173.17908936798497	[6.607689354693101, 5]
0.0	0	12.90355863197322	[1, 0]	103.55551487493292	[4.928823146021752, 5]
0.0	0	12.448063454824108	[1, 0]	93.89943230218249	[5.826395238601985, 5]
0.0	0	14.753774952105774	[1, 0]	122.86481212556413	[2.3039545313778467, 5]
0.0	0	31.395037081476346	[2, 0]	162.4211017444257	[1.5590563225451446, 5]
0.0	0	29.954271447217472	[2, 0]	117.27146023253633	[3.4739156926277412, 5]
0.0	0	12.013609428396537	[1, 0]	170.9498704785417	[4.902770110477306, 5]
0.0	0	14.621305284286935	[1, 0]	148.45414586508923	[4.0526638290266845, 5]
0.0	0	41.5725790299636	[2, 0]	153.52982803787665	[4.992511540308424, 5]
0.0	0	36.137770788945474	[2, 0]	163.80643481012999	[4.85573675043014, 5]
0.0	0	19.926044100900334	[2, 0]	164.33549382902265	[8.006299796065752, 5]
0.0	0	23.370330350278905	[2, 0]	164.45839566818123	[5.769358922653699, 5]
0.0	0	16.327774137717658	[1, 0]	115.25349135741047	[5.642380227208313, 5]
0.0	0	32.36449752000603	[2, 0]	139.4427435471609	[4.892423576011434, 5]
0.0	0	16.43984257976522	[1, 0]	93.98321487144881	[6.954179008918632, 5]
0.0	0	12.442884851144221	[1, 0]	137.32548585196398	[2.243729098045792, 5]
0.0	0	21.576366734959947	[1, 0]	161.48839975432043	[7.839770146474682, 5]
0.0	0	13.206569128652209	[1, 0]	153.50211452329592	[5.773708074041398, 5]
0.0	0	46.91704242437876	[1, 0]	127.52450298202595	[6.96834053247006, 5]
0.0	0	29.74534839668764	[1, 0]	99.65581854868442	[4.317398722845593, 5]
0.0	0	46.684160456569515	[2, 0]	124.47432002725553	[7.321815824652969, 5]
0.0	0	19.06589366293909	[2, 0]	153.00248347780098	[6.9532709593940965, 5]
0.0	0	25.072761984203026	[1, 0]	156.14178458668786	[7.647496257497682, 5]
0.0	0	37.165324244509335	[2, 0]	122.43659323507558	[1.8992873042908684, 5]
0.0	0	13.678165425901154	[2, 0]	144.8553422304856	[5.322858547314291, 5]
0.0	0	15.213380247934559	[2, 0]	134.31940812587763	[6.817519287803782, 5]
0.0	0	41.87404591783114	[2, 0]	166.3852361608383	[5.567877318538291, 5]
0.0	0	47.68337294136753	[1, 0]	99.23923842334055	[7.566927940264663, 5]
0.0	0	29.391463283335106	[1, 0]	115.87554301191938	[7.455075292159786, 5]
0.0	0	44.35310377212111	[1, 0]	91.33953529526825	[2.3183262336134645, 5]
0.0	0	10.008101644301034	[2, 0]	109.22005828534091	[4.191427129290974, 5]
0.0	0	37.97073905789095	[1, 0]	131.38908571471515	[5.4779835143195434, 5]
0.0	0	39.83993269140942	[1, 0]	177.07684371908226	[2.3320871303542905, 5]
0.0	0	17.79549499607994	[1, 0]	95.5216739033494	[4.185253952169829, 5]
0.0	0	20.232321522667146	[2, 0]	133.10723850794466	[5.409412205834885, 5]
0.0	0	34.01478797947262	[1, 0]	153.38427764024857	[3.9899422223576777, 5]
0.0	0	17.93168545519588	[1, 0]	90.6542382964139	[2.8518451112709715, 5]
0.0	0	18.67201641699115	[1, 0]	91.43260937585897	[1.4169870044549422, 5]
0.0	0	32.24770493471109	[1, 0]	91.4424791768372	[8.134242711103596, 5]
0.0	0	26.10914226084824	[1, 0]	155.80860663457196	[6.3363522144758, 5]
0.0	0	47.87782018276177	[1, 0]	124.6178132965512	[2.331755376849757, 5]
0.0	0	47.609799093003524	[2, 0]	139.66791574127473	[3.411780221915868, 5]
0.0	0	16.80408494134082	[1, 0]	105.73337998597518	[3.8331313787215873, 5]
0.0	0	37.31298952597911	[1, 0]	132.12890685646767	[4.0018694323947255, 5]
0.0	0	47.737244248949104	[1, 0]	148.24975520592034	[7.284017593973479, 5]
0.0	0	42.420842918962826	[1, 0]	139.04996770232088	[7.43603967479336, 5]
0.0	0	36.919235466818535	[1, 0]	126.15343437975594	[7.033242754163505, 5]
0.0	0	13.537830014687433	[1, 0]	157.73373916564674	[5.253863703962739, 5]
0.0	0	45.301921336472034	[1, 0]	156.76012320894867	[6.800935671197025, 5]
0.0	0	12.2334632370452	[2, 0]	123.24665785187872	[4.8740165951258705, 5]
0.0	0	22.57261187098747	[2, 0]	100.78802867978315	[1.7604545625454582, 5]
0.0	0	32.36965447140646	[2, 0]	117.07005874128573	[5.034274317059331, 5]
0.0	0	34.358733756428855	[2, 0]	151.6185211445436	[4.887735752327606, 5]
0.0	0	13.783757353325647	[2, 0]	151.73880631992216	[4.730456372779843, 5]
0.0	0	17.450843257766238	[1, 0]	127.61557741111011	[5.592481267325446, 5]
0.0	0	22.56083106133982	[2, 0]	102.20075229305854	[2.316996468670518, 5]
0.0	0	14.002731957353841	[1, 0]	134.2427506353467	[1.9407941316451278, 5]
0.0	0	46.09038847275954	[2, 0]	156.80713178575778	[3.04690311096872, 5]
0.0	0	49.59637052757577	[1, 0]	146.61508950138497	[3.6733724496363624, 5]
0.0	0	17.71799870946516	[1, 0]	132.96189058296474	[4.42482546422089, 5]
0.0	0	18.256827309279384	[2, 0]	157.64983141683092	[7.276546823478868, 5]
0.0	0	30.76264462340576	[2, 0]	107.85338328990998	[1.8293521512823183, 5]
0.0	0	37.68796563017972	[2, 0]	152.9961100614526	[5.5619275814660165, 5]
0.0	0	28.341800029926485	[2, 0]	113.29451715209527	[3.3122142806239228, 5]
0.0	0	33.17707969902779	[2, 0]	125.35286219213452	[2.696915231882632, 5]
0.0	0	39.684165773459014	[1, 0]	90.99269920227385	[1.8440419716706486, 5]
0.0	0	34.161586294310794	[2, 0]	161.63749433779498	[6.9225347046136525, 5]
0.0	0	43.15945078430821	[1, 0]	151.8311216051627	[5.450012478390861, 5]
0.0	0	26.706454862540138	[1, 0]	150.4282641572345	[3.9346885263518283, 5]
0.0	0	14.63918869995917	[2, 0]	174.55930222963113	[4.018416867637879, 5]
0.0	0	40.38011651342423	[1, 0]	149.7136911478265	[3.667706854368593, 5]
0.0	0	17.851460211698246	[1, 0]	135.38840224201863	[3.4924693812970315, 5]
0.0	0	46.968638939100714	[1, 0]	103.2975112259211	[4.635604337170724, 5]
0.0	0	15.80532077001477	[2, 0]	119.46809817807178	[5.209122095822072, 5]
0.0	0	39.66607451755998	[1, 0]	96.11653905124467	[3.1862345073663967, 5]
0.0	0	47.16579296482011	[2, 0]	144.04543374473005	[7.1133023720908675, 5]
0.0	0	15.472669862871285	[1, 0]	113.65255363278554	[2.0182281031106957, 5]
0.0	0	29.493949631543504	[1, 0]	95.9040922938664	[3.494749280920983, 5]
0.0	0	14.021097209228472	[2, 0]	145.0464765720265	[2.0916999306500212, 5]
0.0	0	26.448759068974606	[1, 0]	127.57140036270918	[1.6017202536401378, 5]
0.0	0	14.350216716095666	[1, 0]	99.39770029314238	[4.70562327907692, 5]
0.0	0	38.59045205932717	[1, 0]	143.30707634911676	[6.460319261040195, 5]
0.0	0	19.36543322003062	[2, 0]	99.8588356709059	[5.956562130623649, 5]
0.0	0	11.61966373749156	[2, 0]	120.21526807192868	[7.150476910719007, 5]
0.0	0	23.7562043232927	[1, 0]	118.56586338292522	[2.7363436665298786, 5]
0.0	0	34.23550608935744	[2, 0]	102.30989535367857	[5.808588151408392, 5]
0.0	0	36.92836623033885	[1, 0]	174.9103917054067	[7.266578019157709, 5]
0.0	0	35.505522850093335	[2, 0]	108.17243246174017	[8.040949421616812, 5]
0.0	0	25.199760079964445	[1, 0]	108.28006363261906	[4.907624168632437, 5]
0.0	0	45.54155924231963	[2, 0]	153.1339328485949	[3.2156604483106914, 5]
0.0	0	28.05315398266927	[2, 0]	112.07954060791349	[2.269225197162805, 5]
0.0	0	12.739222623171363	[1, 0]	175.80599990147715	[7.714865722855807, 5]
0.0	0	16.045842052298028	[2, 0]	165.52602169040077	[6.808523485432202, 5]
0.0	0	17.761893238019038	[1, 0]	168.51480842048042	[6.671231684769814, 5]
0.0	0	40.813436306421515	[2, 0]	147.78854197830836	[4.12937224473596, 5]
0.0	0	34.33441954816687	[1, 0]	91.69659493851954	[3.380863552309091, 5]
0.0	0	10.21957896953622	[1, 0]	123.01899936658097	[6.105434459031305, 5]
0.0	0	24.444305122229764	[2, 0]	154.79541708988853	[6.772834407626626, 5]
0.0	0	42.16718871554271	[1, 0]	89.3998458026958	[3.2844738875583674, 5]
0.0	0	31.953884826466634	[1, 0]	155.70124092909515	[5.235955252051514, 5]
0.0	0	38.645363542919014	[1, 0]	161.50227349619638	[6.06946348784384, 5]
0.0	0	33.91229958842733	[1, 0]	97.92743103097531	[6.228907208719744, 5]
0.0	0	10.167257409091317	[1, 0]	161.89082311667022	[6.0843349789017385, 5]
0.0	0	35.75588368495349	[1, 0]	102.51444284843579	[5.375610274260055, 5]
0.0	0	27.122244404373678	[1, 0]	143.86466274213626	[1.9606935036834319, 5]
0.0	0	10.914925971490412	[1, 0]	130.85373963936146	[7.6426714723490665, 5]
0.0	0	12.822541030458224	[1, 0]	95.45928945400331	[5.67256782061399, 5]
0.0	0	49.67651669739211	[2, 0]	119.6817423852728	[3.4856988808214053, 5]
0.0	0	38.40604083775479	[1, 0]	94.13836787679249	[3.7471258831306926, 5]
0.0	0	25.52841241297687	[1, 0]	172.9060557751114	[8.077307463215027, 5]
0.0	0	26.699477230972892	[2, 0]	130.94858199911027	[3.2434301100743106, 5]
0.0	0	37.67308202656821	[1, 0]	109.2970471651341	[4.917310860481815, 5]
0.0	0	15.294589892374994	[1, 0]	156.46528931203613	[2.150023095451605, 5]
0.0	0	44.533233164923054	[1, 0]	108.32338338528244	[6.054344238115115, 5]
0.0	0	18.44169585625465	[2, 0]	125.72065585385755	[6.086034295853565, 5]
0.0	0	22.558662843529802	[1, 0]	164.75881974500223	[1.7956652590650186, 5]
0.0	0	48.56857736202193	[1, 0]	96.1205578637941	[5.596833747153446, 5]
0.0	0	18.11335832275869	[1, 0]	93.28152207051865	[6.405813573938617, 5]
0.0	0	14.005621260573806	[2, 0]	99.85615093397222	[1.8237301192801898, 5]
0.0	0	37.907798276665915	[1, 0]	107.32493478447665	[3.1102268190260833, 5]
0.0	0	29.749532678669926	[1, 0]	120.5512091734384	[4.998875316472134, 5]
0.0	0	16.0438534572572	[2, 0]	110.1902364806278	[2.8428273077095363, 5]
0.0	0	21.482770514394048	[1, 0]	134.22891563668776	[2.0521935248225893, 5]
0.0	0	49.01828936483737	[2, 0]	140.89870718416375	[7.241670028007655, 5]
0.0	0	13.038198551826511	[2, 0]	148.76849248591628	[3.939169210870108, 5]
0.0	0	37.65108837633595	[2, 0]	127.1923443119681	[5.059444858419492, 5]
0.0	0	25.768005464474097	[1, 0]	108.53144309073453	[7.085402500076669, 5]
0.0	0	35.07907744032813	[1, 0]	110.46773149130861	[6.484620749187017, 5]
0.0	0	40.783574332028074	[2, 0]	163.8452377247922	[4.332228573285761, 5]
0.0	0	12.763770035745248	[1, 0]	143.6751412959233	[2.3267508887393786, 5]
0.0	0	43.38709974321487	[2, 0]	156.67577125104916	[4.290309795395236, 5]
0.0	0	35.99290003098141	[2, 0]	150.40260691804917	[3.449293877884369, 5]
0.0	0	34.91753761853151	[1, 0]	136.7021630285231	[5.1340195236598065, 5]
0.0	0	41.35605753031935	[2, 0]	93.72139548363282	[4.145962440787606, 5]
0.0	0	32.604517428069016	[2, 0]	174.10969332212682	[5.477883044587955, 5]
0.0	0	10.38938734905326	[2, 0]	103.6267773862329	[5.126440236817855, 5]
0.0	0	16.431153908017816	[1, 0]	99.83358810449253	[5.7056023802100775, 5]
0.0	0	19.5892834691525	[2, 0]	107.78060014516481	[5.4735624540072685, 5]
0.0	0	28.301172781954186	[1, 0]	133.37510439471885	[4.060960610208073, 5]
0.0	0	41.048744362809586	[2, 0]	116.65816607898243	[3.902120896728682, 5]
0.0	0	31.475138421210147	[1, 0]	114.71025410193093	[5.812166586964989, 5]
0.0	0	22.545198005703107	[2, 0]	114.53701937085282	[4.224905104444727, 5]
0.0	0	22.719951939188693	[1, 0]	133.6716571706151	[5.420320860861021, 5]
0.0	0	47.76941891591094	[2, 0]	109.72235965023225	[7.735650511037616, 5]
0.0	0	30.99546171069804	[1, 0]	160.4520007519286	[3.754458946256216, 5]
0.0	0	26.347781670530786	[1, 0]	131.41558630109853	[4.460743157691491, 5]
0.0	0	42.00024952841429	[2, 0]	134.1666556268095	[3.403021936228748, 5]
0.0	0	31.363991342142796	[2, 0]	151.09352678561257	[3.3250478053353976, 5]
0.0	0	42.37607554919088	[2, 0]	95.38957103391527	[7.753243173620428, 5]
0.0	0	48.0250977780742	[1, 0]	143.80085923574103	[5.090258450846709, 5]
0.0	0	15.350971490303053	[2, 0]	90.78798827591041	[1.4474131561562227, 5]
0.0	0	17.251482758602084	[2, 0]	160.6995220575122	[4.891232693517732, 5]
0.0	0	48.497308961822526	[1, 0]	105.2311535795694	[3.5539371764331964, 5]
0.0	0	20.43679013794431	[2, 0]	89.06607605086174	[2.7396581318807427, 5]
0.0	0	39.2726908141767	[2, 0]	142.31828648597104	[6.540838731472469, 5]
0.0	0	44.424541638830405	[2, 0]	162.81734500990783	[6.30987278706129, 5]
0.0	0	34.34497745052294	[1, 0]	116.76574526187702	[2.564045605318083, 5]
0.0	0	49.90451986632161	[2, 0]	116.47088541092019	[5.5612800078479045, 5]
0.0	0	13.221125618101473	[2, 0]	117.70613957543242	[1.5808539890762674, 5]
0.0	0	27.017825980432562	[2, 0]	124.85096856317301	[4.409626289526977, 5]
0.0	0	35.07915395222882	[1, 0]	140.1423520143452	[1.8332816712810611, 5]
0.0	0	35.54662813131039	[1, 0]	110.71997031336238	[3.6023658574782442, 5]
0.0	0	10.091517966032018	[2, 0]	99.66788982019631	[7.4734880722484665, 5]
0.0	0	21.975837067517975	[1, 0]	140.69567243683517	[5.037575811683279, 5]
0.0	0	48.272325509285466	[2, 0]	165.98134462289664	[6.570874262280282, 5]
0.0	0	10.45930527969453	[2, 0]	141.177475618547	[7.060790478702906, 5]
0.0	0	41.92393993787028	[2, 0]	120.55333437799905	[4.543286941626735, 5]
0.0	0	40.85977180784341	[2, 0]	98.11615724865108	[5.3550928907435535, 5]
0.0	0	24.229675505261284	[2, 0]	136.42299375413307	[7.788280902033614, 5]
0.0	0	24.371416078669515	[1, 0]	128.7159812754326	[2.9902774526706777, 5]
0.0	0	17.12293152550543	[2, 0]	109.65912833665422	[4.703092602025296, 5]
0.0	0	34.11960604692427	[1, 0]	142.47905360231346	[7.3496248698118345, 5]
0.0	0	29.078081596567685	[1, 0]	177.67399733371616	[3.269900473221996, 5]
0.0	0	48.49193195411347	[2, 0]	89.68173970029427	[2.0172190876680234, 5]
0.0	0	30.926922439628207	[1, 0]	173.27367626330366	[6.659357829688472, 5]
0.0	0	19.88178290463985	[1, 0]	133.36460995056277	[3.0417052190493834, 5]
0.0	0	12.888318658153281	[2, 0]	167.38506288328597	[7.042605913275479, 5]
0.0	0	28.597530155813683	[1, 0]	112.75711978605054	[1.7610574986512721, 5]
0.0	0	47.777642955571125	[1, 0]	147.3152984947227	[2.872050739239181, 5]
0.0	0	36.421202271940814	[2, 0]	102.48708844811016	[7.091672739892908, 5]
0.0	0	17.493779491542817	[1, 0]	103.55746656322714	[2.346277433522376, 5]
0.0	0	29.118680754981504	[1, 0]	177.16482961608574	[3.296321505040476, 5]
0.0	0	49.834806700580295	[1, 0]	96.475195677735	[5.804485793477291, 5]
0.0	0	29.75916574248497	[1, 0]	127.79948347186372	[4.15567840886113, 5]
0.0	0	26.540282365291816	[2, 0]	143.57270829342158	[6.610443602730498, 5]
0.0	0	31.976864826810957	[2, 0]	165.09281582579558	[5.696629768024906, 5]
0.0	0	31.90507374982442	[2, 0]	120.28563862716571	[4.873808040132099, 5]
0.0	0	17.45773778401151	[1, 0]	114.70723469844674	[7.97782874353961, 5]
0.0	0	43.84038710451477	[1, 0]	103.93608053764072	[7.001054841682588, 5]
0.0	0	49.60961920035269	[1, 0]	111.0904226749728	[4.963431349059899, 5]
0.0	0	44.981622773795756	[2, 0]	154.30281620436813	[1.85759355905584, 5]
0.0	0	24.869829742995336	[2, 0]	99.17948529918176	[6.387150741896057, 5]
0.0	0	25.50956186755168	[2, 0]	149.24611436979518	[3.049885955525977, 5]
0.0	0	29.77035262351131	[2, 0]	168.557103837663	[7.227336044162795, 5]
0.0	0	17.696624694588053	[2, 0]	122.44856532347607	[1.5817105390259447, 5]
0.0	0	33.21949767097579	[1, 0]	135.62014602755318	[1.9265235263539102, 5]
0.0	0	21.467632113758814	[2, 0]	122.37527562339871	[7.3391223316333045, 5]
0.0	0	25.081780335453843	[2, 0]	107.38565052266173	[1.9738739825440805, 5]
0.0	0	19.99071488556687	[2, 0]	123.3359867667451	[8.166947283925301, 5]
0.0	0	30.000558571541674	[1, 0]	178.77286006799028	[4.196784791026068, 5]
0.0	0	26.720595051829388	[1, 0]	139.03581800629752	[4.183805193922342, 5]
0.0	0	49.01218636368023	[1, 0]	142.75867670670863	[4.788276510759994, 5]
0.0	0	11.02691173030796	[1, 0]	108.16248811376263	[8.078903842357315, 5]
0.0	0	11.610351379475455	[1, 0]	165.86644282431033	[7.5677737293526, 5]
0.0	0	45.30866237723033	[1, 0]	144.46258493051732	[4.192385751420334, 5]
0.0	0	37.47530153756984	[1, 0]	149.26427959863216	[2.452656388974109, 5]
0.0	0	43.87445862204446	[1, 0]	112.77698323267165	[7.241889510885285, 5]
0.0	0	31.95967649528588	[1, 0]	140.1517337113346	[3.5839161578298375, 5]
0.0	0	25.367535951886314	[1, 0]	102.96761739477267	[2.2800285608956017, 5]
0.0	0	27.83272967813283	[1, 0]	146.88891278869897	[3.9639156825135693, 5]
0.0	0	24.043217140359626	[1, 0]	135.00208061242418	[1.894321073364455, 5]
0.0	0	12.845383077521497	[2, 0]	108.99553419063123	[2.660458332178133, 5]
0.0	0	27.421968200331793	[2, 0]	114.72893634963833	[3.727983584858358, 5]
0.0	0	29.804523843578643	[2, 0]	100.61358429536529	[3.4963543610008063, 5]
0.0	0	34.267007391845176	[1, 0]	94.92031033821229	[3.351785325918544, 5]
0.0	0	20.617195043952584	[2, 0]	151.98622093520964	[6.0944961021445545, 5]
0.0	0	30.16206775566902	[1, 0]	95.19077385032979	[8.32165815708372, 5]
0.0	0	20.84134612066629	[2, 0]	99.92283619185352	[1.4759821941397056, 5]
0.0	0	29.763522658702104	[2, 0]	100.41351282892776	[1.4919067474569705, 5]
0.0	0	34.07742164540913	[1, 0]	144.61253545549863	[7.0812692509057085, 5]
0.0	0	13.127366537745274	[1, 0]	150.17743691810273	[5.398343571536922, 5]
0.0	0	27.14009435356787	[1, 0]	101.79645624962079	[4.927910381501278, 5]
0.0	0	22.364353441731666	[1, 0]	152.40953434914655	[2.086473407078503, 5]
0.0	0	44.538773401139615	[2, 0]	98.44816475705568	[3.715033947519148, 5]
0.0	0	36.939726040385295	[2, 0]	100.2332286808726	[3.3243135885119894, 5]
0.0	0	16.861127793831876	[2, 0]	119.63363980579288	[4.7522948905302895, 5]
0.0	0	21.151875545522163	[2, 0]	142.12624559113615	[1.5330011310632292, 5]
0.0	0	38.62288985914106	[2, 0]	141.0505296975245	[1.5740963586789605, 5]
0.0	0	15.382116787588858	[1, 0]	118.14210410134888	[8.195915515172588, 5]
0.0	0	15.568231423084697	[1, 0]	90.23204066783195	[3.7358670822427116, 5]
0.0	0	41.92057009395279	[1, 0]	126.56341209287345	[2.4547830632011376, 5]
0.0	0	43.151069969182686	[1, 0]	169.22895210611767	[5.119140105559708, 5]
0.0	0	26.38949583122773	[2, 0]	135.14827738889974	[8.313726462981112, 5]
0.0	0	26.42829040358979	[1, 0]	169.4024444068761	[1.6869457800556977, 5]
0.0	0	22.032645752376595	[2, 0]	154.5435628667185	[4.140290409437905, 5]
0.0	0	28.511322756570834	[1, 0]	109.57833427818443	[3.796713352334358, 5]
0.0	0	18.510359330409845	[2, 0]	163.44008310208727	[1.758574774808092, 5]
0.0	0	33.606817256458825	[2, 0]	138.67377438155236	[8.086900888474108, 5]
0.0	0	22.24239727726998	[1, 0]	124.83371879019018	[4.566707940530663, 5]
0.0	0	16.01385537988191	[2, 0]	149.3564605048866	[1.595093969991587, 5]
0.0	0	22.776852042040957	[2, 0]	124.8418373399513	[3.541050472895777, 5]
0.0	0	14.041070256536573	[1, 0]	95.66933437655764	[5.034869005436297, 5]
0.0	0	34.88288594277738	[1, 0]	101.24828417397936	[1.9448191053608075, 5]
0.0	0	45.618763011582416	[2, 0]	91.96354385754779	[2.8455435483980405, 5]
0.0	0	49.34070778880723	[2, 0]	92.04415137576825	[5.931880652658702, 5]
0.0	0	45.188812576341824	[1, 0]	171.12983505676175	[7.039233100816374, 5]
0.0	0	24.12117979246688	[2, 0]	96.85384396546362	[7.406515496801654, 5]
0.0	0	16.41224941849754	[2, 0]	166.96498310606043	[5.527421756575958, 5]
0.0	0	30.378484756721512	[1, 0]	141.0866470016892	[4.304385719042059, 5]
0.0	0	18.61853765511421	[2, 0]	176.33655416840702	[6.629883716229793, 5]
0.0	0	11.471434707467294	[1, 0]	153.32315695560408	[6.3956182023868156, 5]
0.0	0	19.80877981073128	[2, 0]	107.06606350517592	[8.27949279346428, 5]
0.0	0	20.463788038968932	[2, 0]	146.2583569067516	[6.0475547662355424, 5]
0.0	0	25.70273939675389	[2, 0]	90.64985997759477	[8.322323514713247, 5]
0.0	0	44.94880081326183	[2, 0]	163.28295244356354	[6.818156266547612, 5]
0.0	0	14.34230545059371	[2, 0]	94.7387480740056	[7.166137546290745, 5]
0.0	0	46.87475465791647	[2, 0]	102.45622737324632	[5.039234992038186, 5]
0.0	0	31.24672851861128	[1, 0]	114.95086745013528	[5.677616933809502, 5]
0.0	0	33.532901260659216	[2, 0]	132.3513347343042	[5.759083048293429, 5]
0.0	0	19.89565510629451	[2, 0]	98.5001868805501	[6.332062311449999, 5]
0.0	0	22.775856467300816	[2, 0]	96.59972435447277	[3.7957632450906225, 5]
0.0	0	19.604574854833466	[1, 0]	117.80353653783044	[2.2589311110364863, 5]
0.0	0	29.772267730272453	[1, 0]	146.3770393983757	[7.145076394991302, 5]
0.0	0	20.840258330576265	[2, 0]	120.2016671320168	[5.26442773346846, 5]
0.0	0	11.024762662616983	[1, 0]	133.62249077575314	[5.487255961038284, 5]
0.0	0	43.167456927433236	[1, 0]	109.15007093839093	[2.708436958534731, 5]
0.0	0	29.20284240100095	[2, 0]	170.49461687527335	[6.557472855997455, 5]
0.0	0	15.596578153478783	[2, 0]	130.36999463839172	[8.036238005715877, 5]
0.0	0	30.608914371783662	[1, 0]	120.26089436607322	[1.9181482367400962, 5]
0.0	0	43.31516963889092	[1, 0]	162.14424077456692	[4.744952952516548, 5]
0.0	0	26.83281742617723	[1, 0]	155.50775827149437	[2.3852402672665067, 5]
0.0	0	16.874621575894178	[1, 0]	123.71842470696174	[2.276924793369062, 5]
0.0	0	28.432157768728487	[1, 0]	118.77311029555979	[3.5143951848594495, 5]
0.0	0	16.234638796800454	[1, 0]	125.97871829810478	[4.662861437489095, 5]
0.0	0	18.7083911092453	[2, 0]	121.76853753660373	[5.13628838178593, 5]
0.0	0	20.136739533905047	[1, 0]	143.18737565976497	[4.019739033864416, 5]
0.0	0	42.198855035788235	[1, 0]	143.82989851284063	[7.96264205735827, 5]
0.0	0	49.7654725978934	[2, 0]	101.90705503024424	[2.1121666729685487, 5]
0.0	0	39.126214049396296	[1, 0]	139.93068878340412	[5.829698930865727, 5]
0.0	0	33.60815574412489	[1, 0]	92.8872375760081	[6.518875851121093, 5]
0.0	0	13.002819502997859	[2, 0]	132.22277367096174	[3.311170972143593, 5]
0.0	0	34.77794926568534	[1, 0]	97.95052195407962	[6.114055374398145, 5]
0.0	0	34.80470242870021	[2, 0]	128.12359766912368	[6.567540124829052, 5]
0.0	0	21.80786433214808	[2, 0]	96.72368858136568	[5.797194865316371, 5]
0.0	0	38.78016723210628	[1, 0]	163.5459373145676	[2.8298766992421807, 5]
0.0	0	46.44765125752472	[2, 0]	158.33650317294519	[1.8747933810781836, 5]
0.0	0	12.267374285291712	[1, 0]	129.87401703577726	[4.4830928671249755, 5]
0.0	0	32.30431194400933	[1, 0]	111.68754998467915	[3.8178824069596224, 5]
0.0	0	27.994166974174487	[2, 0]	122.08389840638466	[6.273967885354623, 5]
0.0	0	46.00028540989766	[1, 0]	145.26901629450862	[3.75438880852281, 5]
0.0	0	37.790050171185015	[1, 0]	150.14261601518274	[3.232652121082157, 5]
0.0	0	30.77797290703505	[1, 0]	162.15914142813008	[6.553692137961572, 5]
0.0	0	44.74013524623973	[1, 0]	143.67285236295686	[7.806834326095523, 5]
0.0	0	42.29400339485214	[2, 0]	97.42078640010253	[5.656634269388184, 5]
0.0	0	22.346718521041296	[1, 0]	133.22793214396475	[4.0581056798471025, 5]
0.0	0	29.202673019245722	[1, 0]	163.00742788401914	[2.3775177714201563, 5]
0.0	0	31.688756774226515	[2, 0]	162.4126441451549	[2.8729668196737728, 5]
0.0	0	45.16906982054807	[2, 0]	99.53531830358129	[7.4413173598091396, 5]
0.0	0	28.849411248716642	[1, 0]	144.3586409152522	[6.939413735369524, 5]
0.0	0	42.78944243047083	[2, 0]	121.13899654757054	[7.8936177522050155, 5]
0.0	0	27.18172242074171	[2, 0]	148.92604475342227	[6.363444062717524, 5]
0.0	0	16.00051312176443	[2, 0]	153.90931212609155	[3.066081118129023, 5]
0.0	0	29.40543463996227	[1, 0]	146.58991428251804	[4.23852440623502, 5]
0.0	0	27.031376926238558	[1, 0]	100.42494709064471	[2.839743533713268, 5]
0.0	0	35.51453279600807	[2, 0]	101.02466003436058	[8.047966064454608, 5]
0.0	0	29.146601762411297	[2, 0]	105.04410578485468	[2.2401527926350435, 5]
0.0	0	40.295617744023396	[1, 0]	124.46300967027082	[3.434553953763472, 5]
0.0	0	26.178447650877953	[1, 0]	178.892720438434	[2.371943663040095, 5]
0.0	0	33.60866595091647	[1, 0]	113.21187652524569	[6.245461259484358, 5]
0.0	0	11.567904874075602	[2, 0]	156.22198964767173	[3.262347623032132, 5]
0.0	0	18.589566940443078	[2, 0]	106.08028970102441	[3.480327369327809, 5]
0.0	0	18.60009606170039	[1, 0]	94.11250456579626	[3.664949351152423, 5]
0.0	0	28.518182857755527	[2, 0]	98.30897604359761	[5.672127684133565, 5]
0.0	0	49.31291712160082	[2, 0]	140.527151163798	[4.870201029771185, 5]
0.0	0	31.540242011968424	[1, 0]	162.7637754761289	[4.650585778504932, 5]
0.0	0	13.104075995910293	[2, 0]	132.27203403011922	[3.2087046169766205, 5]
0.0	0	18.853104000229703	[1, 0]	155.32389991667594	[2.5240988405043905, 5]
0.0	0	28.519115842133886	[2, 0]	109.21297812962594	[2.097828891185045, 5]
0.0	0	45.82895400379391	[2, 0]	99.1331506146185	[7.249279351402205, 5]
0.0	0	18.005350829423595	[1, 0]	162.90079180913347	[5.385936890100085, 5]
0.0	0	21.13786972604992	[1, 0]	111.48448288267701	[3.0167767991100294, 5]
0.0	0	32.33044564857003	[2, 0]	117.4881494675582	[4.168028368493443, 5]
0.0	0	27.616254832318074	[2, 0]	136.65158288823528	[3.0576331807241464, 5]
0.0	0	12.069048340752088	[2, 0]	109.86449894079428	[3.9357490097309635, 5]
0.0	0	24.207965683181673	[2, 0]	129.60974616902988	[4.250106097480697, 5]
0.0	0	39.697711172956595	[2, 0]	167.3961491574587	[3.734681886075944, 5]
0.0	0	36.38080008108009	[2, 0]	138.4707131948633	[4.415766076681687, 5]
0.0	0	16.21312247178038	[1, 0]	140.73815806987636	[5.296407104734874, 5]
0.0	0	34.87572466541675	[2, 0]	115.40661418761884	[4.489969964729012, 5]
0.0	0	13.57064985966623	[1, 0]	113.70625488178887	[2.643665750812498, 5]
0.0	0	39.25700722186241	[2, 0]	162.57460265175112	[2.8405032520780664, 5]
0.0	0	33.8399345561968	[2, 0]	166.6032636784306	[4.35300265025699, 5]
0.0	0	38.90128473305293	[2, 0]	135.27013277065709	[6.10838357018384, 5]
0.0	0	48.44047091954089	[1, 0]	101.66305429917512	[3.0167793026906393, 5]
0.0	0	14.42673463536456	[2, 0]	124.8264931089388	[1.8521489842423242, 5]
0.0	0	36.56931107517283	[1, 0]	99.37133115253079	[7.779862927002284, 5]
0.0	0	40.82073239886868	[1, 0]	169.78490881599674	[4.909407798243074, 5]
0.0	0	33.83728826829408	[1, 0]	95.84597730857911	[2.4479961748990213, 5]
0.0	0	13.575950449912712	[1, 0]	95.35232290058953	[6.853811136687246, 5]
0.0	0	37.00209359906113	[2, 0]	96.00029418250834	[6.03504109082552, 5]
0.0	0	33.604295093991524	[2, 0]	160.56334986548956	[3.6286839181997474, 5]
0.0	0	39.68910562174349	[1, 0]	149.8526208792155	[5.9055848875580255, 5]
0.0	0	15.018357552656562	[1, 0]	91.89647544607259	[4.780627283781583, 5]
0.0	0	47.98473118738951	[1, 0]	143.99525834954255	[2.355773477350506, 5]
0.0	0	11.032745714237036	[2, 0]	161.44307725806922	[6.378037929491524, 5]
0.0	0	26.864491424211838	[2, 0]	155.4863624864052	[4.3842898237794845, 5]
0.0	0	40.998750930099874	[2, 0]	135.8622284774151	[3.1671343300859642, 5]
0.0	0	46.464129979737955	[1, 0]	140.72512242959627	[5.0187064074461105, 5]
0.0	0	49.824039085403314	[1, 0]	174.85790930794565	[6.709415761077481, 5]
0.0	0	14.322367334098685	[1, 0]	138.19384892218653	[5.7787857691051014, 5]
0.0	0	15.406241055938343	[1, 0]	98.58737266396467	[3.8680416917451415, 5]
0.0	0	44.13554878127452	[1, 0]	93.42962303481357	[5.218977356356625, 5]
0.0	0	22.68758979846183	[2, 0]	126.27862728488492	[4.4201253830143195, 5]
0.0	0	16.592290838062247	[2, 0]	115.90549024616432	[5.004400014737894, 5]
0.0	0	28.33168722852513	[2, 0]	142.32921594648977	[4.5858974733506015, 5]
0.0	0	18.288005954469533	[1, 0]	146.1677607792777	[3.9297100471227666, 5]
0.0	0	34.39923938215217	[2, 0]	133.12666776208178	[7.415672755157476, 5]
0.0	0	12.42291075243585	[1, 0]	101.84098507332759	[7.33026776521598, 5]
0.0	0	10.531399018363103	[2, 0]	149.34948971260934	[5.71798413027648, 5]
0.0	0	18.403807852020506	[1, 0]	113.51890975860874	[3.5924333969159923, 5]
0.0	0	46.894962115027916	[1, 0]	173.17394096463929	[6.920592082724974, 5]
0.0	0	27.44419897134697	[2, 0]	130.53296688178617	[2.2286397078765448, 5]
0.0	0	33.17064813567895	[1, 0]	119.58112754797654	[4.34347601759951, 5]
0.0	0	36.72621848169408	[2, 0]	97.97216195415955	[4.506187490990673, 5]
0.0	0	36.67020263844283	[2, 0]	149.34429247260346	[5.23111896242621, 5]
0.0	0	37.65908009732716	[2, 0]	111.58829462097137	[6.782190972729257, 5]
0.0	0	45.72311426500579	[2, 0]	117.2359669485975	[7.196850543293861, 5]
0.0	0	21.652011955860022	[2, 0]	93.16818705034245	[6.994762635004389, 5]
0.0	0	44.317644077357265	[2, 0]	175.32022363041125	[2.6095800458484537, 5]
0.0	0	28.64541045498162	[1, 0]	107.64501389939548	[1.6598108449774356, 5]
0.0	0	47.60143924212939	[2, 0]	146.35525945147612	[8.240951515640472, 5]
0.0	0	18.689610926102485	[1, 0]	141.16435510418745	[3.783465068330431, 5]
0.0	0	37.52259823466802	[1, 0]	149.3574479607782	[3.2478992671701463, 5]
0.0	0	32.36229455305643	[2, 0]	124.34307580394676	[2.4803092706263286, 5]
0.0	0	28.506766312751672	[1, 0]	114.58833693278794	[6.279768762880572, 5]
0.0	0	19.23599424438047	[2, 0]	110.9997586055008	[4.149790810756092, 5]
0.0	0	26.650670161911936	[2, 0]	91.40364238572383	[4.413823777387824, 5]
0.0	0	16.025124773216223	[2, 0]	154.48248055124606	[5.232280560322822, 5]
0.0	0	46.7736013313109	[2, 0]	114.45560354149694	[6.102251275061033, 5]
0.0	0	26.62693279036415	[2, 0]	102.10095576624634	[3.8259192505230595, 5]
0.0	0	12.8206452274687	[1, 0]	89.61305994547527	[2.007523754275415, 5]
0.0	0	11.584856593544963	[2, 0]	165.25738531938194	[2.894361895865546, 5]
0.0	0	25.201487131676267	[2, 0]	134.75055615952135	[2.9568334482144976, 5]
0.0	0	21.39013202481138	[1, 0]	117.20885604825126	[7.707217133984203, 5]
0.0	0	14.49669990724071	[2, 0]	146.70754193715516	[2.4936256045670584, 5]
0.0	0	18.047123040518457	[1, 0]	172.99284560837327	[1.716304356744818, 5]
0.0	0	36.925940319618014	[1, 0]	161.8254569154202	[3.8170369164223046, 5]
0.0	0	46.51574615217954	[2, 0]	91.06480220233648	[5.16915658816889, 5]
0.0	0	14.104285501702524	[1, 0]	99.39577844880979	[3.689096173371968, 5]
0.0	0	48.394497028644395	[1, 0]	112.85872666416097	[2.9491995319182824, 5]
0.0	0	42.72074076566603	[2, 0]	102.20243447097263	[6.64104867005371, 5]
0.0	0	33.309627920675105	[2, 0]	106.30282540137387	[6.9129725947247875, 5]
0.0	0	46.5851660247198	[2, 0]	97.19341099746917	[4.3257540387686335, 5]
0.0	0	39.95506107554596	[2, 0]	134.74451340308877	[5.319086251375512, 5]
0.0	0	20.3241772517971	[2, 0]	139.34418374811239	[3.858085376524172, 5]
0.0	0	21.84896158116071	[2, 0]	107.49946732954889	[3.1401872208624937, 5]
0.0	0	48.938714679412385	[2, 0]	136.30094376527538	[4.75904510051636, 5]
0.0	0	27.650402376766365	[2, 0]	107.02128295794081	[7.5628320429782105, 5]
0.0	0	20.92055962898224	[1, 0]	104.79126962572275	[5.598244122186275, 5]
0.0	0	18.235444420905473	[1, 0]	149.0462536364872	[6.186609801424401, 5]
0.0	0	48.76935555090377	[2, 0]	95.4376798289349	[3.4262367120621366, 5]
0.0	0	17.057753425824906	[2, 0]	110.96924257623905	[6.315374257733356, 5]
0.0	0	40.795254842805285	[1, 0]	173.78952486110705	[4.232374064321078, 5]
0.0	0	45.2480849900765	[1, 0]	150.47578172716726	[6.11857945215385, 5]
0.0	0	46.10976359213616	[2, 0]	175.9061898610675	[8.190382168661216, 5]
0.0	0	38.840067998156925	[1, 0]	146.5652625919551	[1.4102992616228216, 5]
0.0	0	41.513728141057534	[1, 0]	130.5793672556696	[6.388197349196317, 5]
0.0	0	49.862468412847846	[2, 0]	172.22060737026715	[5.674090926920749, 5]
0.0	0	18.440919877233917	[2, 0]	169.35961102483992	[4.897955760512808, 5]
0.0	0	38.59771233619787	[2, 0]	152.95900475415144	[5.793093695195393, 5]
0.0	0	42.534291633229195	[1, 0]	103.49425489350585	[3.4428489057303087, 5]
0.0	0	25.190632540871828	[2, 0]	159.18573780915727	[4.835955690186506, 5]
0.0	0	27.34480098037657	[2, 0]	116.04284246113698	[4.894710087936856, 5]
0.0	0	27.231864798751584	[1, 0]	166.4153208607966	[4.528220156888153, 5]
0.0	0	12.420334692224051	[1, 0]	136.68038042778312	[5.57366274620853, 5]
0.0	0	42.7051070416385	[1, 0]	122.79309160760047	[4.233490712876823, 5]
0.0	0	27.023301272734425	[2, 0]	139.33224502527645	[3.3987831714869525, 5]
0.0	0	47.057112755778896	[1, 0]	94.49203044072674	[4.342893402474398, 5]
0.0	0	14.445358858410755	[1, 0]	126.60197501687219	[4.829047397732393, 5]
0.0	0	20.11920794102338	[2, 0]	171.67448774835884	[4.922985180156958, 5]
0.0	0	22.83146912298635	[2, 0]	161.7034840532716	[5.628381405597296, 5]
0.0	0	49.16666260463934	[2, 0]	150.79331758263288	[4.473159668465274, 5]
0.0	0	12.890826284417574	[1, 0]	110.9361748623048	[5.712599403375991, 5]
0.0	0	43.95049904421835	[2, 0]	142.00629194043907	[6.928475261740962, 5]
0.0	0	34.16513910447862	[2, 0]	169.08179678705227	[4.927744187025531, 5]
0.0	0	47.844075773780915	[1, 0]	176.0510704830323	[4.018123765596435, 5]
0.0	0	16.1506593481181	[2, 0]	136.70861329888837	[3.997582888043706, 5]
0.0	0	28.41345782588954	[1, 0]	135.24935430239788	[1.7958783105282075, 5]
0.0	0	25.290555761569536	[2, 0]	164.9600048550886	[7.617555386494144, 5]
0.0	0	48.80177556476903	[1, 0]	173.95246973834068	[3.8309672968022928, 5]
0.0	0	28.6918342116196	[1, 0]	96.17047215368375	[4.153749699620039, 5]
0.0	0	34.04390280573999	[1, 0]	157.7498510082217	[1.8314567938585555, 5]
0.0	0	44.91355510681957	[2, 0]	140.04902054159163	[6.221685471972109, 5]
0.0	0	29.229732488876255	[1, 0]	136.1606318593006	[3.371213056605875, 5]
0.0	0	31.797479566061057	[1, 0]	89.66413690052862	[5.503383326543533, 5]
0.0	0	33.895442004321275	[2, 0]	89.02332256116841	[1.8243933246358963, 5]
0.0	0	47.370727296349884	[2, 0]	134.449700702263	[1.996565654423753, 5]
0.0	0	33.450639923544095	[2, 0]	151.3098106169424	[7.790841941969724, 5]
0.0	0	20.860723916463897	[2, 0]	166.3042540940785	[2.2440498038374708, 5]
0.0	0	31.65171042525825	[1, 0]	133.73920841152932	[2.91280716103717, 5]
0.0	0	39.064898686464744	[1, 0]	106.28417085276484	[7.315031628634841, 5]
0.0	0	43.7022805507979	[2, 0]	174.25565593177328	[4.093338305782947, 5]
0.0	0	18.004925790103794	[1, 0]	106.10275815541718	[4.809403725238825, 5]
0.0	0	30.08005387282466	[2, 0]	137.86001322153402	[6.438072376306053, 5]
0.0	0	38.192918813036904	[1, 0]	175.51769288359392	[2.9847990094208776, 5]
0.0	0	19.766772291343024	[2, 0]	169.81551072916082	[6.03520694987102, 5]
0.0	0	40.93417545046235	[2, 0]	118.2276126057977	[7.093604594598422, 5]
0.0	0	43.953888219400504	[1, 0]	100.0811612118808	[1.7990036551026551, 5]
0.0	0	36.2999939785862	[2, 0]	169.879228149808	[6.4143947776518315, 5]
0.0	0	14.579390487565593	[1, 0]	90.57313927086375	[3.226232327164477, 5]
0.0	0	13.36120266515135	[1, 0]	92.85079557551427	[7.518140003894051, 5]
0.0	0	19.415456149830515	[1, 0]	157.19071053195387	[2.49516777293558, 5]
0.0	0	13.484122019893782	[2, 0]	157.51127899009288	[7.481986392664983, 5]
0.0	0	22.07104183105141	[2, 0]	168.30751562577834	[3.276763672600363, 5]
0.0	0	40.6098396021639	[1, 0]	144.01434837182626	[5.148062373260864, 5]
0.0	0	32.59973880389569	[2, 0]	177.05296969145127	[2.677740006509034, 5]
0.0	0	28.943887181601763	[1, 0]	98.69586509950733	[6.044624363514507, 5]
0.0	0	20.26710538364362	[1, 0]	89.5855251890196	[2.3597166385588544, 5]
0.0	0	46.505626632682606	[2, 0]	167.26208196143887	[2.8701464610625393, 5]
0.0	0	49.35416186910705	[2, 0]	173.3393498842606	[2.2533872725609414, 5]
0.0	0	31.527659685490836	[2, 0]	140.3058621821139	[4.052549273802872, 5]
0.0	0	20.92316119418047	[1, 0]	117.62015951006708	[6.556131804723539, 5]
0.0	0	48.03751610442957	[2, 0]	168.38324380974257	[7.897198829772161, 5]
0.0	0	42.59587476238984	[2, 0]	170.2216055641261	[2.9900008927213455, 5]
0.0	0	20.380428947956325	[2, 0]	165.473876215303	[5.937214376153963, 5]
0.0	0	11.360322175265694	[1, 0]	104.08032568439086	[1.8249844018372694, 5]
0.0	0	35.976878009246285	[1, 0]	146.18788618860316	[5.308808799781856, 5]
0.0	0	46.311055184720864	[2, 0]	124.75529906050227	[2.357776603106212, 5]
0.0	0	20.97363332198936	[2, 0]	113.93330213898248	[7.827910178155126, 5]
0.0	0	30.7332212760378	[2, 0]	171.9603471031865	[2.179375161539933, 5]
0.0	0	26.351644247646593	[1, 0]	151.89211591734025	[3.7199342672350144, 5]
0.0	0	39.973969642700546	[1, 0]	137.97297353399966	[2.2630291332386117, 5]
0.0	0	29.12375818229652	[1, 0]	121.34048271003368	[6.840596537726396, 5]
0.0	0	31.31742834119372	[2, 0]	93.41867207864134	[1.6739703523469467, 5]
0.0	0	46.66455483538326	[2, 0]	97.64532449060448	[3.2320893340334966, 5]
0.0	0	37.77795725442653	[1, 0]	96.64170978768895	[3.500555648981456, 5]
0.0	0	41.28912450856919	[2, 0]	124.65061781983273	[6.346409041254809, 5]
0.0	0	41.23686288160229	[2, 0]	141.29012865279114	[5.871680274782628, 5]
0.0	0	35.276015329976424	[2, 0]	146.62304911676193	[3.6315588374770864, 5]
0.0	0	12.036847040816935	[1, 0]	115.52409781500737	[7.442450049441148, 5]
0.0	0	42.9349238390646	[1, 0]	150.5703991296204	[2.944566562569171, 5]
0.0	0	37.131605890732075	[1, 0]	169.1215217160971	[4.511084461882491, 5]
0.0	0	35.64071528031184	[1, 0]	103.94115791707695	[1.5642319888003144, 5]
0.0	0	32.534938862003585	[2, 0]	157.63854721522512	[3.011556295556701, 5]
0.0	0	39.173293433442375	[1, 0]	156.9866707075987	[1.8339800055040347, 5]
0.0	0	46.140755519509696	[1, 0]	131.05666414911022	[7.774926259434529, 5]
0.0	0	37.13215735446467	[1, 0]	102.16255984742784	[2.5648261040538296, 5]
0.0	0	14.15729606802048	[1, 0]	141.5061653097342	[4.58840073925643, 5]
0.0	0	30.973148787010217	[2, 0]	92.29857673225234	[6.496943181028455, 5]
0.0	0	48.90087532543368	[2, 0]	145.80468309357258	[4.3107819715102575, 5]
0.0	0	28.664283552453043	[2, 0]	144.5340808959079	[7.919943534282037, 5]
0.0	0	46.67112225255458	[1, 0]	95.18260089020282	[1.6599940568943117, 5]
0.0	0	35.584826186729835	[2, 0]	95.73470249094477	[8.21533300213269, 5]
0.0	0	15.39376725697086	[2, 0]	144.56444148738703	[7.231744536737108, 5]
0.0	0	48.18758564315929	[2, 0]	167.005225747858	[7.227462358736609, 5]
0.0	0	17.691454643924867	[2, 0]	105.62399443925169	[4.4467903041162185, 5]
0.0	0	10.22145165852113	[2, 0]	152.0829199840276	[1.6809536902797377, 5]
0.0	0	45.28785895526466	[2, 0]	150.99806773701116	[4.5920499127378, 5]
0.0	0	16.07452906129708	[2, 0]	160.79373950803807	[6.495415113977241, 5]
0.0	0	45.66469383758142	[1, 0]	98.845281933819	[7.451598186204891, 5]
0.0	0	29.11157630663526	[2, 0]	117.17695614288736	[4.679331934894318, 5]
0.0	0	25.457573962167753	[2, 0]	146.5227586614508	[7.668510278360068, 5]
0.0	0	38.28111279148497	[1, 0]	166.75709457446328	[2.9119839988491307, 5]
0.0	0	44.95112137635071	[2, 0]	156.2809240681255	[5.477714107880571, 5]
0.0	0	10.966116537977664	[2, 0]	90.37809428730154	[8.067485835768561, 5]
0.0	0	35.907472547798214	[2, 0]	97.27225762707477	[3.4429994976634433, 5]
0.0	0	47.00623075666951	[1, 0]	175.67817271840107	[4.850661731241211, 5]
0.0	0	45.21722807867324	[1, 0]	142.38179649468466	[4.784654198481524, 5]
0.0	0	20.04999647412147	[1, 0]	139.27206507092302	[8.022674836583345, 5]
0.0	0	25.30933253395517	[2, 0]	98.64810747249008	[5.353530202144165, 5]
0.0	0	33.23626381367577	[1, 0]	158.0810427308935	[3.0287365950038847, 5]
0.0	0	38.177516934940385	[2, 0]	161.93673544821766	[7.023037371524128, 5]
0.0	0	24.70353006253678	[1, 0]	156.57316153431827	[8.026902366485164, 5]
0.0	0	47.353862867432426	[2, 0]	127.59384855816793	[3.335457069696683, 5]
0.0	0	26.745973510638663	[1, 0]	92.25252123698117	[4.828120960789976, 5]
0.0	0	30.165062016027687	[1, 0]	127.8265923717268	[3.5186847476143335, 5]
0.0	0	37.902497076505895	[2, 0]	95.20945684212504	[1.970925477259324, 5]
0.0	0	13.533331867304078	[1, 0]	122.33703693436539	[5.093468584326648, 5]
0.0	0	37.02897022024936	[2, 0]	145.66591566029638	[6.9785092034638065, 5]
0.0	0	20.86772624972304	[2, 0]	114.37009698773653	[6.34670735710941, 5]
0.0	0	15.715669025806985	[1, 0]	157.2056966115257	[1.8187933821503763, 5]
0.0	0	49.080560659246885	[2, 0]	100.20036627611513	[5.585167685181599, 5]
0.0	0	40.253136193111885	[1, 0]	105.74696251375377	[5.470192472012414, 5]
0.0	0	37.335518294760554	[1, 0]	162.10037262425232	[4.825530412494212, 5]
0.0	0	42.10341899265472	[1, 0]	126.23982034687285	[3.301214063747103, 5]
0.0	0	48.96049593997212	[1, 0]	135.34076739834293	[6.036525498994214, 5]
0.0	0	34.5213942069339	[2, 0]	159.94444248700725	[7.528292085664822, 5]
0.0	0	33.59058412818662	[2, 0]	163.96152135833097	[3.494148765581485, 5]
0.0	0	23.232886516863182	[2, 0]	134.93205351065254	[1.7446501661448308, 5]
0.0	0	49.84492600771638	[2, 0]	116.14060153272071	[5.066838082917655, 5]
0.0	0	38.61268991388014	[2, 0]	127.07734196197204	[8.055566979408813, 5]
0.0	0	41.26018485378162	[2, 0]	134.2805588004539	[3.4563158956219944, 5]
0.0	0	33.640759052980805	[2, 0]	152.50811732880257	[2.6071919493362894, 5]
0.0	0	20.556120888835665	[1, 0]	99.11306354814148	[6.975627565109388, 5]
0.0	0	42.10752864834752	[2, 0]	171.8790230670923	[6.157915843059318, 5]
0.0	0	45.00103799818567	[1, 0]	174.58836799973233	[7.47654369448666, 5]
0.0	0	10.49620306319325	[2, 0]	168.55046531697906	[7.660257503387893, 5]
0.0	0	32.385538122238664	[2, 0]	173.9168303011686	[6.748134989304819, 5]
0.0	0	20.836485235395642	[2, 0]	91.051457419893	[6.088799593334671, 5]
0.0	0	22.63618517142477	[2, 0]	176.0076281818566	[3.9605977257882805, 5]
0.0	0	12.23576329801392	[2, 0]	140.1071692297477	[7.673498172116598, 5]
0.0	0	49.352886159694634	[2, 0]	121.18305805035385	[7.285671411891829, 5]
0.0	0	36.531561684961936	[2, 0]	130.5950046251245	[3.6567829675297854, 5]
0.0	0	47.04003504199412	[2, 0]	131.04304207950554	[2.0342423801543776, 5]
0.0	0	16.331710903526364	[2, 0]	100.22587962115881	[8.160620647619927, 5]
0.0	0	35.00632499543704	[1, 0]	122.21539819025504	[6.704318367808802, 5]
0.0	0	35.755458651760335	[2, 0]	137.35008710057346	[6.405757633233565, 5]
0.0	0	42.34784877534812	[2, 0]	172.02206141271643	[6.466595396447851, 5]
0.0	0	30.148702829899534	[1, 0]	159.49489346760078	[3.979847153756901, 5]
0.0	0	43.7417317340284	[2, 0]	145.31813631439178	[4.1582144568427815, 5]
0.0	0	16.25659066581643	[1, 0]	137.8138991792229	[5.080923076642026, 5]
0.0	0	12.047311643674085	[1, 0]	146.78740828904654	[2.4350371015186267, 5]
0.0	0	37.91185717523613	[1, 0]	133.34208909435844	[2.264073500357209, 5]
0.0	0	30.75066473990456	[1, 0]	175.81990050147718	[2.983724403686774, 5]
0.0	0	20.700674920015945	[2, 0]	144.42275214876025	[4.336596348575518, 5]
0.0	0	24.579040076706896	[2, 0]	157.19589130075067	[1.9444864119264054, 5]
0.0	0	36.60846633938516	[2, 0]	169.1046351740769	[7.767156883065227, 5]
0.0	0	42.06242086104375	[1, 0]	114.12404738177148	[5.231211912392867, 5]
0.0	0	45.74141205879333	[1, 0]	98.72897703002195	[2.7329557751983735, 5]
0.0	0	17.796074609255328	[1, 0]	155.39772316107337	[5.546819307336539, 5]
0.0	0	18.87263465566052	[2, 0]	131.51354561485135	[1.9340895165188998, 5]
0.0	0	30.05582868741375	[2, 0]	159.56096157317182	[3.468186979838975, 5]
0.0	0	10.160128940521066	[2, 0]	132.8276174471555	[5.986948815184126, 5]
0.0	0	14.567433104550647	[1, 0]	101.52329814397686	[3.650224410230358, 5]
0.0	0	34.19628344769443	[1, 0]	155.94218860874753	[7.27855225204901, 5]
0.0	0	40.63682803379587	[2, 0]	178.36793886867403	[2.462610214626688, 5]
0.0	0	13.724800000252882	[2, 0]	140.4677610557501	[5.03704911566973, 5]
0.0	0	20.661920510185343	[1, 0]	167.92013157030476	[1.6591223127978618, 5]
0.0	0	44.204124339632166	[2, 0]	104.69333287774083	[2.655386413015441, 5]
0.0	0	48.85863006745713	[2, 0]	105.0716891005329	[7.928673008061667, 5]
0.0	0	11.053039233786235	[2, 0]	105.21209749758805	[6.4399859889289495, 5]
0.0	0	27.012884273082623	[2, 0]	130.50585664499164	[4.44389783463462, 5]
0.0	0	40.20953771384618	[1, 0]	95.73823164697944	[2.2395871874647475, 5]
0.0	0	35.89296674570839	[2, 0]	170.44998628367952	[7.48114006355436, 5]
0.0	0	48.857273119912	[2, 0]	92.28800721820049	[5.721290905631163, 5]
0.0	0	44.271078383449556	[1, 0]	125.67942888497569	[1.794176627295766, 5]
0.0	0	16.198397179187058	[1, 0]	116.09824031481307	[6.885527946048183, 5]
0.0	0	16.082375798447984	[1, 0]	137.6644466105589	[2.464192946449167, 5]
0.0	0	21.081108213279805	[1, 0]	103.3961388577124	[6.527305168929665, 5]
0.0	0	26.684051998632658	[2, 0]	140.56194005831838	[7.343272216476575, 5]
0.0	0	25.036717112214877	[2, 0]	158.81705389772446	[2.3674086795722227, 5]
0.0	0	29.20622827035217	[1, 0]	98.41754340335747	[4.30508913436111, 5]
0.0	0	44.021672967057384	[2, 0]	173.5564136215924	[1.7432431627600828, 5]
0.0	0	27.668272238719965	[1, 0]	98.74382077728842	[7.499534572611611, 5]
0.0	0	44.89135105635575	[2, 0]	126.93467862507501	[7.787550120623656, 5]
0.0	0	36.599107078181234	[1, 0]	117.26896599922897	[4.90968190574131, 5]
0.0	0	49.87667117153188	[1, 0]	163.01251380662325	[5.0172462993358655, 5]
0.0	0	25.103020685918683	[1, 0]	103.64547922634557	[6.928665571422342, 5]
0.0	0	19.316557336537027	[1, 0]	168.28435188892183	[5.561958553749332, 5]
0.0	0	39.83966608759359	[2, 0]	155.83137307090735	[8.00233436689265, 5]
0.0	0	11.69145204360577	[1, 0]	141.86342359558483	[5.833561747887924, 5]
0.0	0	36.7871935190462	[2, 0]	157.59276704841895	[8.26125865659026, 5]
0.0	0	25.048326518151924	[2, 0]	169.14479970719776	[6.235241574156627, 5]
0.0	0	36.225220417627696	[1, 0]	172.33972985851494	[8.244572787117079, 5]
0.0	0	15.325783475447956	[2, 0]	96.20091995457949	[4.66741671709053, 5]
0.0	0	24.462581669513956	[1, 0]	176.44006389448975	[3.8873203054298706, 5]
0.0	0	25.868961094382826	[2, 0]	160.40778575504572	[6.418585275273028, 5]
0.0	0	10.559531202178524	[2, 0]	113.25337176049896	[3.1077719835115416, 5]
0.0	0	13.466322581648292	[1, 0]	158.8586407886134	[4.366601609021261, 5]
0.0	0	20.57347040529466	[2, 0]	105.73466848338009	[7.269170376600156, 5]
0.0	0	26.558486892021648	[2, 0]	112.97188137450625	[7.565824711205224, 5]
0.0	0	49.5007724460854	[2, 0]	130.53994226537532	[7.519245604513167, 5]
0.0	0	32.51670300713009	[2, 0]	126.61637800967807	[7.436180349658557, 5]
0.0	0	15.465950840626554	[2, 0]	163.18459411645216	[7.622607877973863, 5]
0.0	0	36.30237609617107	[2, 0]	129.2060544283355	[2.394477731458304, 5]
0.0	0	49.17484191108771	[1, 0]	152.68189300719456	[5.410067734485242, 5]
0.0	0	16.97527393805786	[2, 0]	128.32082192633007	[4.004426844696251, 5]
0.0	0	40.38002648339029	[1, 0]	165.47029595066488	[5.523371435006474, 5]
0.0	0	31.776322890945583	[1, 0]	159.79376509143793	[4.380616923101398, 5]
0.0	0	30.060775782927536	[1, 0]	157.06769965793197	[7.991244864602389, 5]
0.0	0	26.066810752559913	[2, 0]	134.38269655567018	[5.300920757175983, 5]
0.0	0	11.271795551015167	[1, 0]	171.01931441007554	[6.970887978098168, 5]
0.0	0	41.1364872352207	[2, 0]	131.61747284645992	[2.1818057574901157, 5]
0.0	0	34.95369998142902	[1, 0]	145.10863964709665	[4.04134051768278, 5]
0.0	0	10.479254562930272	[2, 0]	114.93045657216301	[4.681894346042322, 5]
0.0	0	14.637225246796701	[1, 0]	144.65230078533213	[6.418671804239596, 5]
0.0	0	34.27907301262191	[1, 0]	129.61440142516284	[4.525568692935678, 5]
0.0	0	31.31732665902224	[2, 0]	142.19791182200808	[2.8802162805955525, 5]
0.0	0	41.3344586852135	[2, 0]	92.95652093755595	[6.230076856261825, 5]
0.0	0	21.351985161822764	[1, 0]	115.2014062125312	[5.524857504797828, 5]
0.0	0	13.637145231386691	[2, 0]	148.20595908717894	[5.3396733452441705, 5]
0.0	0	21.49859815233718	[2, 0]	89.52903659973697	[2.7541337506248307, 5]
0.0	0	14.09333041736331	[1, 0]	148.17427753491503	[4.179525516137743, 5]
0.0	0	45.1986834822862	[2, 0]	103.88680197914307	[5.040071489660546, 5]
0.0	0	32.321628365813595	[1, 0]	163.88247011621652	[1.8418304799045877, 5]
0.0	0	40.49777832534109	[1, 0]	132.2254798609464	[4.356972504362575, 5]
0.0	0	39.363741061805584	[2, 0]	159.27450700060632	[5.506486134948086, 5]
0.0	0	35.10798544242178	[2, 0]	133.07932591698653	[7.200632920008404, 5]
0.0	0	29.71448905499308	[2, 0]	175.91734453296687	[4.895666888855498, 5]
0.0	0	46.58575482162894	[2, 0]	173.00324847993988	[8.304273684830065, 5]
0.0	0	21.93535850851652	[2, 0]	154.60204001392856	[4.554816193079424, 5]
0.0	0	12.551181806358468	[1, 0]	161.48753152012773	[2.950430226451887, 5]
0.0	0	48.068961468115006	[2, 0]	91.0168239265969	[2.5428608678201208, 5]
0.0	0	48.61452952900706	[2, 0]	157.08172071312163	[6.335372185457823, 5]
0.0	0	14.285203769473954	[1, 0]	129.6486031576414	[8.104122381901336, 5]
0.0	0	20.761807239964245	[1, 0]	119.11068038118182	[1.5772654020113563, 5]
0.0	0	33.422560245891866	[1, 0]	110.31016932522891	[5.882402703252678, 5]
0.0	0	11.36994205052473	[2, 0]	144.8426955103004	[5.732493787481803, 5]
0.0	0	41.37564177761846	[2, 0]	165.20946580831827	[2.3450572015643134, 5]
0.0	0	12.500600394364126	[1, 0]	94.20908258387102	[2.622043956034857, 5]
0.0	0	36.24097155210159	[1, 0]	90.61914094816012	[1.5743581884725513, 5]
0.0	0	44.009782747754606	[2, 0]	135.49049719503597	[6.2669342378312765, 5]
0.0	0	26.435447230845195	[1, 0]	144.38262972144577	[2.201177645836461, 5]
0.0	0	17.735214734300307	[2, 0]	107.30273081164394	[6.414578509385667, 5]
0.0	0	18.668239555817735	[2, 0]	174.8835631743109	[7.239369522412762, 5]
0.0	0	30.601386980840555	[1, 0]	168.68023909539102	[5.504931102091468, 5]
0.0	0	35.60261024649097	[1, 0]	152.86379640556902	[2.166685412818426, 5]
0.0	0	14.156769632327167	[2, 0]	162.10797092138895	[8.02063611369774, 5]
0.0	0	24.392696744936444	[1, 0]	91.97608067424497	[6.789550478717355, 5]
0.0	0	37.00194920501001	[1, 0]	155.67474104869484	[8.09684380979409, 5]
0.0	0	42.41632553945459	[1, 0]	176.6761778852815	[7.249155287144208, 5]
0.0	0	21.17472575382628	[1, 0]	131.59305978575077	[6.213309686942037, 5]
0.0	0	12.827589985666531	[2, 0]	140.52573769054035	[7.7193271180614245, 5]
0.0	0	43.85504592123643	[2, 0]	140.65706613608933	[4.177606063482849, 5]
0.0	0	39.43878281954789	[1, 0]	174.98842495130583	[6.141487561706119, 5]
0.0	0	49.646421839351966	[2, 0]	115.21409546697629	[3.310882989999116, 5]
0.0	0	30.124083338113333	[1, 0]	151.6634892253275	[3.9323550376218916, 5]
0.0	0	21.04197139840157	[1, 0]	110.76427680758484	[6.178381439952868, 5]
0.0	0	32.12178291484864	[1, 0]	155.38816498993287	[7.913009526111699, 5]
0.0	0	17.852668253837972	[2, 0]	98.89713567289967	[1.676132379857372, 5]
0.0	0	43.08491311583322	[1, 0]	93.83349249152772	[5.296079410300324, 5]
0.0	0	21.184197969061113	[2, 0]	131.77093560341996	[4.36948821569418, 5]
0.0	0	22.722404608024988	[1, 0]	127.46134555380831	[2.1082478909726077, 5]
0.0	0	27.537022528811793	[2, 0]	167.07012842268028	[4.57354973033803, 5]
0.0	0	43.52264433484405	[1, 0]	91.87306112515644	[4.991901043077433, 5]
0.0	0	20.243008521315538	[2, 0]	135.06066841857796	[3.241471970565351, 5]
0.0	0	15.416147726484958	[2, 0]	89.9397943588222	[4.496776617468883, 5]
0.0	0	45.99968012921727	[2, 0]	121.52223081429298	[3.034429988723032, 5]
0.0	0	11.68670756377133	[1, 0]	150.23726592224497	[5.562873285918752, 5]
0.0	0	22.560505153948043	[2, 0]	117.7200548503466	[1.6966580820639867, 5]
0.0	0	27.288402061931322	[2, 0]	154.76192463374815	[5.930309195022796, 5]
0.0	0	41.780195560738946	[1, 0]	113.31440253794882	[2.1437279924746355, 5]
0.0	0	44.68185930276568	[2, 0]	96.97583241476455	[7.892253086863559, 5]
0.0	0	27.911761934310434	[2, 0]	165.30544028706828	[3.84652951396621, 5]
0.0	0	38.96214545033615	[2, 0]	123.54449667140196	[3.7874890964445584, 5]
0.0	0	41.579325643052414	[1, 0]	177.36757124275505	[1.7552633818559678, 5]
0.0	0	11.38729197915109	[2, 0]	174.72405597253652	[8.11160019570059, 5]
0.0	0	12.690364335571049	[1, 0]	91.28962613422783	[7.559579570928355, 5]
0.0	0	44.64953947816002	[2, 0]	137.01147343872057	[7.203805950557738, 5]
0.0	0	29.618382053394214	[1, 0]	153.3459908521703	[3.4934827745986468, 5]
0.0	0	28.779643543688856	[2, 0]	97.28509334154685	[2.8495242751818632, 5]
0.0	0	48.0777391102328	[1, 0]	130.67233112740686	[5.678871113078978, 5]
0.0	0	37.307579978158884	[1, 0]	90.7069911504708	[5.939793342684196, 5]
0.0	0	16.121045120414227	[1, 0]	96.26799671000313	[3.9243508878118463, 5]
0.0	0	49.34287830619579	[2, 0]	93.42039203201053	[1.8981986035116383, 5]
0.0	0	25.272965075598798	[1, 0]	139.15525395630772	[2.8722172665355554, 5]
0.0	0	33.81421965560699	[2, 0]	89.42475551164743	[1.5629033818516493, 5]
0.0	0	47.518896736316265	[2, 0]	160.45495625237453	[6.988596091927558, 5]
0.0	0	14.63312527071021	[1, 0]	137.1680788636678	[1.8089583080279803, 5]
0.0	0	34.70608384332037	[1, 0]	106.33060712978723	[6.21416323132233, 5]
0.0	0	11.962550462619319	[2, 0]	147.86417292769113	[4.592031274417426, 5]
0.0	0	19.955353091781173	[1, 0]	93.53771261633277	[5.13114689600053, 5]
0.0	0	27.456451497948677	[1, 0]	91.44871438731109	[2.633340593590168, 5]
0.0	0	39.30309541200607	[2, 0]	130.57984622255208	[4.759955902339594, 5]
0.0	0	19.281229077332725	[2, 0]	166.25036850747168	[5.443021330907563, 5]
0.0	0	43.7940882431201	[2, 0]	102.6253425939637	[3.632641584451636, 5]
0.0	0	24.968667022140135	[2, 0]	107.81165251040625	[1.7971158646446714, 5]
0.0	0	25.726147554457796	[1, 0]	113.42769135072231	[5.554672264228639, 5]
0.0	0	16.552239567638402	[1, 0]	172.79218992935716	[3.466604421954831, 5]
0.0	0	15.075359337135984	[1, 0]	178.45574662635983	[3.183152460844241, 5]
0.0	0	28.649172869682502	[1, 0]	169.54588350928609	[2.548667430287609, 5]
0.0	0	42.41711343426717	[1, 0]	147.6447213760914	[5.276383282808484, 5]
0.0	0	39.55965645693853	[2, 0]	117.63340376398872	[6.217508739540154, 5]
0.0	0	31.89912429013883	[1, 0]	108.64258250707331	[2.3891744518207, 5]
0.0	0	37.61600071895253	[2, 0]	168.33369566394146	[7.407955686930631, 5]
0.0	0	29.318929727227953	[1, 0]	114.94579344117606	[4.184975908288896, 5]
0.0	0	16.89169297023549	[2, 0]	141.44172534573784	[7.324088976737836, 5]
0.0	0	38.26790894792078	[2, 0]	173.41023553826017	[3.087379021237332, 5]
0.0	0	46.55737952710537	[1, 0]	113.82725295728471	[6.064423712620053, 5]
0.0	0	37.21360517593629	[1, 0]	147.0342894239286	[1.970260128155882, 5]
0.0	0	12.226022867195269	[2, 0]	158.67300437379777	[5.083278963194698, 5]
0.0	0	27.60260909791306	[1, 0]	178.86193096685105	[4.531683013832352, 5]
0.0	0	27.785110458960983	[1, 0]	128.79786730188772	[3.0497283910220596, 5]
0.0	0	27.7041319581383	[1, 0]	155.81747324312423	[7.931202467878408, 5]
0.0	0	47.41271777493955	[2, 0]	153.28819984910837	[3.124084005044927, 5]
0.0	0	41.9312326408659	[1, 0]	100.86338739003973	[4.602669350162404, 5]
0.0	0	29.406308739264514	[1, 0]	170.0569942632353	[3.867506394432524, 5]
0.0	0	12.232573166740403	[2, 0]	139.2834409301829	[5.099031017690622, 5]
0.0	0	45.925983296365615	[2, 0]	120.63130113349901	[7.895683378158502, 5]
0.0	0	32.15140855228154	[1, 0]	121.84516171336259	[3.488718805767233, 5]
0.0	0	33.512360257548266	[1, 0]	115.46154970550334	[5.526818459298315, 5]
0.0	0	22.016585724733567	[1, 0]	176.6617317085688	[1.6920492804143352, 5]
0.0	0	13.820888058864348	[2, 0]	120.86001435278051	[3.349698275616282, 5]
0.0	0	27.085531187121575	[1, 0]	105.59402483763483	[7.1485732746153845, 5]
0.0	0	42.10319526118382	[2, 0]	169.97328157848017	[5.2581002284881215, 5]
0.0	0	22.644357225981814	[2, 0]	129.5967545230441	[4.225704655893716, 5]
0.0	0	17.86262713124174	[2, 0]	149.31301263185173	[3.538070834793539, 5]
0.0	0	42.810985778890384	[1, 0]	139.5168893589298	[7.365578101382119, 5]
0.0	0	14.148700217635577	[2, 0]	163.52285422014887	[5.319199447207908, 5]
0.0	0	18.766762915534034	[2, 0]	111.35553593255446	[2.636490962777466, 5]
0.0	0	43.60732889006609	[1, 0]	158.35643635801432	[2.5406536823407677, 5]
0.0	0	47.52901262863418	[2, 0]	130.23895667883716	[5.366759616141141, 5]
0.0	0	25.433786624671928	[2, 0]	90.25408448813826	[8.222767938595286, 5]
0.0	0	33.22293801358806	[1, 0]	169.98597179574273	[2.4806817058853694, 5]
0.0	0	37.57422072202389	[2, 0]	94.17306558367925	[6.683227054202607, 5]
0.0	0	16.652841522981387	[2, 0]	92.5547871843099	[3.272306913603819, 5]
0.0	0	45.8969129063842	[2, 0]	90.7395318842519	[7.652962056055342, 5]
0.0	0	27.980900708187644	[2, 0]	156.69944122953456	[3.792285885874744, 5]
0.0	0	27.354376810946466	[1, 0]	128.79363504277853	[5.571886445712227, 5]
0.0	0	37.080676369809005	[1, 0]	132.74846383212991	[5.958861694586161, 5]
0.0	0	40.38616379760086	[2, 0]	139.62641616228117	[6.261632057993152, 5]
0.0	0	21.323694813605776	[2, 0]	104.95949145465113	[4.459188119064748, 5]
0.0	0	47.84024697364084	[1, 0]	152.49656652518513	[4.2427906961583295, 5]
0.0	0	33.06789597784747	[2, 0]	166.87925878766998	[7.274090180395633, 5]
0.0	0	41.40582730842389	[2, 0]	141.73791921098342	[5.211298152055464, 5]
0.0	0	14.432163474847604	[1, 0]	154.8439056737996	[8.277216004794278, 5]
0.0	0	44.95635577160156	[2, 0]	164.6484355592869	[1.4229100395569694, 5]
0.0	0	14.091449754597818	[2, 0]	140.0042829278926	[3.308894131155711, 5]
0.0	0	30.47397544668274	[1, 0]	131.39088863861704	[1.4710286753612518, 5]
0.0	0	10.073754349568977	[2, 0]	150.8242756415601	[5.170318928246264, 5]
0.0	0	24.07088529375093	[2, 0]	141.30027595756178	[5.046655525008189, 5]
0.0	0	12.499226030459441	[2, 0]	175.36191694277693	[6.675009948616977, 5]
0.0	0	21.68525913113422	[1, 0]	178.60991180611626	[3.9665151729516803, 5]
0.0	0	29.73065842046123	[2, 0]	121.9788838753924	[2.0508123445087296, 5]
0.0	0	35.87085564292743	[1, 0]	178.95950262885256	[6.461271953522316, 5]
0.0	0	19.869313561301343	[1, 0]	103.77406409248303	[6.477676908783691, 5]
0.0	0	40.7188386324987	[1, 0]	141.6091840101521	[2.8490228840585896, 5]
0.0	0	30.940199686146904	[1, 0]	133.0167860040806	[5.130431876617521, 5]
0.0	0	36.68856853216459	[2, 0]	159.8373645503621	[7.225429878504622, 5]
0.0	0	43.54493396246439	[2, 0]	125.48955913584692	[6.739401264799397, 5]
0.0	0	19.52790200177712	[1, 0]	175.04960244975135	[5.208521541456076, 5]
0.0	0	43.23324634436444	[2, 0]	93.2095385349826	[4.1852922661680925, 5]
0.0	0	10.268176751911007	[2, 0]	118.23941766384539	[7.752193445714045, 5]
0.0	0	35.27687415661289	[1, 0]	176.03419737274595	[4.77940689077664, 5]
0.0	0	36.6466297047321	[2, 0]	151.8823498076867	[7.813577947551988, 5]
0.0	0	21.492448589635007	[2, 0]	102.8968716123348	[3.5902006785663043, 5]
0.0	0	43.06571774063908	[1, 0]	163.17084698501847	[3.1451013142337363, 5]
0.0	0	42.42530423694744	[1, 0]	122.28355351223922	[3.225619115841285, 5]
0.0	0	19.105853137350312	[2, 0]	140.08072162430068	[3.574821845320861, 5]
0.0	0	11.223111763269928	[1, 0]	126.37264896647437	[5.490088050361718, 5]
0.0	0	25.981147498642304	[1, 0]	108.98109436997245	[3.0706158949055418, 5]
0.0	0	48.405540958293265	[2, 0]	131.1005264344285	[7.110719874267332, 5]
0.0	0	21.136443156563203	[2, 0]	109.37411999624733	[3.568422829435772, 5]
0.0	0	37.467249226957485	[1, 0]	150.40979571167148	[4.593156777849325, 5]
0.0	0	23.512583626240662	[2, 0]	126.66329762562808	[3.684332766473804, 5]
0.0	0	14.044478233122382	[1, 0]	115.22239127035094	[3.070315523212828, 5]
0.0	0	10.513986618286495	[1, 0]	116.78597583109239	[7.356289783356376, 5]
0.0	0	31.653750983052756	[2, 0]	125.843444502489	[4.478031378016, 5]
0.0	0	41.673160255675015	[1, 0]	178.57482063290914	[3.6943818425693697, 5]
0.0	0	27.761417970718135	[2, 0]	103.83620329890746	[7.965139927808268, 5]
0.0	0	31.501646612291243	[2, 0]	130.51596381713247	[4.009565657824863, 5]
0.0	0	47.50456026839253	[1, 0]	99.33773928861679	[1.7931568397224187, 5]
0.0	0	48.90338447279317	[2, 0]	100.97572380508034	[5.588144408564172, 5]
0.0	0	19.29707331971805	[2, 0]	109.58089219191818	[6.840887516107627, 5]
0.0	0	28.24411749104395	[2, 0]	137.15922282611712	[8.168549147215295, 5]
0.0	0	46.69219594045584	[2, 0]	157.24404778077258	[2.0346879277961354, 5]
0.0	0	35.61233684957153	[2, 0]	92.40252126773485	[2.4939598675802905, 5]
0.0	0	46.2280813367634	[1, 0]	149.9949961009759	[3.453980486821198, 5]
0.0	0	26.27352739324357	[2, 0]	92.63475550016177	[7.423993678905169, 5]
0.0	0	27.989509464134233	[2, 0]	144.4385262144125	[6.543582288106621, 5]
0.0	0	33.33635749352966	[1, 0]	130.6238046064474	[7.237822582179694, 5]
0.0	0	41.61095994666129	[1, 0]	132.75506970299543	[7.5252171113428625, 5]
0.0	0	27.477332335562483	[2, 0]	112.46582460270825	[7.9932405480593065, 5]
0.0	0	32.979631864188484	[1, 0]	130.89836399901722	[3.147414968454059, 5]
0.0	0	27.70549824832694	[2, 0]	146.72779921636726	[1.4522156459920454, 5]
0.0	0	47.25927516142299	[1, 0]	133.59000223131412	[3.8109796136831102, 5]
0.0	0	24.336126663096998	[2, 0]	155.7205960020151	[6.247588071591066, 5]
0.0	0	35.89396509487608	[2, 0]	96.42262469804892	[6.235522857998547, 5]
0.0	0	45.714729735982004	[1, 0]	130.99886748746815	[4.566929089831052, 5]
0.0	0	37.373124346047405	[2, 0]	169.41091210654542	[7.81059177333149, 5]
0.0	0	13.781559926659673	[2, 0]	99.80999883616073	[2.1153721111390493, 5]
0.0	0	16.633806990904155	[1, 0]	149.76193058354025	[6.299280062268372, 5]
0.0	0	29.498872646197025	[2, 0]	173.28906809353992	[3.8538743571372076, 5]
0.0	0	49.70555412398137	[2, 0]	89.18821804550602	[2.3118966007960218, 5]
0.0	0	28.88389081845031	[1, 0]	118.40912250290756	[8.272444980702858, 5]
0.0	0	30.08311526004289	[1, 0]	89.40846068012085	[3.122093189570013, 5]
0.0	0	44.554180044685545	[2, 0]	123.24359170653042	[1.465957604752395, 5]
0.0	0	34.044892816135345	[1, 0]	163.52641616799244	[5.608297598952726, 5]
0.0	0	49.07903085279565	[1, 0]	132.16818934733885	[4.4952552285652425, 5]
0.0	0	16.261573299949998	[1, 0]	160.34800166642069	[5.210347002494856, 5]
0.0	0	20.51242924329481	[1, 0]	167.04054587605617	[3.6255978054619336, 5]
0.0	0	34.38949637769913	[2, 0]	150.71168398815078	[5.070480285047041, 5]
0.0	0	40.78255452951176	[1, 0]	124.71074677933373	[2.805943287104302, 5]
0.0	0	24.440612565854355	[1, 0]	150.3381247191608	[2.5440546224240124, 5]
0.0	0	39.968287011066515	[1, 0]	91.91347931015478	[7.556385540225619, 5]
0.0	0	11.204443176844713	[1, 0]	121.22685675300698	[5.938947373056485, 5]
0.0	0	28.47879152970813	[2, 0]	144.23034538486792	[1.4262913270844426, 5]
0.0	0	29.045191877584493	[1, 0]	154.1641174525813	[5.8121721151779, 5]
0.0	0	14.632840912101257	[1, 0]	178.78392504267873	[2.433826790439279, 5]
0.0	0	39.71839189746419	[2, 0]	99.37384086652258	[4.679321438241265, 5]
0.0	0	31.52088253489057	[1, 0]	100.34055541200576	[3.410548661402282, 5]
0.0	0	37.269897448701265	[2, 0]	121.4478214943548	[3.709242876846406, 5]
0.0	0	31.603991570380696	[2, 0]	131.73502099418056	[1.485796665371438, 5]
0.0	0	19.76760707798329	[1, 0]	162.7601227575256	[4.4408460056872405, 5]
0.0	0	13.48787241665452	[2, 0]	117.22033425617303	[7.91576546524617, 5]
0.0	0	25.399360265637224	[1, 0]	146.69151841735743	[2.065829369496813, 5]
0.0	0	44.31315200475663	[2, 0]	156.4833359267966	[2.4159083516518502, 5]
0.0	0	35.78682725366317	[2, 0]	126.15860564574511	[8.275008616780038, 5]
0.0	0	41.30962401114392	[1, 0]	168.26444238797106	[2.79551901127125, 5]
0.0	0	24.8738838298879	[1, 0]	95.84399370514575	[3.1376963821629666, 5]
0.0	0	35.932199928148	[1, 0]	144.3406444532673	[3.331646698188342, 5]
0.0	0	20.30481056868269	[2, 0]	172.88070782326295	[2.9511051369002264, 5]
0.0	0	20.75239614944178	[2, 0]	90.8322116776991	[5.496686131124221, 5]
0.0	0	23.709607085714172	[2, 0]	162.9864291526063	[2.8131539699081034, 5]
0.0	0	36.28035678802032	[1, 0]	145.7188478705736	[1.5361015553360287, 5]
0.0	0	44.89486428118085	[2, 0]	142.08971475420714	[7.752378875816874, 5]
0.0	0	17.422127015423307	[2, 0]	120.38997059734305	[3.2805829904746306, 5]
0.0	0	15.171360334417063	[1, 0]	119.13959077799993	[7.1221739836617255, 5]
0.0	0	46.82439265909086	[2, 0]	123.84552250485106	[4.436298717087587, 5]
0.0	0	47.7879540144842	[2, 0]	123.05502510927018	[4.529226147022799, 5]
0.0	0	35.82395228910177	[1, 0]	113.56439357827502	[4.543393533234191, 5]
0.0	0	11.09924548560899	[2, 0]	156.59088272753405	[6.387085821086838, 5]
0.0	0	25.369859714965713	[1, 0]	100.7587026298141	[4.684864251254669, 5]
0.0	0	49.614916464609024	[2, 0]	100.80435505645823	[5.826317294151635, 5]
0.0	0	25.64691279957831	[1, 0]	159.52875726855495	[4.382629927838452, 5]
0.0	0	30.830625542303235	[1, 0]	103.26946469067761	[2.4834204305568415, 5]
0.0	0	27.038745404428127	[2, 0]	135.1105139422237	[4.4528597598848805, 5]
0.0	0	44.15985584996068	[1, 0]	143.398477863724	[4.730059537820528, 5]
0.0	0	18.23003380575356	[1, 0]	95.1604039173567	[6.675913021786906, 5]
0.0	0	35.03663620952618	[2, 0]	96.55908601851542	[3.226150834682512, 5]
0.0	0	30.021725123848853	[2, 0]	112.10183559227504	[7.130278569627101, 5]
0.0	0	47.949359236958884	[2, 0]	173.712220728885	[8.103292095802251, 5]
0.0	0	30.20074871081129	[1, 0]	129.03662031045064	[7.528498494223533, 5]
0.0	0	30.081896084598228	[2, 0]	147.25634270354215	[2.848280864358057, 5]
0.0	0	28.13644190470311	[1, 0]	116.29497295314557	[4.266571941756085, 5]
0.0	0	38.47420322670526	[1, 0]	122.1023843860853	[7.748099003714678, 5]
0.0	0	44.21729450185626	[2, 0]	168.5343845302473	[6.232367493616876, 5]
0.0	0	33.23921842920889	[2, 0]	165.83879124699868	[7.568312842487354, 5]
0.0	0	12.395342114381489	[2, 0]	125.96428736873094	[3.336439864807155, 5]
0.0	0	28.97613440037687	[2, 0]	165.71605322417162	[3.5540817683812382, 5]
0.0	0	44.950861011432906	[2, 0]	177.69352057883248	[5.725047865218918, 5]
0.0	0	48.10908802165298	[2, 0]	119.73171335555003	[2.755921111195155, 5]
0.0	0	15.261536317188913	[1, 0]	157.59314922145023	[3.4938491189509246, 5]
0.0	0	18.82524941695641	[2, 0]	133.7061471239001	[4.982763981266965, 5]
0.0	0	24.29776159804268	[2, 0]	104.86924053267003	[3.9048520958547526, 5]
0.0	0	24.433682667661195	[1, 0]	127.62381631854298	[2.893431504683705, 5]
0.0	0	46.83463477242066	[2, 0]	143.72325548946878	[1.9519825880565531, 5]
0.0	0	22.70957479332082	[2, 0]	176.7008528815122	[5.231198928071154, 5]
0.0	0	25.641289567105122	[1, 0]	108.75073182402373	[5.248158249158143, 5]
0.0	0	31.438612597902036	[2, 0]	161.63643615631253	[3.247476852952054, 5]
0.0	0	10.019948309933799	[1, 0]	96.694385395513	[3.9191127126092544, 5]
0.0	0	42.99141464611389	[1, 0]	135.29075278792422	[4.507223204019785, 5]
0.0	0	43.65179410302716	[2, 0]	161.98694365929225	[3.1585275966951336, 5]
0.0	0	35.772206518440655	[2, 0]	164.04941747171864	[6.4459569627674265, 5]
0.0	0	47.86584718619095	[2, 0]	114.59267446345709	[2.221708308577984, 5]
0.0	0	19.94677191522408	[2, 0]	137.87309214183477	[3.336621499344622, 5]
0.0	0	45.08313496741698	[2, 0]	159.91554943698588	[3.1479577405410613, 5]
0.0	0	18.7063483526795	[2, 0]	141.76107795232596	[5.350331997103442, 5]
0.0	0	33.6113477442061	[2, 0]	143.31458861004364	[6.919150387742717, 5]
0.0	0	11.535534442443382	[1, 0]	178.5405542739395	[6.105350698357813, 5]
0.0	0	47.171409733366744	[2, 0]	138.90796116106267	[1.683347257825517, 5]
0.0	0	30.30320363253031	[2, 0]	91.37151061066375	[4.8831638384910665, 5]
0.0	0	42.88128121452018	[2, 0]	124.63979593889749	[7.8129358217610205, 5]
0.0	0	24.302055607392738	[1, 0]	91.18529688533535	[6.323066029627302, 5]
0.0	0	26.176776863573124	[1, 0]	176.21024027723576	[5.474186138533263, 5]
0.0	0	14.0540645827125	[2, 0]	115.07406477326708	[6.934287479616312, 5]
0.0	0	44.19856124512696	[2, 0]	151.68030196622556	[6.991891877616544, 5]
0.0	0	14.356256178075288	[2, 0]	104.93307651645308	[6.313447102003853, 5]
0.0	0	15.496851314132496	[1, 0]	144.86951946935864	[4.261720137743605, 5]
0.0	0	11.951641254351808	[1, 0]	138.23053478672585	[2.7886440987253103, 5]
0.0	0	16.014588080112095	[2, 0]	97.34917611017147	[6.941228661794492, 5]
0.0	0	24.075537340769987	[2, 0]	120.34245079148494	[3.5613843733797768, 5]
0.0	0	43.205021072166154	[2, 0]	168.69576061339797	[3.7500831247719097, 5]
0.0	0	40.982488305071804	[2, 0]	136.6480980710732	[3.659262414247855, 5]
0.0	0	42.6799590795037	[1, 0]	100.8243036638416	[3.030310340559284, 5]
0.0	0	36.0257057623145	[1, 0]	178.64529035102146	[1.607644789628589, 5]
0.0	0	18.908356511081298	[1, 0]	146.89511289116868	[1.4517368686366818, 5]
0.0	0	23.604516437667385	[2, 0]	100.87392498309802	[1.9512743931653416, 5]
0.0	0	12.33450857698487	[2, 0]	148.64130759130018	[2.5859035583448247, 5]
0.0	0	49.89160017235331	[2, 0]	130.3553403953749	[6.8975138440797155, 5]
0.0	0	34.674015180144714	[1, 0]	112.65972510530361	[4.284139489295838, 5]
0.0	0	39.497693473934774	[2, 0]	156.06906301892482	[5.8338592767924995, 5]
0.0	0	11.447783546006276	[2, 0]	123.76407208028658	[2.107967708893653, 5]
0.0	0	13.481011140816253	[1, 0]	108.28458608780257	[6.824938709945726, 5]
0.0	0	31.316039187633844	[1, 0]	162.0517134213365	[3.807421581579128, 5]
0.0	0	19.9642324222545	[1, 0]	110.93642641885612	[5.735482831922845, 5]
0.0	0	31.2471485352874	[1, 0]	150.15691959132602	[8.05218587532334, 5]
0.0	0	28.595652335194206	[2, 0]	95.38008963668675	[2.901623259774244, 5]
0.0	0	47.17268777587133	[2, 0]	106.80425569979496	[5.382795538317744, 5]
0.0	0	32.76027694279322	[2, 0]	175.34644555963132	[3.2914842198101524, 5]
0.0	0	16.094270704935024	[1, 0]	125.46354698800653	[4.798649220694554, 5]
0.0	0	29.594534010191328	[2, 0]	151.2109839728556	[3.057521539734534, 5]
0.0	0	26.42283814315678	[1, 0]	162.8207406514145	[2.7501925277599475, 5]
0.0	0	28.053227774525315	[2, 0]	110.66123391206293	[4.4403405770219235, 5]
0.0	0	36.50405909589998	[2, 0]	163.3430043439509	[5.427297944696639, 5]
0.0	0	46.998144851546506	[2, 0]	117.97497603089107	[4.230732908963175, 5]
0.0	0	24.65968489802244	[1, 0]	129.99084527780963	[1.7518241843453997, 5]
0.0	0	24.443551052483578	[2, 0]	154.8304550729178	[6.4578908532060195, 5]
0.0	0	49.93512641343175	[2, 0]	91.62019433421278	[6.144546673146373, 5]
0.0	0	38.04336092062268	[2, 0]	114.85041624144118	[5.999420261227684, 5]
0.0	0	49.38620558958204	[1, 0]	126.46850760093972	[3.6134016940801197, 5]
0.0	0	27.173159859886347	[1, 0]	162.10524257824568	[4.88027157188044, 5]
0.0	0	24.338698899789154	[1, 0]	93.54459406846236	[5.9439188832058845, 5]
0.0	0	27.601135544286812	[2, 0]	126.47226791321818	[6.4988427301150296, 5]
0.0	0	30.837243496389473	[1, 0]	110.21497935664702	[4.178139980162157, 5]
0.0	0	43.17474327001129	[1, 0]	133.39830121305246	[1.8968035148750142, 5]
0.0	0	41.82397919357932	[2, 0]	138.40988943295577	[4.071062493935829, 5]
0.0	0	38.94637123258491	[1, 0]	160.92742877771133	[8.07998241158907, 5]
0.0	0	20.628988878534898	[2, 0]	97.01711141171405	[1.7943769475619886, 5]
0.0	0	43.481773167592486	[2, 0]	154.3202033735412	[1.7673476566644732, 5]
0.0	0	24.310316678118564	[2, 0]	178.23388437959295	[6.343809264109207, 5]
0.0	0	10.706604468910712	[2, 0]	107.95528188620493	[1.9926453613111932, 5]
0.0	0	13.915279037057218	[2, 0]	101.70314387958604	[2.0779983075893353, 5]
0.0	0	46.04086686056422	[1, 0]	120.54881305395888	[6.129843601284132, 5]
0.0	0	15.768863103343167	[1, 0]	177.38023297401406	[1.7974654682528717, 5]
0.0	0	26.62236197301719	[1, 0]	148.40155964294684	[5.956525452905908, 5]
0.0	0	38.74964407548371	[1, 0]	132.3012052781805	[7.173444621014754, 5]
0.0	0	27.645124400011678	[1, 0]	134.2566741543048	[2.974599158858595, 5]
0.0	0	27.83445758419038	[2, 0]	101.79060029007175	[7.59959927179833, 5]
0.0	0	49.18396979110858	[2, 0]	159.63342875077842	[6.248994299048637, 5]
0.0	0	10.002400725824591	[1, 0]	95.22158276551772	[4.1941893165877, 5]
0.0	0	16.757781906652284	[1, 0]	150.41262709808143	[2.4562215361424964, 5]
0.0	0	36.781545160731696	[2, 0]	132.40136996169986	[2.449437197680637, 5]
0.0	0	14.529985222177388	[2, 0]	171.17093859046207	[6.7260312872124635, 5]
0.0	0	18.72372672720713	[1, 0]	137.8534978241212	[3.4889513096824945, 5]
0.0	0	22.258623537420075	[1, 0]	176.74098623761614	[6.76407956546585, 5]
0.0	0	28.361613823741813	[2, 0]	171.54763031012763	[6.536659687830964, 5]
0.0	0	39.93002273959444	[2, 0]	90.3426351288303	[2.646817148417482, 5]
0.0	0	31.363533334669874	[2, 0]	136.26020678095966	[7.4692238311027115, 5]
0.0	0	37.84859934307274	[1, 0]	160.04273497687086	[7.239998584849523, 5]
0.0	0	44.93133394107095	[1, 0]	116.45748103567473	[4.044371780736694, 5]
0.0	0	39.37139800699922	[2, 0]	132.15049074262902	[5.087687268155503, 5]
0.0	0	27.20387642735928	[1, 0]	149.79801646456397	[7.646955552816742, 5]
0.0	0	40.89220719520025	[2, 0]	176.4737782809536	[8.099013591408927, 5]
0.0	0	10.032207479328083	[2, 0]	101.90575475203708	[8.171380705023857, 5]
0.0	0	24.734719980571093	[2, 0]	91.97935357130415	[3.5388868567511103, 5]
0.0	0	27.271817342306832	[1, 0]	113.72940190253142	[1.4562436081726273, 5]
0.0	0	47.88254466323358	[2, 0]	134.1417631798941	[2.485924396878433, 5]
0.0	0	20.348472983120182	[1, 0]	147.9865408253982	[6.780687907140793, 5]
0.0	0	12.18230702548118	[1, 0]	157.2782516937095	[2.963632455004052, 5]
0.0	0	41.686499456588464	[2, 0]	107.97290266567659	[1.479901801782503, 5]
0.0	0	11.791466961263666	[1, 0]	154.46216357677534	[3.8833806945533955, 5]
0.0	0	31.38643130890558	[2, 0]	122.41358550684339	[7.072340234665756, 5]
0.0	0	19.54302973073649	[2, 0]	124.43687118499963	[5.635601332244106, 5]
0.0	0	19.976687625081908	[1, 0]	154.75318124353794	[5.661461565717249, 5]
0.0	0	44.93722271080966	[2, 0]	91.27367536775215	[4.700104384103442, 5]
0.0	0	32.00566100611042	[2, 0]	120.77852954677493	[7.910015896359293, 5]
0.0	0	12.824213217906168	[1, 0]	104.49984073836596	[4.86955448415318, 5]
0.0	0	23.558420936929643	[2, 0]	149.09724404428277	[7.180293527368767, 5]
0.0	0	10.927938650120424	[2, 0]	152.0050701709794	[1.4237685301686358, 5]
0.0	0	49.73337994599762	[1, 0]	159.93567932908138	[6.022912180106829, 5]
0.0	0	17.708414922448615	[1, 0]	112.63759954345589	[7.815835347384484, 5]
0.0	0	20.407649294990993	[2, 0]	177.53474337482703	[8.029659427548257, 5]
0.0	0	29.193607882609633	[2, 0]	140.32019187215383	[7.78373618576885, 5]
0.0	0	24.386834201419948	[1, 0]	148.01163236073114	[8.330933557225043, 5]
0.0	0	38.07950355750184	[1, 0]	171.88689155294588	[6.119482519058088, 5]
0.0	0	20.6532313764828	[1, 0]	125.97661219330523	[1.637414940599759, 5]
0.0	0	48.83163596842837	[1, 0]	90.88303146319285	[5.816598404270757, 5]
0.0	0	12.649968802011436	[2, 0]	108.58906687536118	[4.342068509077535, 5]
0.0	0	15.717137809664862	[2, 0]	144.36837677428025	[3.3802095678072064, 5]
0.0	0	36.22630472137784	[1, 0]	100.66918068036587	[8.199641344452038, 5]
0.0	0	20.347666300165923	[2, 0]	97.63005621746035	[8.310565052973601, 5]
0.0	0	28.293690448665302	[1, 0]	178.19789573894099	[5.682464276945459, 5]
0.0	0	45.5525463014856	[2, 0]	131.5768054141813	[4.561820261367914, 5]
0.0	0	25.805953078366954	[1, 0]	106.31025315372453	[3.8276030954845184, 5]
0.0	0	14.089516914424003	[2, 0]	155.04243394279143	[6.440800862082425, 5]
0.0	0	27.327140361643977	[1, 0]	164.22231835882954	[1.454098534786161, 5]
0.0	0	29.727236273658942	[2, 0]	135.1155276713237	[4.009191850849133, 5]
0.0	0	42.00854939657279	[1, 0]	142.35400234229468	[3.7566014108060872, 5]
0.0	0	13.397205379665326	[2, 0]	137.01425248201977	[5.180886309185415, 5]
0.0	0	36.34486153130604	[2, 0]	117.01819517937666	[7.290627997974407, 5]
0.0	0	22.813814945811064	[2, 0]	126.73908573984804	[7.345163943184261, 5]
0.0	0	23.734747061094794	[2, 0]	155.24927235902243	[3.295695633771419, 5]
0.0	0	29.57795578954638	[2, 0]	125.98385557364765	[8.317632341948027, 5]
0.0	0	26.312066548312252	[2, 0]	151.0579131301415	[6.730669516905439, 5]
0.0	0	17.825173132852797	[1, 0]	109.89769588840717	[7.67358589663838, 5]
0.0	0	10.079517975229383	[2, 0]	135.2131348062777	[4.4612868550364855, 5]
0.0	0	22.84721318393234	[2, 0]	127.58351195032364	[8.106546710350058, 5]
0.0	0	23.851810739977893	[2, 0]	92.42295106763345	[6.907884547744283, 5]
0.0	0	15.006322246130278	[2, 0]	151.59390870760348	[6.638105300336709, 5]
0.0	0	32.423399022292514	[1, 0]	108.05921803514354	[4.493794858434627, 5]
0.0	0	42.31314370666247	[1, 0]	93.79280869464475	[5.866694201477723, 5]
0.0	0	28.24686822395576	[1, 0]	151.52429386733778	[6.321734082409047, 5]
0.0	0	28.148844606387286	[2, 0]	150.69372922612413	[7.467500238400356, 5]
0.0	0	21.42270235801223	[2, 0]	127.0419949605593	[6.099422045730297, 5]
0.0	0	42.43188143563663	[1, 0]	109.73904246319418	[3.8166425343130133, 5]
0.0	0	30.899385115036	[1, 0]	154.03343469881395	[4.2376560593469526, 5]
0.0	0	14.021104512248845	[2, 0]	163.37715063511087	[5.270114778975401, 5]
0.0	0	18.822292340646747	[1, 0]	101.33606285063249	[5.342939286343419, 5]
0.0	0	13.07563391402049	[2, 0]	156.00259136864008	[8.08779869383102, 5]
0.0	0	12.773285929105283	[2, 0]	133.51312810596463	[5.727255507941441, 5]
0.0	0	46.03227906051693	[1, 0]	143.56323885268387	[3.1629414864640903, 5]
0.0	0	15.940822558555826	[2, 0]	145.48684495783718	[2.890972325021816, 5]
0.0	0	11.010477119043802	[1, 0]	142.7705395653375	[1.8261178788921197, 5]
0.0	0	31.457545140677734	[2, 0]	93.20728971753286	[2.3513108309199358, 5]
0.0	0	23.832277394095044	[1, 0]	167.59138709657122	[6.633712560718259, 5]
0.0	0	11.018974161651927	[2, 0]	165.94643331473327	[7.310562108449277, 5]
0.0	0	21.47246481080853	[2, 0]	94.40159871855576	[3.5630463805990256, 5]
0.0	0	32.70727763385169	[1, 0]	101.56865022175522	[5.158463195131169, 5]
0.0	0	23.8943213436132	[2, 0]	177.8634335858817	[1.440759625695868, 5]
0.0	0	45.350660894674746	[1, 0]	146.01715628245745	[5.703979634160883, 5]
0.0	0	11.990112384030683	[2, 0]	124.50769936129687	[4.417785652405489, 5]
0.0	0	19.05846027597118	[1, 0]	108.52737142210371	[5.20357070707799, 5]
0.0	0	22.469683888163004	[2, 0]	162.64847696574603	[6.286796034976994, 5]
0.0	0	13.107300156155816	[2, 0]	118.6058404937561	[1.881755015180405, 5]
0.0	0	39.1376901596484	[1, 0]	100.47796329240126	[4.642063433822773, 5]
0.0	0	33.10074610943592	[2, 0]	93.38990999693158	[3.709631034668382, 5]
0.0	0	23.341669739272046	[1, 0]	176.07438225355332	[5.799437718876317, 5]
0.0	0	26.485267193116655	[2, 0]	149.37656222261856	[8.07896818651333, 5]
0.0	0	24.25040438871389	[2, 0]	90.34467367270778	[2.3201471391891104, 5]
0.0	0	13.080936412096055	[1, 0]	125.67473879007827	[5.668684499127706, 5]
0.0	0	19.620880127093784	[1, 0]	128.30848903702108	[8.158249336939667, 5]
0.0	0	42.567958753734366	[2, 0]	169.92670903376325	[6.448026937165441, 5]
0.0	0	47.17909715286247	[2, 0]	174.90974918617954	[6.632281056192132, 5]
0.0	0	34.856071528683806	[2, 0]	127.13506720394422	[7.556785654175246, 5]
0.0	0	33.53453357585047	[1, 0]	167.94657599038408	[4.852426139800356, 5]
0.0	0	34.38982387254851	[1, 0]	102.73439990522922	[4.276614780895756, 5]
0.0	0	37.750961573115376	[2, 0]	151.12209019963075	[8.205303010808919, 5]
0.0	0	48.591494278172746	[1, 0]	117.98265580892877	[4.0359019123959605, 5]
0.0	0	49.94064233824846	[1, 0]	171.12417103243263	[2.3488795504396345, 5]
0.0	0	15.655338017376273	[2, 0]	178.31599466040404	[3.893783567163539, 5]
0.0	0	17.109275622323935	[1, 0]	105.78760969575859	[5.135432555119107, 5]
0.0	0	47.91326417489328	[1, 0]	134.737844592103	[3.9896931788721153, 5]
0.0	0	30.735468810095774	[2, 0]	124.31262388027207	[4.11695380305522, 5]
0.0	0	10.735417457704198	[1, 0]	152.061349114709	[1.8998066479617972, 5]
0.0	0	46.270864840985595	[2, 0]	156.9213882418003	[5.717827199007814, 5]
0.0	0	41.57098587738215	[1, 0]	158.13894750094968	[5.2445954558420045, 5]
0.0	0	29.825569026877556	[2, 0]	128.46713559149887	[4.503596783640009, 5]
0.0	0	30.813672639756525	[2, 0]	107.46059133198123	[5.490369680677105, 5]
0.0	0	30.454735382428268	[2, 0]	157.3864033110678	[2.957318005688262, 5]
0.0	0	29.152989604494515	[2, 0]	160.62029036877215	[3.70009285415062, 5]
0.0	0	38.39254915941124	[2, 0]	107.23371589022808	[4.055641891540601, 5]
0.0	0	15.790470240996976	[1, 0]	132.62592118235185	[8.210411888369725, 5]
0.0	0	44.477529819073034	[2, 0]	131.30389154536567	[3.037077647111803, 5]
0.0	0	10.35130846667153	[1, 0]	159.67063194333954	[7.944428373707762, 5]
0.0	0	38.09502590247362	[2, 0]	89.21634856557392	[4.551427057846023, 5]
0.0	0	40.0897692370859	[1, 0]	138.75479594703575	[4.701875091816636, 5]
0.0	0	15.365997105276302	[1, 0]	89.23216934008433	[1.4189676009325325, 5]
0.0	0	45.362069393065326	[2, 0]	163.60564379447987	[2.068897160483489, 5]
0.0	0	15.49571260766757	[2, 0]	119.94962353813993	[2.497552973674648, 5]
0.0	0	12.152559619298408	[2, 0]	90.05378191427178	[2.8464917280414506, 5]
0.0	0	44.03541831730654	[2, 0]	150.71895246674399	[7.855741602047119, 5]
0.0	0	24.875684729412075	[1, 0]	175.5675286066747	[3.313765975898262, 5]
0.0	0	25.94813416244705	[1, 0]	129.75566574435098	[2.5545590632377597, 5]
0.0	0	23.754480984516196	[1, 0]	103.62766299121171	[8.142442008517706, 5]
0.0	0	43.382658532215224	[1, 0]	136.37509051469317	[6.6180791009851925, 5]
0.0	0	42.31484121387767	[1, 0]	155.93773437208267	[7.39311600475854, 5]
0.0	0	37.87398620050098	[2, 0]	136.2931679985443	[8.082960781049785, 5]
0.0	0	25.288283981838504	[2, 0]	132.84446731742366	[6.715366428558845, 5]
0.0	0	20.139099842886466	[2, 0]	121.18444242306806	[4.055636485243942, 5]
0.0	0	33.82199445511262	[1, 0]	118.54191246779989	[4.399394983288224, 5]
0.0	0	31.855690839048847	[2, 0]	124.39992244648805	[6.806330077777947, 5]
0.0	0	47.42427389883782	[1, 0]	160.44223489938568	[7.7260466116446445, 5]
0.0	0	40.059151983823526	[2, 0]	161.3220849366743	[4.8550550167414, 5]
0.0	0	21.47826534625715	[1, 0]	176.8455301251579	[2.291003733354912, 5]
0.0	0	37.152550832845044	[2, 0]	120.36876778572035	[7.427078661619868, 5]
0.0	0	14.921409408366989	[2, 0]	125.1907154872282	[2.8522334948244623, 5]
0.0	0	31.03469147339357	[1, 0]	125.2660177805482	[6.3430630773837695, 5]
0.0	0	29.64734137872036	[2, 0]	140.64556274573883	[1.9366939817239952, 5]
0.0	0	34.85264227706779	[1, 0]	149.90406865296916	[2.076113476286303, 5]
0.0	0	43.68784900734725	[1, 0]	177.39240492385244	[3.4976194193709222, 5]
0.0	0	27.594785071035876	[1, 0]	93.4934813267965	[7.235552061020968, 5]
0.0	0	47.34268815538112	[1, 0]	106.63337768991853	[4.622530454300825, 5]
0.0	0	11.854539723514748	[1, 0]	111.41565605417367	[7.479035123054571, 5]
0.0	0	31.44260162596986	[1, 0]	133.32102761445077	[4.635720177636219, 5]
0.0	0	44.805645602159146	[1, 0]	90.5658326480702	[1.4198536467892695, 5]
0.0	0	29.791671719853863	[2, 0]	158.65309542318073	[1.7339973443128374, 5]
0.0	0	15.96090397842867	[2, 0]	123.71299245360707	[5.616991926967278, 5]
0.0	0	22.285939473616434	[1, 0]	135.54069859298383	[5.348529575159098, 5]
0.0	0	49.11123146573777	[2, 0]	171.2273368812168	[4.250671136517412, 5]
0.0	0	44.83057695240575	[1, 0]	148.3574344536175	[7.697440812537981, 5]
0.0	0	43.90135313467609	[2, 0]	131.78217259631444	[7.6804942837315595, 5]
0.0	0	22.560569573794915	[2, 0]	139.0075569343614	[7.330076528524497, 5]
0.0	0	25.241792687396547	[1, 0]	142.07421564219842	[2.675681539261296, 5]
0.0	0	34.14718192806209	[2, 0]	130.42387086581442	[2.191809389384799, 5]
0.0	0	10.749290573561295	[1, 0]	157.68002980633065	[5.308157390185081, 5]
0.0	0	44.027400658133516	[2, 0]	129.02192337037448	[6.374963859414035, 5]
0.0	0	15.036468790413215	[1, 0]	155.58672210691873	[5.180043029697084, 5]
0.0	0	46.86153688399683	[1, 0]	139.05897815931075	[4.451137513037554, 5]
0.0	0	11.583478730490336	[2, 0]	165.03633179212602	[7.1487239639002835, 5]
0.0	0	18.579987555583514	[2, 0]	121.3410683861481	[3.0671585667851375, 5]
0.0	0	10.564141763304837	[2, 0]	144.67007822247461	[7.325641040684076, 5]
0.0	0	23.60646458481767	[1, 0]	162.66568443780636	[3.8674481254131936, 5]
0.0	0	34.441194403891444	[2, 0]	108.66666670744212	[3.0369283553506103, 5]
0.0	0	39.41355433938969	[1, 0]	169.2384599291083	[1.783616150108144, 5]
0.0	0	26.272419164303816	[1, 0]	146.58101102603638	[4.452764857883165, 5]
0.0	0	23.463779803469578	[2, 0]	156.54490982270548	[6.465423200575415, 5]
0.0	0	47.27100252728613	[1, 0]	124.74430708096813	[8.277512746078427, 5]
0.0	0	18.645011217722722	[1, 0]	165.3399926241077	[1.88702970127803, 5]
0.0	0	27.688384181594518	[1, 0]	126.15029730917207	[5.503203739109768, 5]
0.0	0	19.290563939752207	[2, 0]	121.48629782889776	[6.998132257893595, 5]
0.0	0	10.135378243013063	[1, 0]	96.64360912997347	[7.89758311410216, 5]
0.0	0	39.617286697689266	[1, 0]	97.03372447164868	[3.139604533519753, 5]
0.0	0	41.802436327239356	[1, 0]	174.6468612771357	[3.5062384217744147, 5]
0.0	0	17.242012934504373	[2, 0]	119.02793132501598	[8.23189660249148, 5]
0.0	0	27.228455091471467	[2, 0]	101.57818167820236	[6.274436639978921, 5]
0.0	0	27.865764110460287	[2, 0]	106.401820587428	[8.31037521085391, 5]
0.0	0	49.88603236531809	[1, 0]	95.73974596837027	[2.913723003384971, 5]
0.0	0	41.44681896439543	[2, 0]	140.71652571648872	[7.906830357050815, 5]
0.0	0	18.000341474366763	[1, 0]	110.13385035264062	[5.562551952717051, 5]
0.0	0	19.96594824137732	[2, 0]	123.33130659083443	[6.934152250051033, 5]
0.0	0	20.435518670410712	[1, 0]	122.99451470337587	[2.419002045382654, 5]
0.0	0	25.43594708633438	[2, 0]	118.44877090882288	[5.954109753598337, 5]
0.0	0	23.36381343574313	[1, 0]	142.00550355075143	[6.592495690384937, 5]
0.0	0	48.828280966226146	[1, 0]	167.92206364715864	[4.100573459752919, 5]
0.0	0	33.11869943976338	[2, 0]	136.92442289821156	[5.953154577879939, 5]
0.0	0	32.537479676250214	[1, 0]	124.90490274119989	[3.503223458770679, 5]
0.0	0	35.13998179721791	[1, 0]	139.83099001075982	[7.743082168052912, 5]
0.0	0	48.01291641110755	[2, 0]	120.23460813367149	[6.883875155449805, 5]
0.0	0	47.200975000311	[1, 0]	177.68922745815917	[6.81909196923714, 5]
0.0	0	12.032490541609192	[1, 0]	112.26477642328972	[2.483650089460016, 5]
0.0	0	41.79607792739933	[1, 0]	170.27040103122857	[5.114177802886708, 5]
0.0	0	32.57048295189317	[1, 0]	147.33780482946685	[2.0312949664892495, 5]
0.0	0	23.85228112399184	[1, 0]	123.77480386888361	[6.936689532078384, 5]
0.0	0	31.32269526827074	[2, 0]	168.1442634892523	[7.189342177386069, 5]
0.0	0	48.250592098695336	[1, 0]	92.70185227706776	[5.338603131945056, 5]
0.0	0	26.388026451926	[2, 0]	138.00550814772478	[4.955076947248504, 5]
0.0	0	44.866825172861446	[1, 0]	146.9288896138227	[4.111850578852114, 5]
0.0	0	34.56501111547073	[1, 0]	126.79864593303219	[4.041365560776194, 5]
0.0	0	11.29278918397139	[1, 0]	147.60453846087424	[4.263489215368823, 5]
0.0	0	12.518336120907094	[2, 0]	165.51432402878692	[6.445707491394382, 5]
0.0	0	16.862832593219345	[2, 0]	96.39736420163243	[5.762313354294454, 5]
0.0	0	14.864371390945696	[1, 0]	133.8287650617257	[6.852396764055059, 5]
0.0	0	32.118451957550775	[1, 0]	161.56238919979296	[5.946824449639007, 5]
0.0	0	18.680187154286692	[1, 0]	111.37916269331947	[3.18916759158132, 5]
0.0	0	35.95376767700165	[1, 0]	151.49620342664508	[6.853071586508505, 5]
0.0	0	33.65425023887968	[2, 0]	148.38286791574822	[2.580411140433922, 5]
0.0	0	46.30843351558387	[2, 0]	103.38539709153817	[6.612635185156102, 5]
0.0	0	44.380771958834046	[2, 0]	105.60137971261472	[1.9355717369654042, 5]
0.0	0	35.796303739285875	[1, 0]	142.79876104472424	[4.02983330307959, 5]
0.0	0	13.171376534631916	[1, 0]	128.5385824747108	[6.04799949038737, 5]
0.0	0	37.06997095359305	[1, 0]	109.38201678427133	[6.658879748727204, 5]
0.0	0	19.575407940033845	[2, 0]	125.25291379440145	[4.95617566606038, 5]
0.0	0	21.47032376908076	[1, 0]	132.58087509247977	[2.8317839544688668, 5]
0.0	0	34.85595698384024	[1, 0]	103.62394783062865	[6.709563203731816, 5]
0.0	0	24.27782652545356	[1, 0]	118.16875795631793	[4.738885254525799, 5]
0.0	0	24.245151003608978	[2, 0]	130.04612385638742	[4.46563833323098, 5]
0.0	0	39.32333410748272	[2, 0]	169.39656964093908	[3.947617687452094, 5]
0.0	0	45.842628532217255	[1, 0]	159.18094703942316	[5.311364817126073, 5]
0.0	0	38.84101987584138	[2, 0]	161.84012726571132	[3.2186019034067543, 5]
0.0	0	28.499299014553003	[1, 0]	134.83095051161183	[3.6297227534559506, 5]
0.0	0	33.055729583739996	[2, 0]	132.61477640710217	[4.919030654864196, 5]
0.0	0	33.8761550053791	[1, 0]	141.24751785698172	[6.01132282799516, 5]
0.0	0	45.89918869651192	[1, 0]	137.3707326900398	[7.86103117350367, 5]
0.0	0	49.00617136612561	[1, 0]	89.72571769665387	[1.4286989661465412, 5]
0.0	0	33.58385889101471	[1, 0]	159.25380092838114	[2.3416119330729686, 5]
0.0	0	10.52497743171607	[1, 0]	156.78991454859994	[7.624664074600103, 5]
0.0	0	47.66378271478334	[2, 0]	161.37245088045358	[3.909372071516108, 5]
0.0	0	16.336098760978892	[2, 0]	91.12156697912744	[2.325894391916101, 5]
0.0	0	14.60911294036675	[2, 0]	115.27641216087035	[4.033420525729181, 5]
0.0	0	33.07643534724454	[1, 0]	113.3652087227778	[3.234223862495981, 5]
0.0	0	30.71092553625512	[2, 0]	99.39775512069109	[4.920914394266662, 5]
0.0	0	33.85826924400518	[2, 0]	171.83732361467614	[6.870501789922776, 5]
0.0	0	18.003164519215048	[2, 0]	97.51908620532348	[3.960857607167955, 5]
0.0	0	20.023243695538362	[1, 0]	113.15252121716901	[1.6995768606031414, 5]
0.0	0	20.609259377564037	[2, 0]	149.61449134463498	[4.563832631986748, 5]
0.0	0	15.183166417695194	[1, 0]	107.19711746925867	[3.9233240466066452, 5]
0.0	0	20.97581214989673	[1, 0]	157.56563727413135	[1.9082810428192263, 5]
0.0	0	39.112933521504736	[1, 0]	123.70402976555185	[7.557315819520232, 5]
0.0	0	22.02653865837416	[2, 0]	134.92702661879565	[3.772274246547988, 5]
0.0	0	44.14290424649429	[2, 0]	134.21142542664134	[5.3542891190006365, 5]
0.0	0	32.733917036879255	[1, 0]	91.80340728925667	[4.316269346306289, 5]
0.0	0	10.2888459280268	[1, 0]	116.09414669112667	[2.927511653510593, 5]
0.0	0	24.00234139739327	[2, 0]	142.2193146779875	[1.973657141085765, 5]
0.0	0	40.58960689978086	[2, 0]	103.3518861070124	[7.507540920444145, 5]
0.0	0	14.73040687531325	[2, 0]	107.96838623338573	[6.482137435524358, 5]
0.0	0	46.57362111402692	[2, 0]	177.6241146382401	[6.315282976028256, 5]
0.0	0	19.70850365914152	[1, 0]	135.5197268398354	[3.024236727157721, 5]
0.0	0	11.301110855103413	[2, 0]	170.41471515832131	[7.189498328694985, 5]
0.0	0	39.89948288850111	[1, 0]	116.54504883217353	[4.666118681652764, 5]
0.0	0	25.40569155083716	[2, 0]	113.20878069974287	[3.0216620154903873, 5]
0.0	0	21.94338807261506	[2, 0]	169.3394989398814	[1.605958541441701, 5]
0.0	0	20.967718480688195	[2, 0]	137.51950892322344	[4.007401571885089, 5]
0.0	0	29.384246300297228	[2, 0]	173.98465351106887	[6.90601087597741, 5]
0.0	0	28.7606097180567	[2, 0]	127.134647117277	[3.678881894757304, 5]
0.0	0	10.611560372230988	[2, 0]	111.27278102375861	[7.550782863468583, 5]
0.0	0	21.570177333873477	[1, 0]	109.73724586024295	[7.334829255979191, 5]
0.0	0	15.184869804073543	[1, 0]	124.86720435060718	[7.900316883497336, 5]
0.0	0	14.093451051698926	[1, 0]	121.42716714473568	[4.052976327578576, 5]
0.0	0	44.69206834462885	[2, 0]	116.08317812490003	[1.953675821635815, 5]
0.0	0	38.90939152020901	[2, 0]	128.89997636576632	[7.924822459499211, 5]
0.0	0	20.08157308682413	[1, 0]	133.22825733986616	[8.084445931646053, 5]
0.0	0	13.740630992024103	[1, 0]	119.01891284896828	[5.815053512585573, 5]
0.0	0	40.6958794518854	[1, 0]	178.83284023267754	[3.2442128199039955, 5]
0.0	0	40.94122185483538	[1, 0]	136.46622661299992	[3.3340805203774875, 5]
0.0	0	16.36102178403742	[1, 0]	121.66391895048878	[6.173413264531922, 5]
0.0	0	15.817939327480302	[2, 0]	122.85657660534646	[6.829056600883385, 5]
0.0	0	35.006389361126296	[1, 0]	114.88533643305307	[4.166638710813247, 5]
0.0	0	45.7378771934815	[2, 0]	172.2865323775709	[7.013973518186923, 5]
0.0	0	48.72851906241734	[1, 0]	89.07313188516876	[1.824828844169597, 5]
0.0	0	27.02371182387016	[2, 0]	131.12897141423633	[1.6551889693241124, 5]
0.0	0	14.649893327597608	[1, 0]	139.48868327217968	[5.636395596139993, 5]
0.0	0	46.77677724193841	[1, 0]	109.47494789739	[7.8342186759996, 5]
0.0	0	41.99107545320003	[2, 0]	161.21002333977634	[3.942172123094435, 5]
0.0	0	39.12837049566334	[1, 0]	98.56408882585916	[6.900561115837344, 5]
0.0	0	43.87098443356087	[2, 0]	106.69501103181591	[4.6435681971446785, 5]
0.0	0	47.090814271862286	[2, 0]	144.7722871322852	[7.963953552549758, 5]
0.0	0	14.51722639442117	[2, 0]	178.55422067172805	[7.3294693445935, 5]
0.0	0	23.391592292252234	[2, 0]	153.91972837939898	[7.104719325232052, 5]
0.0	0	17.288828261272073	[2, 0]	132.372404538178	[6.161096359058766, 5]
0.0	0	41.996848125699636	[2, 0]	108.35070240103875	[7.960029300738774, 5]
0.0	0	38.08327163204906	[1, 0]	106.00004995635531	[6.467777963286134, 5]
0.0	0	39.23621804841949	[2, 0]	168.8114404384429	[6.199350952886688, 5]
0.0	0	47.526836634422615	[1, 0]	156.8862541750824	[4.7334439153087216, 5]
0.0	0	20.54286995490928	[1, 0]	92.19847704477098	[5.358851842668103, 5]
0.0	0	37.37356228259396	[1, 0]	113.326340652669	[3.3347109802744046, 5]
0.0	0	33.55649841674631	[2, 0]	116.47491367294108	[7.540357933263924, 5]
0.0	0	38.718193809744506	[1, 0]	173.54225704165415	[4.691127068195786, 5]
0.0	0	25.556865486726792	[1, 0]	123.53041491589559	[7.1813197153239, 5]
0.0	0	49.19585400036178	[2, 0]	123.2970814252943	[1.9754925607604916, 5]
0.0	0	21.85939461559144	[1, 0]	119.35178283056206	[7.7645923686237195, 5]
0.0	0	22.166866384683622	[2, 0]	99.91036552215557	[7.365153676604143, 5]
0.0	0	24.961031413280374	[2, 0]	108.94912701177338	[6.404403561802137, 5]
0.0	0	26.03707787992593	[2, 0]	164.81748347851493	[6.223965596058705, 5]
0.0	0	36.31294411456611	[2, 0]	165.39607165535693	[2.214911163213307, 5]
0.0	0	26.03644854032437	[1, 0]	112.38902003408946	[4.623503258371348, 5]
0.0	0	26.1225359936482	[1, 0]	124.74360995083649	[3.0244649457281834, 5]
0.0	0	17.08895681427052	[2, 0]	98.55899167102305	[5.3596833733626115, 5]
0.0	0	29.448713438308232	[2, 0]	128.15281858011815	[1.9100700025641595, 5]
0.0	0	16.47008608703738	[2, 0]	137.22704294130702	[1.6410264420576153, 5]
0.0	0	49.739521912599784	[1, 0]	171.31735850750044	[2.161451056020368, 5]
0.0	0	17.865773504507256	[2, 0]	123.76102121473778	[2.778172260415297, 5]
0.0	0	47.232031060219676	[1, 0]	170.1109763703954	[3.9563667508142037, 5]
0.0	0	26.089846972671197	[1, 0]	116.57083590325172	[8.066541038274346, 5]
0.0	0	20.898463968173772	[1, 0]	162.25715251781568	[3.631463659769918, 5]
0.0	0	31.596515995772275	[2, 0]	149.89068662661205	[3.4684625069920423, 5]
0.0	0	32.91683183011573	[1, 0]	155.18612427119496	[2.038459466222434, 5]
0.0	0	35.240884730253846	[1, 0]	157.7462967473476	[6.314597248915708, 5]
0.0	0	24.75092057206087	[1, 0]	95.60435412053485	[4.579476990442944, 5]
0.0	0	32.99086647436139	[2, 0]	93.64488606397221	[6.503691480747905, 5]
0.0	0	49.67850435471132	[1, 0]	133.46175562612166	[6.240182382294985, 5]
0.0	0	13.34097578773722	[1, 0]	163.65592614873398	[4.4852278686956275, 5]
0.0	0	34.213162867590086	[1, 0]	165.56741110767223	[6.779105145541008, 5]
0.0	0	12.907204931559274	[1, 0]	155.905514676447	[6.509376487125126, 5]
0.0	0	37.81649723855381	[2, 0]	110.34441939501383	[4.938026011680247, 5]
0.0	0	39.14734422403189	[2, 0]	131.15101446777436	[4.4315508354247575, 5]
0.0	0	18.05332644980686	[1, 0]	165.5742125988512	[4.2175874934828315, 5]
0.0	0	40.506066704731005	[1, 0]	123.17463479407722	[2.032298137152092, 5]
0.0	0	46.533761897231145	[2, 0]	100.46144786274385	[6.534142847424334, 5]
0.0	0	36.95405646566906	[2, 0]	111.23921066980256	[6.210503285192785, 5]
0.0	0	45.327046890702526	[1, 0]	120.90302745034035	[6.437364236537586, 5]
0.0	0	16.180955748290312	[1, 0]	159.3484775737162	[6.722316567935887, 5]
0.0	0	33.81537392918067	[2, 0]	121.46045289199866	[8.109309276536756, 5]
0.0	0	20.697238629876562	[2, 0]	142.14775409351313	[8.326279986449682, 5]
0.0	0	40.67218912588462	[1, 0]	132.6406728791947	[5.275901226196949, 5]
0.0	0	45.9169158800063	[2, 0]	113.02584665458676	[2.545860311673214, 5]
0.0	0	15.543443834456578	[1, 0]	125.40996779337684	[3.90787305121461, 5]
0.0	0	16.549838126802623	[1, 0]	98.30295875891039	[5.206352631316323, 5]
0.0	0	35.76623559383849	[2, 0]	151.6285362448457	[2.4626490274392525, 5]
0.0	0	29.23489367379223	[1, 0]	95.7838170977819	[3.1550622119684237, 5]
0.0	0	33.79613066176869	[1, 0]	123.78546058399257	[5.896573297715494, 5]
0.0	0	22.567572253685107	[1, 0]	160.44711970020614	[2.2223951704798295, 5]
0.0	0	13.64380156028466	[1, 0]	164.0819879644629	[2.4919177084594244, 5]
0.0	0	42.63524460618382	[1, 0]	130.62696873710206	[7.212309078564512, 5]
0.0	0	34.94079190513028	[1, 0]	151.5362945306299	[1.6003274566156909, 5]
0.0	0	40.874629826459426	[2, 0]	174.05616239009927	[4.4169408654923865, 5]
0.0	0	21.061352055109843	[1, 0]	163.72082492939643	[7.181377262753779, 5]
0.0	0	32.256593625510234	[2, 0]	104.38803992968127	[5.5207729301643935, 5]
0.0	0	25.5506497439534	[1, 0]	93.07020213997743	[7.395142498489624, 5]
0.0	0	13.669505178907237	[1, 0]	138.93272963598275	[3.23181828658371, 5]
0.0	0	40.79025519915561	[2, 0]	107.33647648637407	[1.8381268488908553, 5]
0.0	0	34.86774238902206	[2, 0]	98.2275007602999	[1.6264585964495486, 5]
0.0	0	24.42686820792348	[2, 0]	166.91749727179945	[6.3132583984907376, 5]
0.0	0	26.87335116742341	[2, 0]	91.41235679778315	[4.578092092000109, 5]
0.0	0	19.948215319147945	[1, 0]	138.1171660348678	[8.042716156171494, 5]
0.0	0	10.403791358289018	[2, 0]	167.7708770371478	[3.568698646290727, 5]
0.0	0	36.70174664542012	[2, 0]	99.29270337267138	[4.298267477017254, 5]
0.0	0	33.48609831619772	[1, 0]	148.70047614166904	[5.670740422332479, 5]
0.0	0	38.66436972946922	[2, 0]	89.64107953820665	[5.7340746111308105, 5]
0.0	0	11.812104967148397	[2, 0]	100.17649687802873	[4.16243217583031, 5]
0.0	0	36.71284595705626	[2, 0]	174.00939174340255	[3.723158765247345, 5]
0.0	0	31.66263154881971	[1, 0]	90.87817175226681	[4.110937770998707, 5]
0.0	0	47.77332631606278	[1, 0]	92.4668974946286	[7.901344570800797, 5]
0.0	0	42.65994572565172	[2, 0]	176.01016726017434	[1.6063773196974784, 5]
0.0	0	24.994259304901682	[1, 0]	89.07657480188033	[8.30697312880152, 5]
0.0	0	14.016166298307894	[2, 0]	109.65022685345981	[6.458916369726593, 5]
0.0	0	17.895370526100606	[1, 0]	94.26592775733985	[3.7121565761765147, 5]
0.0	0	45.94753271497014	[2, 0]	112.8948188213372	[2.387910423904267, 5]
0.0	0	19.230711480878394	[1, 0]	166.61599424869894	[4.886813907804439, 5]
0.0	0	16.65277719795441	[2, 0]	163.00001163565616	[6.981684028756686, 5]
0.0	0	39.54282643412914	[1, 0]	94.50195309087673	[4.6906937080207385, 5]
0.0	0	30.160118366547362	[1, 0]	160.88676034300272	[8.186892081685304, 5]
0.0	0	26.489845112594278	[1, 0]	175.50792274959906	[3.329283218561252, 5]
0.0	0	32.68758905793942	[2, 0]	119.91621043255145	[2.4000529094829237, 5]
0.0	0	10.869711426940455	[2, 0]	146.00877926823068	[4.887691650317215, 5]
0.0	0	34.96422077488219	[1, 0]	121.77188847132965	[5.233552277048621, 5]
0.0	0	26.494813515195652	[1, 0]	166.05529702406304	[8.229772273266537, 5]
0.0	0	11.417712910225715	[2, 0]	142.89744989462548	[2.113770577556696, 5]
0.0	0	28.458191993976097	[1, 0]	164.34230840537992	[1.9928339896378644, 5]
0.0	0	16.906082385554214	[1, 0]	172.3165411178492	[3.596791432403521, 5]
0.0	0	32.759329487660594	[1, 0]	172.86334125564792	[8.24053584444769, 5]
0.0	0	32.76679405461553	[2, 0]	129.93593847494668	[5.190142528570646, 5]
0.0	0	27.282615423020932	[2, 0]	162.43999135318566	[7.5306835547747975, 5]
0.0	0	16.689120016602352	[1, 0]	118.66169239547548	[4.820072980209492, 5]
0.0	0	18.78043363118249	[2, 0]	111.39177409685183	[2.471316531266965, 5]
0.0	0	41.79416394468455	[1, 0]	141.39643334215089	[7.042983408732331, 5]
0.0	0	13.54941788988626	[2, 0]	173.87370935282357	[2.4264267663935564, 5]
0.0	0	23.651025072312798	[1, 0]	166.51968362790552	[2.303247037994065, 5]
0.0	0	43.90620658496033	[2, 0]	136.73551360914695	[5.682784811250528, 5]
0.0	0	28.69723290996056	[1, 0]	116.02071174049689	[4.271482426010644, 5]
0.0	0	29.928010160170867	[1, 0]	168.69338594706016	[6.246093610717649, 5]
0.0	0	46.60620899032395	[2, 0]	150.07431960373495	[3.92251753306705, 5]
0.0	0	26.751581960684153	[2, 0]	159.38481074883043	[4.9076018786144555, 5]
0.0	0	29.505928966386126	[1, 0]	163.49230888778425	[1.7976089678937255, 5]
0.0	0	29.183145042417532	[1, 0]	150.94742124151958	[3.5934110872947715, 5]
0.0	0	20.26879270258535	[2, 0]	166.4129214751287	[7.386233358274681, 5]
0.0	0	48.85355715029603	[1, 0]	125.96657880344549	[7.67926834300498, 5]
0.0	0	20.84948120737021	[2, 0]	148.73214842732762	[1.4855182841961467, 5]
0.0	0	49.78350557772287	[1, 0]	160.02296126861597	[2.1310323904580786, 5]
0.0	0	32.00836194668227	[1, 0]	162.32317011111047	[5.559834670995717, 5]
0.0	0	16.559476256031825	[1, 0]	139.0450642718798	[8.033345662676428, 5]
0.0	0	37.02757233724078	[1, 0]	165.96720104849686	[2.752301890152449, 5]
0.0	0	33.862500379892495	[2, 0]	115.84628225013336	[6.668143193591317, 5]
0.0	0	11.035335608852211	[2, 0]	164.9671952318736	[4.114732049399543, 5]
0.0	0	35.82318586924242	[1, 0]	130.85399004514582	[4.936320514383694, 5]
0.0	0	46.19049609790589	[2, 0]	118.02710965780136	[2.424190833854625, 5]
0.0	0	28.059918445925565	[1, 0]	91.42493653683299	[2.1875692177343566, 5]
0.0	0	33.343254170367516	[1, 0]	178.16613645331608	[6.547722654824964, 5]
0.0	0	18.110680412706632	[1, 0]	102.897684673267	[2.474798726441892, 5]
0.0	0	37.528554203465525	[2, 0]	172.56340983580296	[5.568742816206689, 5]
0.0	0	33.60410621944209	[1, 0]	173.4796068103533	[5.307741463405847, 5]
0.0	0	19.841514814728317	[1, 0]	108.55190990805322	[5.994447289617124, 5]
0.0	0	39.81902280044468	[1, 0]	169.2872559419041	[5.406582578187531, 5]
0.0	0	48.866800047167516	[2, 0]	146.4421451284433	[3.001991847727181, 5]
0.0	0	47.346106466881366	[1, 0]	165.76215206778173	[1.592424680910626, 5]
0.0	0	31.197489379306226	[2, 0]	92.11296482425251	[3.7593693078146178, 5]
0.0	0	32.94990123773755	[2, 0]	115.96080187418798	[3.9599127094002227, 5]
0.0	0	43.72907690087512	[2, 0]	174.4829759816496	[2.667513949282786, 5]
0.0	0	15.3842435914696	[2, 0]	166.48252848316244	[1.882209815313276, 5]
0.0	0	43.791505749115316	[1, 0]	154.2403425138127	[6.126381571274581, 5]
0.0	0	13.458097845598525	[2, 0]	160.7651749452049	[4.657673993802849, 5]
0.0	0	20.79395874129842	[2, 0]	113.40365837867677	[1.8565078163742321, 5]
0.0	0	26.312586826566562	[1, 0]	103.62685319015058	[5.8547563350893, 5]
0.0	0	38.02742435095917	[1, 0]	165.9255863979588	[5.254974837485854, 5]
0.0	0	46.20338785940233	[2, 0]	156.33061842486933	[7.051081759575893, 5]
0.0	0	10.800613343069653	[1, 0]	134.37511059709948	[6.923785467455504, 5]
0.0	0	42.146498050322144	[1, 0]	128.6093320624015	[6.433286601766994, 5]
0.0	0	38.900696010812766	[2, 0]	124.52222727672982	[4.060666006618572, 5]
0.0	0	27.64297471190323	[1, 0]	89.22094960864146	[5.404392386609773, 5]
0.0	0	15.346814150068461	[2, 0]	127.14729615751936	[1.9867138620153155, 5]
0.0	0	28.918643205818853	[2, 0]	107.92739179395815	[1.9571790067125192, 5]
0.0	0	11.685222729069602	[2, 0]	115.96047063952187	[5.998975079481554, 5]
0.0	0	45.73619083555562	[1, 0]	156.58905662042292	[7.423906545409241, 5]
0.0	0	21.835662467969524	[1, 0]	128.98483896185724	[5.485287929083495, 5]
0.0	0	16.84208149757805	[1, 0]	137.93983174100805	[1.9844061406485152, 5]
0.0	0	10.112385057935448	[2, 0]	177.55228792939474	[5.4602843278190125, 5]
0.0	0	14.721525069944883	[2, 0]	89.02182480215873	[2.9708347188578403, 5]
0.0	0	11.945553659433907	[2, 0]	126.31464907659594	[4.77303338935088, 5]
0.0	0	31.144435911407957	[1, 0]	94.37516456324057	[2.1605400038484106, 5]
0.0	0	35.26978930622195	[1, 0]	166.04949766149957	[2.461738171136601, 5]
0.0	0	49.80906926370453	[2, 0]	119.92704140107418	[7.083225243436816, 5]
0.0	0	29.83210666890784	[1, 0]	139.21458647094744	[6.749706649294765, 5]
0.0	0	43.91989503338476	[2, 0]	138.75540634538257	[7.837830250072288, 5]
0.0	0	48.55784977799358	[2, 0]	95.01780028907665	[8.150107927549294, 5]
0.0	0	23.791427644318635	[2, 0]	105.69913087664487	[2.7906577015238776, 5]
0.0	0	32.26336909506212	[1, 0]	141.55252591256345	[1.4415802912216513, 5]
0.0	0	20.937980249282475	[2, 0]	141.19002009842265	[6.662686885523192, 5]
0.0	0	30.927893900026145	[1, 0]	107.66701013841055	[3.3876072961421513, 5]
0.0	0	10.973281190801238	[1, 0]	165.74123632273472	[3.3155668313223163, 5]
0.0	0	32.21927736602942	[2, 0]	157.6384554216931	[1.6715525031630862, 5]
0.0	0	46.187037552012605	[2, 0]	169.29381826649353	[2.15780278192455, 5]
0.0	0	17.02379257396359	[2, 0]	147.88361428722422	[2.8653247986636465, 5]
0.0	0	14.680033395778514	[1, 0]	141.7975825124534	[2.257831777697425, 5]
0.0	0	13.837314579440823	[1, 0]	163.66514073706486	[3.5972518021874924, 5]
0.0	0	20.04651431262088	[2, 0]	178.46304124789043	[7.101576328616058, 5]
0.0	0	19.8645322793497	[2, 0]	89.73053391421537	[1.9081228563036525, 5]
0.0	0	45.878585057031685	[2, 0]	104.4746113361695	[4.2190121175251685, 5]
0.0	0	14.651615869839963	[1, 0]	177.8350340918755	[5.90738743140176, 5]
0.0	0	42.18686510089261	[1, 0]	140.6975187133164	[7.622242818239017, 5]
0.0	0	45.3345974857001	[2, 0]	101.12821189580352	[7.847222831787519, 5]
0.0	0	23.497000391001784	[2, 0]	171.54897148427756	[5.658603788452216, 5]
0.0	0	20.84205860384789	[1, 0]	104.82526836109398	[1.5795477806762206, 5]
0.0	0	12.75175872972917	[2, 0]	162.1329832422013	[2.399086031422981, 5]
0.0	0	21.25844832877132	[2, 0]	124.76337239456683	[5.0592668738134545, 5]
0.0	0	43.239080821483	[1, 0]	107.79060869803394	[6.00550762482735, 5]
0.0	0	23.46877349601914	[1, 0]	176.5734625898312	[5.861452829234687, 5]
0.0	0	41.85278669512685	[2, 0]	164.7436070747072	[2.944436919122816, 5]
0.0	0	12.518644986095978	[1, 0]	144.46451851674377	[6.404242377498648, 5]
0.0	0	16.128811172397775	[2, 0]	130.3397374292667	[3.8804800605606666, 5]
0.0	0	41.982350430788436	[1, 0]	135.18977522932454	[7.188088019463937, 5]
0.0	0	30.586538474712395	[2, 0]	146.46685024110195	[5.123053906115941, 5]
0.0	0	38.361113067430544	[2, 0]	154.37226130927317	[6.426608381519929, 5]
0.0	0	46.75705730310633	[2, 0]	120.36943812890917	[6.255251972900945, 5]
0.0	0	30.514437595902706	[2, 0]	96.28500002642154	[5.734756659930003, 5]
0.0	0	42.642890011611826	[2, 0]	106.53397539591288	[2.837323348988391, 5]
0.0	0	39.503998834834924	[1, 0]	157.7161621072745	[5.6847677377520105, 5]
0.0	0	36.97970969480217	[1, 0]	176.16581142123994	[3.603562298918783, 5]
0.0	0	48.156319839759306	[2, 0]	133.54819976241637	[3.0935903151122295, 5]
0.0	0	34.52431425584182	[2, 0]	157.05948206499014	[6.763502519613885, 5]
0.0	0	11.696871152429487	[2, 0]	159.37111416349214	[2.125524119183644, 5]
0.0	0	16.495470060838432	[2, 0]	169.15610563596778	[4.688577889542913, 5]
0.0	0	32.58347013816156	[1, 0]	132.44431963236764	[2.995474482789928, 5]
0.0	0	24.12608794613309	[1, 0]	159.72550019124677	[1.9436464621630956, 5]
0.0	0	35.28958515410262	[1, 0]	177.49202081683984	[1.4458009042742186, 5]
0.0	0	33.80300652069856	[2, 0]	111.00426157205608	[6.753430775263994, 5]
0.0	0	39.09611522604924	[2, 0]	93.99397351753939	[8.25612570667498, 5]
0.0	0	28.901442328923793	[2, 0]	124.36299719083252	[7.07142813282052, 5]
0.0	0	21.312379644141423	[1, 0]	157.36411959527453	[5.6811448836911795, 5]
0.0	0	14.561768319401045	[2, 0]	100.46026253646646	[5.881405428544952, 5]
0.0	0	43.32514104930674	[2, 0]	149.35094936591338	[6.688718690001995, 5]
0.0	0	34.62952449956301	[2, 0]	157.95032810749103	[5.255119393327463, 5]
0.0	0	34.09453708451837	[1, 0]	156.99348955104892	[2.095355891528887, 5]
0.0	0	48.89461021970737	[1, 0]	136.99899243298847	[7.153864073178013, 5]
0.0	0	43.12695282979836	[2, 0]	125.99172494798327	[4.394630085252745, 5]
0.0	0	36.8605141780222	[1, 0]	92.31627156540505	[7.831471869274978, 5]
0.0	0	17.075617914663724	[2, 0]	125.49449485715607	[3.1852175737653847, 5]
0.0	0	48.981766924328824	[1, 0]	156.2135199781307	[4.062494533552026, 5]
0.0	0	18.270409636949285	[1, 0]	149.44871524110656	[8.279606101308977, 5]
0.0	0	33.910297302255344	[1, 0]	175.96039014272355	[7.342456554791569, 5]
0.0	0	17.17294960731232	[2, 0]	110.82379557973573	[2.1151929824906883, 5]
0.0	0	14.492036116112157	[2, 0]	100.73611036535102	[4.6246026115046615, 5]
0.0	0	20.092440028900885	[1, 0]	126.9953741224049	[3.524016650683929, 5]
0.0	0	22.634338963903566	[2, 0]	94.9290305290975	[2.7862947181811304, 5]
0.0	0	37.920837246627606	[2, 0]	175.50063835763697	[6.910392679496655, 5]
0.0	0	35.41694537702459	[2, 0]	91.7320804615704	[2.8411905688315415, 5]
0.0	0	14.905781321899315	[1, 0]	173.25593518747166	[3.3419272982076267, 5]
0.0	0	18.187398081272228	[2, 0]	99.95263861546296	[2.478360116981638, 5]
0.0	0	13.608293768937527	[1, 0]	114.0930453244491	[4.506843318032663, 5]
0.0	0	29.841159485569808	[2, 0]	177.57513878828019	[2.597376301263957, 5]
0.0	0	47.72845611765111	[2, 0]	116.09401070724432	[5.959131043888875, 5]
0.0	0	22.19667422353705	[1, 0]	108.9305967427433	[3.500290624323695, 5]
0.0	0	22.304408731136473	[2, 0]	96.9667160478544	[7.01648586053901, 5]
0.0	0	31.043929829668734	[1, 0]	110.00577694410654	[2.749121038923667, 5]
0.0	0	32.37913843214527	[2, 0]	122.20491658504265	[6.508852010122126, 5]
0.0	0	10.165856048293564	[2, 0]	131.21418308374592	[1.845045150314854, 5]
0.0	0	14.347603961390712	[2, 0]	96.49746653091262	[5.882262604849212, 5]
0.0	0	24.50198505176831	[2, 0]	99.3201631073944	[6.342579672806997, 5]
0.0	0	15.029921837733747	[2, 0]	92.57319850756329	[1.40781551502281, 5]
0.0	0	16.381373244750876	[1, 0]	129.79037146984925	[4.4861657934091035, 5]
0.0	0	32.21124377180199	[1, 0]	107.90734530214233	[7.25292889415286, 5]
0.0	0	36.70762983914421	[2, 0]	97.26178802039676	[1.5422202206335196, 5]
0.0	0	14.608524781345707	[2, 0]	164.7331519849108	[2.937735703083148, 5]
0.0	0	24.97531478409614	[2, 0]	147.85645039719765	[1.4702593588387154, 5]
0.0	0	17.338789096029284	[1, 0]	174.4523367055508	[5.036633626315224, 5]
0.0	0	49.19103979718932	[1, 0]	135.81218567139697	[3.222780856994754, 5]
0.0	0	18.20169063809474	[2, 0]	171.61018302000923	[7.840510383995165, 5]
0.0	0	18.421320655887076	[2, 0]	108.86308639145565	[5.556533667534445, 5]
0.0	0	33.076305509231815	[2, 0]	99.63945803205016	[3.785148902796335, 5]
0.0	0	21.65991395843261	[1, 0]	144.5289448183916	[8.105150369931831, 5]
0.0	0	30.956971166522546	[1, 0]	178.5774912348058	[5.447549999297312, 5]
0.0	0	30.176752315377314	[1, 0]	103.30000729925007	[3.9552688319922495, 5]
0.0	0	26.770098839810654	[2, 0]	90.95015194013538	[6.116119514057494, 5]
0.0	0	30.90928467142195	[1, 0]	135.14171649057874	[2.913563911070252, 5]
0.0	0	22.895411060745413	[1, 0]	96.05493996490002	[6.156225626881866, 5]
0.0	0	28.270851744633212	[2, 0]	101.76252243299689	[4.314244749084822, 5]
0.0	0	16.845844948278796	[1, 0]	119.15525676338356	[4.139972396966788, 5]
0.0	0	27.412464663224572	[1, 0]	170.62153199916602	[6.574575088708035, 5]
0.0	0	48.343738056955736	[2, 0]	167.11538615533846	[1.9579611469685876, 5]
0.0	0	28.43403410431458	[1, 0]	114.54689290089378	[4.743420639553781, 5]
0.0	0	35.80445938547027	[1, 0]	98.17746816665552	[2.496789841923985, 5]
0.0	0	40.950572763654506	[1, 0]	116.07567395162434	[4.727596604180404, 5]
0.0	0	43.303014108394514	[1, 0]	122.97132286637842	[1.51479795394521, 5]
0.0	0	44.11089753316363	[1, 0]	161.69825257001366	[7.379895597837203, 5]
0.0	0	23.395018286644387	[1, 0]	113.60369085421709	[3.1796614643640693, 5]
0.0	0	44.53881168789223	[1, 0]	152.59856567476035	[1.6702385297413636, 5]
0.0	0	18.48274582348194	[1, 0]	155.62776457737837	[1.5945600210547435, 5]
0.0	0	29.253929081952432	[2, 0]	130.293006076582	[5.340677021723957, 5]
0.0	0	45.02991491077354	[1, 0]	93.60183824467725	[3.6302511041682766, 5]
0.0	0	36.00096497147953	[1, 0]	170.60964773957227	[3.7814563405231034, 5]
0.0	0	45.469765011536275	[1, 0]	129.92157327485077	[7.34065895397911, 5]
0.0	0	22.950703185582796	[2, 0]	114.98724325695565	[4.26374590597414, 5]
0.0	0	11.53188959852395	[1, 0]	111.77687932053277	[6.721290970585157, 5]
0.0	0	25.308469820046962	[2, 0]	99.75770548078738	[1.8191512691213771, 5]
0.0	0	11.830504429849784	[2, 0]	94.38528620705456	[5.475137803685531, 5]
0.0	0	26.788199488677655	[1, 0]	97.83385321157802	[2.35209352275609, 5]
0.0	0	35.113937046543434	[1, 0]	111.6206686028972	[7.436150448238448, 5]
0.0	0	31.6323415201384	[1, 0]	118.77033774340403	[1.4427312827148493, 5]
0.0	0	13.29791514932769	[1, 0]	137.3613400067872	[8.299214006033901, 5]
0.0	0	44.01470723107355	[1, 0]	151.0045893229049	[5.067681588497037, 5]
0.0	0	23.79853801581379	[1, 0]	98.2051318488324	[3.3991850717371737, 5]
0.0	0	37.30957428775795	[2, 0]	164.99441241567152	[7.5524935888452935, 5]
0.0	0	28.2421717469207	[1, 0]	117.50726353583372	[2.997732086599054, 5]
0.0	0	40.43611593047751	[2, 0]	106.57111577947863	[1.729109778176048, 5]
0.0	0	33.193378237793134	[2, 0]	89.25610860797521	[4.024064142325295, 5]
0.0	0	20.202118139589736	[1, 0]	163.7733744200802	[5.154185962665917, 5]
0.0	0	47.24323462256333	[2, 0]	114.28421091925804	[2.2039710307261378, 5]
0.0	0	45.702663772141385	[2, 0]	136.27237959770036	[8.063102497433372, 5]
0.0	0	38.801767736981596	[2, 0]	150.18767963228098	[1.7626119670758986, 5]
0.0	0	19.31621493526109	[1, 0]	145.3610607009756	[8.056595253166961, 5]
0.0	0	48.318215668974595	[1, 0]	133.3585991354723	[5.186912695869248, 5]
0.0	0	47.614155441521994	[2, 0]	177.66230300280137	[7.902994989646666, 5]
0.0	0	11.993455144398979	[2, 0]	95.94493036006406	[2.9367644848461922, 5]
0.0	0	35.877876738807764	[2, 0]	135.58963069160964	[5.288446957388823, 5]
0.0	0	26.47353045266149	[2, 0]	164.9440481782802	[8.039902756099234, 5]
0.0	0	24.14530977479021	[1, 0]	107.59841233283935	[4.392480730354625, 5]
0.0	0	48.321563698152715	[2, 0]	100.51826875141951	[1.689673770014293, 5]
0.0	0	22.44585567726287	[2, 0]	154.21061598353384	[6.022302919089947, 5]
0.0	0	29.883533324314765	[1, 0]	119.08603058835504	[7.434606638584993, 5]
0.0	0	40.6122141109521	[1, 0]	100.00136333060867	[7.8225117578887895, 5]
0.0	0	11.302826810395825	[1, 0]	129.2721974502476	[3.659642973659967, 5]
0.0	0	25.37886194533359	[2, 0]	168.27965441807265	[5.010315497391055, 5]
0.0	0	17.776419713687226	[2, 0]	159.80370572728123	[4.324473138970403, 5]
0.0	0	19.803819758588176	[2, 0]	140.28906920807137	[1.6503538947094598, 5]
0.0	0	45.57609910074846	[1, 0]	155.9477963838535	[7.1278173584956965, 5]
0.0	0	21.364239999235544	[2, 0]	120.81327975999235	[5.102022600477039, 5]
0.0	0	33.595498320443944	[2, 0]	109.34792857726121	[5.474004413770737, 5]
0.0	0	16.158283150820814	[2, 0]	162.11617290358004	[4.838626274227441, 5]
0.0	0	35.73911657690336	[2, 0]	111.10965155627079	[1.7644647033212646, 5]
0.0	0	21.4104164052889	[2, 0]	167.0061644648348	[6.2318800441879025, 5]
0.0	0	21.05697212445948	[1, 0]	128.14873048189827	[2.0455642179114983, 5]
0.0	0	35.97055057068193	[2, 0]	100.25406488052099	[6.290152746408704, 5]
0.0	0	33.38034748984596	[2, 0]	104.30705852895335	[2.0640129580378224, 5]
0.0	0	11.740623693770733	[1, 0]	96.88286352383534	[1.6415495695974043, 5]
0.0	0	39.82030678700319	[2, 0]	143.32470216149432	[1.6662222085950755, 5]
0.0	0	17.898145168674837	[2, 0]	141.69894455275386	[2.1956178477314108, 5]
0.0	0	47.93354583244495	[2, 0]	167.70039310152487	[4.343295581298443, 5]
0.0	0	47.100871559893825	[1, 0]	119.97307380978633	[1.849621951298955, 5]
0.0	0	13.797682231029272	[1, 0]	98.15607427575208	[2.3253970017436942, 5]
0.0	0	30.267269337190417	[1, 0]	167.45210176722793	[6.155126065828618, 5]
0.0	0	17.29580529452534	[2, 0]	103.58331875594672	[7.82120405989223, 5]
0.0	0	28.56494690460903	[1, 0]	106.47107371880561	[1.4306663655709875, 5]
0.0	0	11.873019958596657	[2, 0]	142.74024368171922	[4.437424396767161, 5]
0.0	0	37.68923094137699	[1, 0]	117.98184103104646	[5.370306253148223, 5]
0.0	0	22.993661035310954	[1, 0]	124.41443643021833	[4.337381919242282, 5]
0.0	0	20.83268576525712	[2, 0]	148.2946296335919	[7.158996107035816, 5]
0.0	0	30.54918886507188	[2, 0]	104.14679853321648	[2.675746138662833, 5]
0.0	0	34.87484338066744	[1, 0]	144.27887168898434	[6.8903318981419694, 5]
0.0	0	41.9060375436954	[2, 0]	161.28033431909944	[5.30471373921329, 5]
0.0	0	45.21663177341842	[1, 0]	120.82416557891605	[7.939880762465216, 5]
0.0	0	26.47757053597418	[2, 0]	146.78222359931652	[5.508025378597107, 5]
0.0	0	15.450245809658725	[1, 0]	148.24522053300754	[7.237648211972342, 5]
0.0	0	24.494762691321743	[2, 0]	131.9281822488897	[6.60196349924716, 5]
0.0	0	18.176949513862063	[1, 0]	153.43470605250434	[1.7821164881891434, 5]
0.0	0	15.788424935030504	[1, 0]	160.2231261022203	[1.7572832382019985, 5]
0.0	0	36.94726956748812	[1, 0]	94.5079227322945	[7.346591020301198, 5]
0.0	0	29.06057412093725	[1, 0]	148.12255850216707	[3.979971002773789, 5]
0.0	0	29.90939886859011	[2, 0]	127.9720465019858	[1.9819842415938456, 5]
0.0	0	36.12999166353344	[2, 0]	128.16440482103127	[1.7532130333994298, 5]
0.0	0	35.936528738313555	[2, 0]	177.15693552954968	[2.5323475542772638, 5]
0.0	0	43.15455334842232	[1, 0]	169.33320573009067	[7.984609909454399, 5]
0.0	0	20.279353078789182	[1, 0]	107.3895758733726	[8.158415103628487, 5]
0.0	0	29.970388106193624	[2, 0]	105.75367218413687	[5.076677979731525, 5]
0.0	0	25.57613303220817	[1, 0]	106.31189340231658	[2.6605809532320013, 5]
0.0	0	16.086529527327137	[2, 0]	166.64683783352098	[5.669440155825049, 5]
0.0	0	49.69476702687382	[1, 0]	171.69152805382788	[3.193838511710125, 5]
0.0	0	44.24671329557008	[2, 0]	151.87624891255172	[4.172295834550966, 5]
0.0	0	35.96961744824378	[2, 0]	155.5294928200516	[7.4187090664699795, 5]
0.0	0	38.588042587523276	[1, 0]	157.69026260611548	[1.6870252404920796, 5]
0.0	0	48.59628508688859	[1, 0]	105.97059410272234	[4.947439582690354, 5]
0.0	0	38.129039687689925	[2, 0]	125.73298090101238	[3.072144157760814, 5]
0.0	0	28.442911943309753	[2, 0]	160.03806277031518	[2.73943396905206, 5]
0.0	0	38.47005824745518	[1, 0]	146.18345713289193	[5.329293103654323, 5]
0.0	0	46.94171945592008	[1, 0]	162.67107421635387	[1.5406399623504377, 5]
0.0	0	29.292851201939406	[1, 0]	149.9652311196698	[5.716497836209219, 5]
0.0	0	17.366135560318973	[1, 0]	171.4758255731036	[6.353756613315222, 5]
0.0	0	21.69010058607303	[1, 0]	142.55215462231254	[3.017515948019096, 5]
0.0	0	37.63089524952413	[1, 0]	119.52023343704654	[1.9853517124970004, 5]
0.0	0	29.711599912803873	[1, 0]	112.05720204400052	[1.8095543912468643, 5]
0.0	0	27.17323835239527	[2, 0]	151.1729453820324	[5.759332092041778, 5]
0.0	0	20.97668794403523	[1, 0]	127.71725135398589	[4.972320439183613, 5]
0.0	0	22.600926496339937	[2, 0]	101.48012498742553	[4.084235780578633, 5]
0.0	0	38.206539423350605	[2, 0]	132.8349073791202	[7.351544760931108, 5]
0.0	0	13.692020425333126	[1, 0]	99.72170899643827	[4.502103973915768, 5]
0.0	0	42.45265048977285	[2, 0]	147.19595789480132	[6.934723321608549, 5]
0.0	0	40.79311197313057	[2, 0]	105.78548663523722	[6.271939785033691, 5]
0.0	0	35.411723563434215	[1, 0]	137.9457174938847	[3.3571245459172894, 5]
0.0	0	17.092165252256205	[1, 0]	142.3277913978825	[2.1372742273852006, 5]
0.0	0	30.74948248491207	[1, 0]	94.06732367202555	[7.957957272030169, 5]
0.0	0	10.709309105965527	[1, 0]	111.5196623909665	[4.688526424521734, 5]
0.0	0	36.36580582196514	[2, 0]	175.4160780602092	[1.8946720660580028, 5]
0.0	0	41.20816070418944	[2, 0]	131.8865801017313	[5.417070860469069, 5]
0.0	0	39.920594276972345	[1, 0]	104.29802001728503	[3.3641631704388284, 5]
0.0	0	12.406481183034158	[1, 0]	95.31700588526665	[6.315412488931805, 5]
0.0	0	38.45961404118793	[2, 0]	147.1159037599054	[4.022058678600195, 5]
0.0	0	47.21513653445795	[1, 0]	159.58962910603623	[5.299567381425558, 5]
0.0	0	25.269543838272387	[2, 0]	178.35546499718333	[7.874572507690693, 5]
0.0	0	10.177986727628788	[1, 0]	157.58076639046226	[8.031127761731435, 5]
0.0	0	39.71763982725406	[2, 0]	158.06064670987115	[2.291602540869806, 5]
0.0	0	33.15580894584435	[2, 0]	115.15501907542966	[4.634336095450126, 5]
0.0	0	46.12974290913551	[2, 0]	153.51957178698117	[4.8882682243986295, 5]
0.0	0	49.19476680826163	[2, 0]	139.08702608738758	[7.583557573910458, 5]
0.0	0	12.607571367079364	[1, 0]	167.3272851840639	[6.559176441410015, 5]
0.0	0	27.616373246787525	[1, 0]	116.10106800684494	[1.4378481174224234, 5]
0.0	0	27.765988025814327	[1, 0]	151.29593027058175	[4.860873788997722, 5]
0.0	0	26.369697706888157	[2, 0]	114.41547846187629	[7.131792176992672, 5]
0.0	0	16.411469583547017	[1, 0]	104.67532279964176	[2.354789335503828, 5]
0.0	0	46.30519806007289	[1, 0]	120.76743532763685	[5.221034777563669, 5]
0.0	0	35.85779550266085	[1, 0]	169.2154718529842	[4.2619977119945895, 5]
0.0	0	24.561017399202054	[2, 0]	112.2747172109422	[6.707827347325007, 5]
0.0	0	40.8107954476041	[1, 0]	120.96980266655929	[2.564899784852048, 5]
0.0	0	13.260326487837267	[2, 0]	123.33658558411888	[6.215368813792427, 5]
0.0	0	33.945618783673	[2, 0]	157.60897504859	[7.4455878361522645, 5]
0.0	0	19.120720799440054	[2, 0]	137.76561995572536	[5.987579095152931, 5]
0.0	0	28.035629075337116	[2, 0]	151.9002228138902	[2.3957503659087664, 5]
0.0	0	28.00953508547946	[2, 0]	164.6230574298889	[7.746848301202236, 5]
0.0	0	24.67426146792159	[1, 0]	151.25480078491202	[7.201695296750208, 5]
0.0	0	41.43485020701555	[2, 0]	92.81295490886288	[6.831740206234063, 5]
0.0	0	31.53216379359917	[1, 0]	112.05323946903277	[2.289043749776226, 5]
0.0	0	47.21947079258152	[1, 0]	174.70783162802388	[4.3351964782093475, 5]
0.0	0	30.518955260413893	[2, 0]	93.0160735010879	[6.129058745595113, 5]
0.0	0	30.96399869160925	[2, 0]	127.87611626231089	[5.980709977914052, 5]
0.0	0	33.503677038323154	[1, 0]	104.47911404839887	[5.359574134740926, 5]
0.0	0	11.831761009615196	[1, 0]	130.13006711506299	[6.818611450860368, 5]
0.0	0	22.05825295074493	[2, 0]	118.19996326772942	[3.149368109096391, 5]
0.0	0	49.78421033525544	[2, 0]	158.12070584961492	[7.717175423995595, 5]
0.0	0	20.971245875837543	[1, 0]	107.42863734500803	[6.605465057199335, 5]
0.0	0	21.615398269115538	[1, 0]	128.4631109994353	[3.762992220922918, 5]
0.0	0	24.339535825231284	[1, 0]	136.47123461180337	[6.767740076100889, 5]
0.0	0	45.78274246128684	[1, 0]	177.34470520637632	[5.997435565319428, 5]
0.0	0	16.25724943693224	[2, 0]	115.96059659248546	[5.966249703151097, 5]
0.0	0	49.20019356893093	[2, 0]	112.54183624256437	[1.6787942042270343, 5]
0.0	0	11.001903120509319	[2, 0]	99.34096748381019	[5.455660422080589, 5]
0.0	0	40.95876679827904	[2, 0]	108.89211923566717	[1.9273330645426394, 5]
0.0	0	24.298729396241797	[1, 0]	156.58616113153283	[6.424459908667111, 5]
0.0	0	23.587561586946045	[1, 0]	90.60425370033677	[5.8802246958706545, 5]
0.0	0	34.86400523924158	[2, 0]	135.93507859380762	[8.10870868123164, 5]
0.0	0	17.404304005534428	[2, 0]	159.2605729636798	[8.321063718305712, 5]
0.0	0	36.51368643818586	[1, 0]	119.27767579861091	[5.881747724264744, 5]
0.0	0	45.61336985956705	[2, 0]	111.92185113912544	[6.855640228130471, 5]
0.0	0	24.588444630032104	[1, 0]	161.30323080610145	[5.826027008586036, 5]
0.0	0	12.234811400639112	[1, 0]	96.53729769204293	[4.082720607087395, 5]
0.0	0	25.07795607108406	[2, 0]	108.97727921140083	[5.402153000343286, 5]
0.0	0	33.028658549125936	[2, 0]	96.10017540796359	[3.2496081758582753, 5]
0.0	0	15.294911407566651	[2, 0]	116.43848747484459	[7.839768691254844, 5]
0.0	0	10.108018912847166	[2, 0]	176.40237706698946	[2.2045285714562475, 5]
0.0	0	44.9067851227785	[1, 0]	151.01924874636273	[1.8858050198243868, 5]
0.0	0	23.163718425825866	[2, 0]	107.13453872136921	[4.805851200845717, 5]
0.0	0	29.333243874371032	[1, 0]	173.90814594838912	[5.976793136999005, 5]
0.0	0	15.735849734073582	[2, 0]	96.93386292121836	[1.9804946464354005, 5]
0.0	0	28.216192611098545	[2, 0]	112.75975698293968	[4.047707256339349, 5]
0.0	0	29.12599819943299	[1, 0]	143.7270943756809	[7.630951162145551, 5]
0.0	0	39.30825263780865	[1, 0]	153.58032568279728	[5.2118967718944305, 5]
0.0	0	42.40998771198477	[2, 0]	130.85132880494734	[3.3554366494012657, 5]
0.0	0	28.20852644946641	[2, 0]	106.96358626980589	[3.1782060236442633, 5]
0.0	0	12.566174531369487	[1, 0]	123.03857884418215	[4.710476474357631, 5]
0.0	0	44.17042573452854	[1, 0]	119.9980886030986	[5.282225837352504, 5]
0.0	0	33.38530078506819	[1, 0]	153.9124192508399	[7.78229783070584, 5]
0.0	0	38.49866527779255	[2, 0]	124.16908174637385	[2.3722314327404446, 5]
0.0	0	48.0997762197227	[2, 0]	152.6050170059998	[5.861894556810873, 5]
0.0	0	15.073168206517591	[2, 0]	101.9357013595347	[5.898801930248538, 5]
0.0	0	16.079772532677463	[1, 0]	107.43147797592772	[7.099957112501133, 5]
0.0	0	37.86351758307354	[1, 0]	102.60215405024036	[5.1486767113500616, 5]
0.0	0	23.9408632919505	[1, 0]	102.94117114425109	[2.3551569248236803, 5]
0.0	0	10.056688482244427	[2, 0]	137.35270882183914	[2.53544078261349, 5]
0.0	0	22.04267302081835	[2, 0]	159.58995921913612	[3.529001950903522, 5]
0.0	0	43.91537503106769	[1, 0]	111.56874141965382	[3.477554264050037, 5]
0.0	0	44.926826925440096	[2, 0]	170.85544471051924	[2.729671068681175, 5]
0.0	0	18.800055604784443	[1, 0]	173.318107768675	[4.715429981358695, 5]
0.0	0	45.660254010129556	[1, 0]	117.32897540030362	[2.580066528199934, 5]
0.0	0	10.657531764167484	[1, 0]	123.98930157266899	[6.2147560740938665, 5]
0.0	0	46.49668682498371	[1, 0]	166.18227295420354	[7.689759740135643, 5]
0.0	0	14.105369012749437	[2, 0]	164.62520060777211	[7.243917927464848, 5]
0.0	0	30.756279623320747	[1, 0]	150.05552036309422	[7.454772274157041, 5]
0.0	0	39.1850375491568	[1, 0]	155.4886558017086	[4.549032918630559, 5]
0.0	0	38.44515979962232	[1, 0]	173.028821169136	[2.3680030548597024, 5]
0.0	0	17.813221884357855	[2, 0]	99.28258971664904	[2.6502822804115906, 5]
0.0	0	34.95949004865645	[2, 0]	134.71798706541597	[6.8895876840206505, 5]
0.0	0	48.48124908480328	[1, 0]	156.8893634013649	[4.089908936777828, 5]
0.0	0	35.383464556723155	[1, 0]	175.69687125001275	[5.924508298056218, 5]
0.0	0	49.54962927337887	[2, 0]	109.04022871249289	[5.62016697267239, 5]
0.0	0	19.655386162638766	[1, 0]	90.97273565177105	[4.124781054288552, 5]
0.0	0	33.753838991180274	[2, 0]	133.82043689369664	[5.758764261101958, 5]
0.0	0	28.27582001871429	[2, 0]	171.20820621794098	[2.4632018722601154, 5]
0.0	0	34.442970917105505	[1, 0]	128.66120418367095	[2.3567355443268383, 5]
0.0	0	47.25662031646091	[2, 0]	124.0835735603599	[4.63034919363915, 5]
0.0	0	35.06338514586445	[1, 0]	105.61082359236329	[7.80186951814865, 5]
0.0	0	27.961174570881393	[1, 0]	172.77230287687343	[1.711780842551468, 5]
0.0	0	24.68140374792805	[2, 0]	95.08016508866186	[1.9680544583646067, 5]
0.0	0	47.06086252025119	[1, 0]	110.61538105548237	[3.160228822448694, 5]
0.0	0	37.49698093467115	[1, 0]	126.47953545804273	[4.787276778098479, 5]
0.0	0	44.60339259080105	[1, 0]	112.52317406753602	[8.126371032085904, 5]
0.0	0	41.645997188505476	[2, 0]	92.13253712094749	[7.156560024517381, 5]
0.0	0	19.46746710118447	[1, 0]	131.87484208746162	[6.368737466646608, 5]
0.0	0	38.58575262181425	[2, 0]	89.16678371206659	[7.008835767382398, 5]
0.0	0	20.47372313977511	[1, 0]	100.56728733039888	[1.7177975897735707, 5]
0.0	0	17.059017713800166	[1, 0]	118.19937762164926	[4.858660473308478, 5]
0.0	0	49.3388700060973	[2, 0]	147.00464144808606	[4.662385424849622, 5]
0.0	0	41.73478427101214	[2, 0]	149.50024477346426	[4.844729629706453, 5]
0.0	0	24.455201635289903	[1, 0]	155.76391154254767	[5.597173212308866, 5]
0.0	0	30.566032267973608	[2, 0]	154.46335647169357	[2.756015715802268, 5]
0.0	0	32.184572254158205	[2, 0]	91.31060916842046	[6.769886546901938, 5]
0.0	0	23.698530255814262	[1, 0]	118.64178725559542	[1.419532430791421, 5]
0.0	0	23.068457570330825	[2, 0]	96.45846976687271	[3.7543505486039472, 5]
0.0	0	33.73442285498104	[2, 0]	148.53329342322556	[4.548682761029519, 5]
0.0	0	25.242829300372062	[2, 0]	110.90582431434356	[2.4111693285326585, 5]
0.0	0	32.40251100886366	[1, 0]	101.51658105876793	[8.00799004946656, 5]
0.0	0	22.374992067430384	[2, 0]	152.52216105701498	[6.979544489862705, 5]
0.0	0	42.351892257253326	[1, 0]	161.21437040314783	[6.375055802274685, 5]
0.0	0	10.602842822935584	[2, 0]	129.17125039770295	[1.7362496531172966, 5]
0.0	0	35.999859642553744	[2, 0]	143.69304793537094	[6.445823373220429, 5]
0.0	0	40.38331337276709	[2, 0]	170.1555499229163	[8.148192679156049, 5]
0.0	0	37.530387306274676	[2, 0]	119.21568368582317	[6.840740841904079, 5]
0.0	0	34.450635815842915	[1, 0]	119.82087341876809	[1.5876776477506478, 5]
0.0	0	32.145411463742754	[1, 0]	120.98051894769269	[2.0316069517396436, 5]
0.0	0	33.167551163940665	[1, 0]	121.67289512579876	[6.636969331572785, 5]
0.0	0	30.283770905143523	[2, 0]	115.72934960592085	[2.099271217070249, 5]
0.0	0	27.76858733800024	[1, 0]	151.59569641282394	[4.077961544805409, 5]
0.0	0	14.048818817856864	[1, 0]	107.05044442350582	[7.644338283758589, 5]
0.0	0	38.69211925117409	[2, 0]	173.488963600844	[2.4540455994767405, 5]
0.0	0	20.31256156222099	[1, 0]	157.8368969181082	[4.446470301753599, 5]
0.0	0	19.956361845473502	[1, 0]	107.26011392648775	[2.006821134276647, 5]
0.0	0	33.993589009556324	[2, 0]	103.46800168832588	[1.447327881573909, 5]
0.0	0	13.135636652357585	[1, 0]	116.8656466076603	[1.660162317693913, 5]
0.0	0	16.090997579253713	[1, 0]	146.64886773771013	[3.6409920373850286, 5]
0.0	0	32.98704800937553	[1, 0]	133.30481104013307	[6.0092253161413325, 5]
0.0	0	25.439620548509403	[2, 0]	167.32968297394262	[7.477447792428325, 5]
0.0	0	36.51756160200755	[2, 0]	109.64050991784188	[2.347952407445466, 5]
0.0	0	12.754406347354942	[2, 0]	103.23859652842991	[8.330323728525903, 5]
0.0	0	11.769692167121404	[2, 0]	136.0928436347516	[2.963832956650676, 5]
0.0	0	23.336538715084092	[2, 0]	131.3162298211844	[4.49037860057351, 5]
0.0	0	19.627638563833067	[1, 0]	158.15930616453483	[2.9516457306807946, 5]
0.0	0	16.445573314208477	[2, 0]	142.4917935356354	[2.1776006597398174, 5]
0.0	0	30.082616841885734	[2, 0]	108.48451585957694	[3.042028217027466, 5]
0.0	0	15.04075218384539	[1, 0]	166.95907278539943	[2.164492152156174, 5]
0.0	0	34.7445746192792	[1, 0]	164.27299896844676	[5.719313875067338, 5]
0.0	0	33.74322586314361	[1, 0]	109.72662281283456	[2.473309365009984, 5]
0.0	0	23.748113167785036	[1, 0]	95.91600171083279	[6.8392134682077526, 5]
0.0	0	14.35370162859237	[2, 0]	114.77106684587872	[4.677151407559329, 5]
0.0	0	30.19754154931364	[1, 0]	102.60306734414148	[1.5777542570174239, 5]
0.0	0	12.18213295258378	[1, 0]	159.68376555889472	[6.821426210153802, 5]
0.0	0	27.414890421817923	[1, 0]	120.45060559204006	[5.20724378800931, 5]
0.0	0	33.79773639350545	[2, 0]	141.22932645286636	[6.4091438128494636, 5]
0.0	0	16.056316871134413	[2, 0]	115.91897264638973	[1.8507641322219948, 5]
0.0	0	10.104246975192236	[1, 0]	104.33857933108989	[2.2395680268805536, 5]
0.0	0	21.702108365197248	[1, 0]	118.41493103796941	[5.026187571756153, 5]
0.0	0	10.81027042502881	[1, 0]	137.8882497720347	[8.135783218578053, 5]
0.0	0	16.260507733921482	[2, 0]	93.90035197619844	[7.613886207452328, 5]
0.0	0	41.31536652775691	[2, 0]	165.13396167623984	[5.646416354966087, 5]
0.0	0	33.542372148348846	[2, 0]	149.82467908235716	[2.9584890553547956, 5]
0.0	0	39.83570581017764	[1, 0]	113.80194716662182	[2.9092831862982504, 5]
0.0	0	38.19549495608013	[1, 0]	115.28625539731814	[3.242345493482011, 5]
0.0	0	27.102556457495343	[2, 0]	175.66808889017233	[5.030677409323503, 5]
0.0	0	14.504162053962416	[2, 0]	177.77384127248425	[2.2910842652794687, 5]
0.0	0	46.90766396952075	[1, 0]	106.60355173663046	[5.8544370806197055, 5]
0.0	0	24.394724747269173	[1, 0]	123.79672542147956	[3.017508467089404, 5]
0.0	0	42.265800296412	[2, 0]	143.35581053415876	[5.170334098041793, 5]
0.0	0	35.049045437201485	[1, 0]	110.9831705965548	[6.378599518311879, 5]
0.0	0	43.46192425896859	[2, 0]	166.12533276487417	[3.188438754249849, 5]
0.0	0	47.33839455818795	[1, 0]	168.75883798164966	[3.3365888432244932, 5]
0.0	0	25.19250959595379	[2, 0]	163.78504198400788	[3.3761900288253077, 5]
0.0	0	48.429298474001335	[2, 0]	129.8247904336079	[2.3550627591867537, 5]
0.0	0	18.006759444047912	[2, 0]	160.5041833136517	[2.943316986466458, 5]
0.0	0	36.06244281573439	[2, 0]	137.05811261819287	[8.255032987486976, 5]
0.0	0	30.610048049384083	[2, 0]	128.83726940513367	[5.168122812600709, 5]
0.0	0	16.889268247894034	[2, 0]	171.88901278709346	[7.175815586072731, 5]
0.0	0	39.031571736550035	[1, 0]	176.49988976048448	[2.4851140266219116, 5]
0.0	0	14.869505704891479	[2, 0]	94.8806980517619	[6.177142899889802, 5]
0.0	0	19.547716162324388	[2, 0]	164.67319955449813	[6.12234524975315, 5]
0.0	0	49.59423738582257	[2, 0]	105.08483174498518	[7.271618305468282, 5]
0.0	0	32.27736406744941	[2, 0]	170.17600594064555	[3.7534624468163673, 5]
0.0	0	49.4597398463606	[2, 0]	96.07927028049721	[5.579619787110611, 5]
0.0	0	22.187038334745242	[2, 0]	119.58090550841698	[1.9411695960921749, 5]
0.0	0	41.67752520332685	[2, 0]	173.1839914199486	[8.126265356005852, 5]
0.0	0	22.484916869424428	[2, 0]	135.73724419411545	[2.7332958934290246, 5]
0.0	0	47.36595271748823	[2, 0]	161.35978288882333	[2.3049872386919024, 5]
0.0	0	38.412730265155176	[2, 0]	154.74395759801146	[6.2307928508395465, 5]
0.0	0	19.14251830146593	[1, 0]	164.3626451070043	[1.5950199674810548, 5]
0.0	0	39.89328895968372	[2, 0]	115.16759069333297	[2.673284889148103, 5]
0.0	0	19.901034745453735	[2, 0]	168.15091543417205	[5.616869474215586, 5]
0.0	0	17.449137348108195	[1, 0]	107.66093442186751	[1.8380730999926067, 5]
0.0	0	42.146525170263246	[1, 0]	133.98659067481663	[8.010739570180325, 5]
0.0	0	31.088783995101807	[1, 0]	108.94891299574303	[2.7375624515991523, 5]
0.0	0	29.55296435058602	[1, 0]	125.83614975209618	[6.450891565906171, 5]
0.0	0	48.98479456526732	[2, 0]	124.95054803646082	[2.617201832479857, 5]
0.0	0	35.56154028548055	[1, 0]	156.5420702739907	[1.7057876367470584, 5]
0.0	0	38.2697027547826	[2, 0]	124.61993074373726	[3.2096363513168784, 5]
0.0	0	11.570974019144398	[1, 0]	143.80524071125532	[4.35211819792463, 5]
0.0	0	17.617993835530545	[1, 0]	167.6254804261415	[7.745368394803621, 5]
0.0	0	31.90554644057825	[2, 0]	97.1948087559577	[6.987352001013194, 5]
0.0	0	11.233488060200223	[2, 0]	153.17108658305838	[5.49215242810969, 5]
0.0	0	11.008101090398215	[1, 0]	103.49098859211244	[2.057515456560086, 5]
0.0	0	42.60793798957496	[2, 0]	178.2788523270831	[5.900109054141718, 5]
0.0	0	28.676986622539687	[1, 0]	103.98100986116923	[8.18264829848601, 5]
0.0	0	39.990782733486874	[1, 0]	142.559057616991	[8.007159653725072, 5]
0.0	0	27.13940916257822	[1, 0]	138.40583541775428	[4.084825500742677, 5]
0.0	0	42.8804753491888	[1, 0]	117.95115802634893	[3.4946125319673342, 5]
0.0	0	44.84477067837834	[2, 0]	94.2200545248049	[3.0042230550348927, 5]
0.0	0	10.664672900899447	[1, 0]	162.86051156419572	[3.242558560213812, 5]
0.0	0	38.51813717345244	[1, 0]	140.95951807178596	[6.7327901862890505, 5]
0.0	0	35.56692795258414	[1, 0]	145.49285200961907	[1.4852342486176673, 5]
0.0	0	12.440865966622814	[2, 0]	158.716029496033	[1.6217409981418585, 5]
0.0	0	48.22402826227169	[2, 0]	175.37784623019897	[6.365206941693391, 5]
0.0	0	41.24113633225015	[1, 0]	172.85360405876466	[3.221486573275557, 5]
0.0	0	37.442792793615645	[1, 0]	100.12519407031715	[6.877871007955454, 5]
0.0	0	46.84835629495443	[1, 0]	94.46741270852796	[7.210336073915396, 5]
0.0	0	16.327702252758172	[2, 0]	108.47699042996221	[2.809339164731584, 5]
0.0	0	23.935121435920635	[2, 0]	95.3519757262229	[6.319505911798417, 5]
0.0	0	20.15700781455142	[1, 0]	107.29372003224745	[1.6412529638917457, 5]
0.0	0	35.812031217274324	[1, 0]	119.5232152286247	[1.7876684077590088, 5]
0.0	0	22.526770745986816	[2, 0]	129.8469490468683	[2.3538330927257207, 5]
0.0	0	25.606703687033445	[2, 0]	100.98880099217124	[5.242634818774074, 5]
0.0	0	46.4720230359282	[1, 0]	152.29669976953943	[3.4687353927978632, 5]
0.0	0	24.95143111858689	[1, 0]	118.81993466388556	[3.5306840385544174, 5]
0.0	0	36.28122336717965	[1, 0]	162.25577268358433	[7.066333490799123, 5]
0.0	0	12.956648265966725	[1, 0]	132.9616468561391	[7.984265335606289, 5]
0.0	0	28.149270663497187	[1, 0]	162.90787291833308	[2.6844915002994862, 5]
0.0	0	46.02054154289276	[1, 0]	152.0853667801058	[5.537308386834876, 5]
0.0	0	33.45227315031092	[1, 0]	169.46549251648472	[4.352285221331021, 5]
0.0	0	45.25690163528768	[2, 0]	111.80131287433211	[4.901481880676065, 5]
0.0	0	23.036287154863	[2, 0]	106.5449959236436	[7.967570190319352, 5]
0.0	0	29.046671504939482	[1, 0]	107.016734964031	[2.5652829275256828, 5]
0.0	0	43.58805315723958	[1, 0]	131.03356502422076	[4.655499920481322, 5]
0.0	0	28.17206653436943	[1, 0]	146.26832561049315	[6.757363950314395, 5]
0.0	0	41.17690525138615	[1, 0]	167.88355395405415	[4.902263646051938, 5]
0.0	0	47.76157706598929	[1, 0]	132.56024663380595	[2.2905273290644996, 5]
0.0	0	10.96231786068451	[2, 0]	160.13159924042102	[2.4207198135179664, 5]
0.0	0	44.9802551949816	[2, 0]	173.59538688691077	[2.7882213265265805, 5]
0.0	0	14.831780827149228	[1, 0]	124.5997623560558	[3.3830070533628103, 5]
0.0	0	48.07943460239673	[2, 0]	133.3800920062751	[4.901078512283302, 5]
0.0	0	44.820297089949406	[2, 0]	95.68454852528244	[7.7483373044953145, 5]
0.0	0	25.449581932244275	[2, 0]	92.03234491527402	[5.435211118007579, 5]
0.0	0	15.534308836702275	[2, 0]	92.14780094530325	[5.124899572862416, 5]
0.0	0	15.413733734234544	[2, 0]	178.3853967679475	[3.290389035974224, 5]
0.0	0	45.326557628118934	[1, 0]	166.22400975074984	[4.153174275476098, 5]
0.0	0	32.93380986180371	[1, 0]	120.74668787850729	[4.684995082036496, 5]
0.0	0	37.0028919155393	[2, 0]	118.01747915275934	[1.5120699412027805, 5]
0.0	0	11.989338114003175	[1, 0]	99.4930019256586	[1.8749027266279397, 5]
0.0	0	29.68518363891046	[1, 0]	171.19026212290305	[7.581626315252316, 5]
0.0	0	24.384446604748238	[2, 0]	148.32615868963808	[6.201959980323336, 5]
0.0	0	28.22314035203228	[1, 0]	130.2370196134383	[7.4152121081445985, 5]
0.0	0	27.911730770008674	[2, 0]	146.06261714153646	[8.221913841873329, 5]
0.0	0	46.14848430716704	[2, 0]	90.1177776514675	[4.4048116423963535, 5]
0.0	0	41.04919432345902	[2, 0]	113.36036173340045	[4.889109718412916, 5]
0.0	0	46.65722009413386	[2, 0]	171.56598531777507	[1.4587769415872363, 5]
0.0	0	29.041519826218746	[1, 0]	114.74975840672414	[7.665850617678243, 5]
0.0	0	25.181558402950767	[1, 0]	142.23344076451815	[3.067901261449902, 5]
0.0	0	27.804680372871296	[2, 0]	122.34975844113556	[6.459457323765168, 5]
0.0	0	21.34453486241949	[2, 0]	103.49161432945664	[1.8708492790455764, 5]
0.0	0	24.287941106080627	[2, 0]	133.861608740615	[8.048403962287672, 5]
0.0	0	42.7000225131422	[2, 0]	148.43784673953974	[7.299602242130279, 5]
0.0	0	43.116919095905466	[2, 0]	157.53341916235365	[3.5651661513976527, 5]
0.0	0	16.00168824745265	[1, 0]	90.7274921966419	[5.628541242569453, 5]
0.0	0	21.498701698439387	[1, 0]	111.3781480794136	[2.6849325573031146, 5]
0.0	0	24.530491062372736	[1, 0]	178.39743141819667	[5.341711852103366, 5]
0.0	0	33.25601938389474	[2, 0]	109.63486663656539	[5.8485796522893185, 5]
0.0	0	21.034330155899184	[2, 0]	138.7882834537911	[7.248012416158196, 5]
0.0	0	32.75501969123229	[1, 0]	138.46167404481022	[1.6529796708298161, 5]
0.0	0	39.04421271731118	[2, 0]	133.76850959002607	[2.7776118478446006, 5]
0.0	0	12.712244278907972	[2, 0]	117.52428063521855	[3.195998967449345, 5]
0.0	0	12.263282429861492	[2, 0]	127.88540886468618	[6.7467327403881745, 5]
0.0	0	44.987833813891385	[2, 0]	110.30213185253861	[1.4509050882271444, 5]
0.0	0	36.29993393109953	[2, 0]	177.50196030012143	[2.0184300846180787, 5]
0.0	0	41.96716791498147	[2, 0]	117.94345236806939	[3.5740602609266325, 5]
0.0	0	38.8459033252599	[1, 0]	162.70309538494138	[6.517683928805841, 5]
0.0	0	11.756685487318146	[2, 0]	176.29928920745527	[2.3970146075501777, 5]
0.0	0	40.612376670897596	[2, 0]	134.31447665500485	[5.542112489789589, 5]
0.0	0	47.450322878212255	[1, 0]	112.89520526954684	[6.299496270954839, 5]
0.0	0	38.90908353477675	[1, 0]	95.24375136862602	[6.359332530794548, 5]
0.0	0	33.38634022590775	[1, 0]	116.86732001189165	[7.999664122162358, 5]
0.0	0	29.17691665110914	[1, 0]	123.86141414819276	[4.19970019860938, 5]
0.0	0	35.703183575051966	[1, 0]	171.25625186170132	[7.966285112473752, 5]
0.0	0	21.54867725630094	[2, 0]	90.03679755824393	[2.709498570340489, 5]
0.0	0	17.236173266343215	[1, 0]	154.21812057736184	[5.5228980955252345, 5]
0.0	0	26.334156350633062	[2, 0]	89.71677045928445	[3.764332304237459, 5]
0.0	0	21.53248554381962	[2, 0]	149.42065100110676	[3.0345016636771542, 5]
0.0	0	46.393015506520854	[1, 0]	171.26022272046598	[3.920061662039938, 5]
0.0	0	13.801804055600352	[1, 0]	148.50755582486943	[3.2397459783145233, 5]
0.0	0	39.62233317672076	[1, 0]	138.56077115598512	[2.7246403310905656, 5]
0.0	0	18.401979666767158	[1, 0]	133.84765703427675	[6.183666728932878, 5]
0.0	0	16.31001708251035	[1, 0]	145.3291337123964	[2.60445135945332, 5]
0.0	0	21.47707422368164	[1, 0]	121.21365624680686	[5.459368692050541, 5]
0.0	0	15.23682494154417	[1, 0]	139.29654959676978	[5.55230004936643, 5]
0.0	0	17.09798720907913	[1, 0]	139.76230829902966	[3.953632315668917, 5]
0.0	0	25.37363840698681	[1, 0]	133.17331217820958	[3.639983612951631, 5]
0.0	0	21.24741918655876	[1, 0]	141.7531337843995	[5.1643734533638055, 5]
0.0	0	37.13193544540593	[2, 0]	107.26412250881648	[4.750836083161022, 5]
0.0	0	40.62721608805516	[2, 0]	114.68479459373879	[4.405669200673616, 5]
0.0	0	20.403766287324355	[1, 0]	166.81449094219948	[7.866843880873322, 5]
0.0	0	49.21124406206313	[2, 0]	120.95044546231054	[3.494891184249315, 5]
0.0	0	29.74762684395348	[1, 0]	143.8561582569301	[1.3930667308066016, 5]
0.0	0	45.48628393639182	[1, 0]	178.21757507287026	[6.878543853798849, 5]
0.0	0	30.63716519750286	[2, 0]	168.23853989161262	[5.262911791444033, 5]
0.0	0	44.73461013457128	[1, 0]	153.53540302983086	[4.928305861326, 5]
0.0	0	24.73427464797256	[1, 0]	108.81800133124695	[6.9496790764398915, 5]
0.0	0	36.72171766695591	[2, 0]	125.01220503113018	[4.942988222473594, 5]
0.0	0	26.431726820249022	[1, 0]	111.17750712928591	[6.302372834834844, 5]
0.0	0	26.806691685248918	[1, 0]	107.304147608201	[3.85889506134824, 5]
0.0	0	29.69017853163507	[2, 0]	107.66918170052449	[5.4841924774339095, 5]
0.0	0	35.741279517571385	[2, 0]	152.73613356811302	[5.374347393818864, 5]
0.0	0	34.56864797625485	[2, 0]	149.0750529760278	[4.6105705172022855, 5]
0.0	0	13.539148709322873	[2, 0]	154.43021156488012	[7.682643668046167, 5]
0.0	0	46.616609587682774	[1, 0]	138.6562326584953	[4.847004532046581, 5]
0.0	0	43.366327641996705	[2, 0]	123.95655180103749	[3.7137741807255815, 5]
0.0	0	13.373535193405225	[2, 0]	166.18942527075055	[5.686032220261828, 5]
0.0	0	20.788604595870495	[1, 0]	126.53383403390139	[4.775526570285729, 5]
0.0	0	40.37966948767211	[1, 0]	163.47679849820332	[6.296144010672015, 5]
0.0	0	45.58960527926979	[1, 0]	133.49985322953864	[5.656460336490368, 5]
0.0	0	28.857570253162784	[1, 0]	136.0852829260465	[8.058731360370745, 5]
0.0	0	30.44524949722407	[1, 0]	90.41383589116927	[3.521391528978838, 5]
0.0	0	15.850438664625011	[1, 0]	152.3023433525187	[4.6418577032964565, 5]
0.0	0	18.977290742644687	[1, 0]	167.78876672927063	[5.447498055259911, 5]
0.0	0	38.57072687879498	[1, 0]	139.0967597001136	[4.438186124441038, 5]
0.0	0	16.543311237097686	[1, 0]	116.06023392128263	[5.0109962007604345, 5]
0.0	0	42.47789735414743	[2, 0]	89.9890815244744	[3.7635167620329804, 5]
0.0	0	43.15360283565638	[2, 0]	123.52773904038327	[3.2133791046534013, 5]
0.0	0	44.24267974426117	[2, 0]	121.09448752456657	[6.8518226703357765, 5]
0.0	0	30.802708342388808	[2, 0]	93.06393477304132	[5.922054710447029, 5]
0.0	0	48.4714856204886	[1, 0]	115.68838496534424	[7.850360259851776, 5]
0.0	0	25.967953156135838	[1, 0]	89.43772221836103	[3.175111729524848, 5]
0.0	0	40.0676836297935	[1, 0]	176.5146479834466	[6.375593900824211, 5]
0.0	0	30.99207049526247	[1, 0]	128.45402641281112	[3.9242758686946804, 5]
0.0	0	46.097875319080714	[1, 0]	163.01501109734102	[1.5816228488761983, 5]
0.0	0	12.255422049289418	[1, 0]	135.37298909240366	[8.1939977206647, 5]
0.0	0	14.08032854628456	[2, 0]	178.44779956417696	[6.290484500403615, 5]
0.0	0	29.723455662447122	[1, 0]	157.1393678429535	[3.3925192390006913, 5]
0.0	0	36.739031325909764	[2, 0]	95.00003577276658	[5.442642427416357, 5]
0.0	0	20.58559120907066	[1, 0]	118.17822118659758	[5.8690840025721105, 5]
0.0	0	23.06228866657254	[2, 0]	156.54743812293015	[2.4206914803031405, 5]
0.0	0	10.788189481647358	[1, 0]	177.9517459261262	[1.4425860327066182, 5]
0.0	0	21.536085271043717	[2, 0]	126.03012097078341	[2.926124930169631, 5]
0.0	0	14.331234304038857	[2, 0]	174.67175524187326	[2.154053768376079, 5]
0.0	0	42.27743042347428	[2, 0]	142.0654866527434	[8.318070559446095, 5]
0.0	0	13.04463154740092	[1, 0]	167.03462568369645	[5.087804436173992, 5]
0.0	0	17.636740560972846	[2, 0]	134.01224885637356	[8.07444396550865, 5]
0.0	0	31.16457004623435	[1, 0]	142.76512022554346	[1.7810393272476812, 5]
0.0	0	19.93141913041841	[2, 0]	166.89789065491573	[7.315933155948383, 5]
0.0	0	13.217373266463564	[2, 0]	118.19280010178926	[5.544765979959509, 5]
0.0	0	21.878254853202996	[1, 0]	177.15300548403823	[3.3078425238022233, 5]
0.0	0	36.16035196649685	[1, 0]	161.24067514914458	[8.219099015643172, 5]
0.0	0	41.8176884850392	[2, 0]	167.08600759595026	[5.212667859897197, 5]
0.0	0	29.338003066050316	[2, 0]	167.50033312232233	[1.4082608459433936, 5]
0.0	0	44.56709315905879	[1, 0]	161.1489854429352	[6.72836974259476, 5]
0.0	0	28.62628838570366	[2, 0]	93.29969222474791	[7.14661332058637, 5]
0.0	0	21.927592622989355	[2, 0]	160.29492088360752	[7.269312796500203, 5]
0.0	0	42.71535286308529	[1, 0]	128.63266377637643	[6.559101032203826, 5]
0.0	0	19.24440819434968	[1, 0]	149.02864100328165	[2.0130318049697418, 5]
0.0	0	34.743158991651555	[2, 0]	92.7657901051044	[2.5898177836785257, 5]
0.0	0	17.676389222575175	[1, 0]	134.00635178617372	[7.8608823382429485, 5]
0.0	0	48.873944344333	[1, 0]	125.86639306828977	[3.073914863845743, 5]
0.0	0	21.810312609936954	[2, 0]	105.83860627568542	[7.611256849965083, 5]
0.0	0	13.02157116285995	[1, 0]	136.55447329549048	[7.2787910874667165, 5]
0.0	0	21.63749750390215	[1, 0]	103.80663401861506	[7.865347311026893, 5]
0.0	0	15.22218152839911	[1, 0]	157.74291887205862	[3.7687220087917384, 5]
0.0	0	33.93286589400231	[1, 0]	125.91112815622081	[1.843913160524049, 5]
0.0	0	14.12837700956021	[1, 0]	120.89058396036737	[4.097480069359941, 5]
0.0	0	44.00722049388423	[1, 0]	117.52313549654247	[1.8595430236472716, 5]
0.0	0	42.160239302025694	[2, 0]	164.51882285176225	[7.2207807837729066, 5]
0.0	0	10.4375469686498	[2, 0]	170.04394919336795	[5.723934003712848, 5]
0.0	0	14.036197437300093	[1, 0]	161.7660240198636	[5.218019666897086, 5]
0.0	0	25.197827621943546	[2, 0]	144.31172106886396	[4.412991963149054, 5]
0.0	0	13.691308147781761	[1, 0]	156.25610124420768	[7.004336916303397, 5]
0.0	0	32.47422382707648	[1, 0]	140.58610822213134	[2.5521514831186654, 5]
0.0	0	10.311572685691988	[2, 0]	164.12748170813336	[6.64854965088717, 5]
0.0	0	31.45408034232235	[2, 0]	120.6368076791404	[4.125151819021483, 5]
0.0	0	42.24998129878814	[2, 0]	135.32967942999232	[8.084665855871538, 5]
0.0	0	26.23903313005275	[2, 0]	122.3407939520394	[7.75044069381323, 5]
0.0	0	36.467492936421095	[2, 0]	100.25863139774417	[7.001122975272808, 5]
0.0	0	17.628134111412685	[2, 0]	111.65771675810154	[2.6873598400344885, 5]
0.0	0	35.55302659775789	[2, 0]	160.90619217339136	[6.110158818760902, 5]
0.0	0	18.954825823287244	[1, 0]	158.19185966636923	[7.348106157982567, 5]
0.0	0	42.28808639902171	[2, 0]	120.17269177981504	[4.598581380093058, 5]
0.0	0	25.818809499328736	[2, 0]	158.6220118064303	[7.300169599327617, 5]
0.0	0	46.2382552584971	[2, 0]	144.06667688468445	[5.7102086199586255, 5]
0.0	0	38.8270845042993	[1, 0]	94.28646502769259	[6.822549942433967, 5]
0.0	0	24.361181425312743	[2, 0]	126.47050338221878	[6.601434296716721, 5]
0.0	0	45.70867811070343	[2, 0]	149.24237421232877	[6.33940106552637, 5]
0.0	0	48.688862757503436	[2, 0]	122.21994336551045	[6.350744328931126, 5]
0.0	0	27.048201258661177	[1, 0]	140.22355143950026	[3.6433373720069144, 5]
0.0	0	17.940355960379698	[2, 0]	98.37826247594835	[7.9890829772459835, 5]
0.0	0	36.50748852000452	[2, 0]	163.0682481807122	[1.448212579638487, 5]
0.0	0	25.7097206145728	[1, 0]	161.8516091420538	[8.036764896556567, 5]
0.0	0	15.81472632914357	[2, 0]	159.54345267525173	[2.5087542515175563, 5]
0.0	0	20.380335937206482	[2, 0]	112.42562070286107	[5.21821141916829, 5]
0.0	0	33.65464824032432	[1, 0]	118.23726343360093	[5.449723270074909, 5]
0.0	0	12.628078149110783	[2, 0]	93.39037469469471	[2.2515106161947567, 5]
0.0	0	39.559136810089555	[1, 0]	109.78829886326513	[1.3973261003685908, 5]
0.0	0	18.35025750694818	[2, 0]	156.1006119304964	[7.21740962305787, 5]
0.0	0	27.198748903193803	[1, 0]	178.39051939263177	[3.7738077666650076, 5]
0.0	0	16.619424782822247	[1, 0]	165.2331843619598	[7.300058262761845, 5]
0.0	0	26.905723870893514	[2, 0]	135.96427141581336	[4.422849491937002, 5]
0.0	0	39.178431843288074	[2, 0]	114.82378796885823	[5.481920218720462, 5]
0.0	0	37.249818260334166	[1, 0]	176.2458939941062	[4.155352504449294, 5]
0.0	0	22.089362265496128	[1, 0]	148.93890653201044	[7.576139428837255, 5]
0.0	0	21.585412492155918	[2, 0]	152.1873496385432	[3.35534260505345, 5]
0.0	0	25.942612638501934	[1, 0]	160.5535396175756	[6.457034161880662, 5]
0.0	0	18.282227992430997	[2, 0]	141.2649333821846	[3.663181762580922, 5]
0.0	0	41.70986382973065	[2, 0]	175.8106721407401	[8.089642145912833, 5]
0.0	0	40.161886728317725	[2, 0]	168.61207081096583	[4.108311587414138, 5]
0.0	0	39.49441688456648	[2, 0]	125.89912939835384	[4.591759005575686, 5]
0.0	0	46.42198854647659	[2, 0]	97.04546487839178	[7.633303204622613, 5]
0.0	0	22.858367521216728	[2, 0]	106.85315035227188	[4.969650272972145, 5]
0.0	0	37.8263786474965	[2, 0]	150.96482275469867	[7.2864417629559055, 5]
0.0	0	46.03830305181787	[1, 0]	172.74922694606187	[2.7609569043653357, 5]
0.0	0	31.83367030139341	[1, 0]	174.20709653616	[3.0667862110305903, 5]
0.0	0	14.123972779901186	[2, 0]	166.24165105089946	[4.083108382456186, 5]
0.0	0	47.71510563316215	[2, 0]	148.54537850455833	[7.08515244320242, 5]
0.0	0	18.04429475990608	[1, 0]	151.8853076575562	[7.660724377122857, 5]
0.0	0	31.638013270757718	[2, 0]	107.48609413355717	[4.534147132952377, 5]
0.0	0	29.15548414465061	[1, 0]	167.21957153743523	[8.163982513008612, 5]
0.0	0	30.012072502828527	[2, 0]	131.70957296386197	[6.472470921806149, 5]
0.0	0	25.710548660908316	[2, 0]	116.21393114923234	[6.087002399531735, 5]
0.0	0	21.823239271943308	[1, 0]	103.8215514389034	[5.445854501000214, 5]
0.0	0	36.599396255553415	[1, 0]	111.4220230649052	[1.7841245445326535, 5]
0.0	0	13.926627061393205	[1, 0]	166.0033380469709	[5.9773645886838676, 5]
0.0	0	42.41085961405643	[1, 0]	91.34501669147778	[3.6289765697380885, 5]
0.0	0	18.694007304073004	[2, 0]	178.70417947716084	[2.360788667017064, 5]
0.0	0	13.259147262985028	[2, 0]	164.61505540015872	[1.9110021248700682, 5]
0.0	0	36.49372306808682	[2, 0]	161.44973504415174	[3.8072123838490683, 5]
0.0	0	43.103022489591275	[1, 0]	156.42764050402005	[2.1747203603444833, 5]
0.0	0	32.24653227623657	[1, 0]	154.70031354046904	[6.407937324142234, 5]
0.0	0	12.347579236072052	[2, 0]	122.5999682305076	[4.711206529626595, 5]
0.0	0	16.947462335389805	[1, 0]	129.99123587005136	[7.455691349422304, 5]
0.0	0	14.298366280503997	[2, 0]	152.03602865555214	[2.1603220524973974, 5]
0.0	0	49.83217196753069	[2, 0]	145.37253163159008	[7.369460019712066, 5]
0.0	0	24.67630217733824	[2, 0]	141.60560493858648	[2.601186545173766, 5]
0.0	0	34.940147252910506	[2, 0]	100.02745922490622	[3.304507712553736, 5]
0.0	0	30.63608881543569	[2, 0]	103.17288184188732	[6.913627595545297, 5]
0.0	0	28.902601354683966	[2, 0]	139.41543040501426	[2.9557034105230104, 5]
0.0	0	45.59386219169226	[2, 0]	155.5722109912205	[7.072708961134537, 5]
0.0	0	24.405518118087784	[2, 0]	178.0100678634352	[4.188012501216382, 5]
0.0	0	38.0392712103263	[2, 0]	101.52073039063825	[5.073037188657407, 5]
0.0	0	42.6446718089037	[2, 0]	98.6850337242289	[7.930963668602237, 5]
0.0	0	48.29206586834127	[1, 0]	163.02496784993986	[1.7721461537337522, 5]
0.0	0	27.413421300422094	[1, 0]	135.39946616479972	[7.198956942568226, 5]
0.0	0	26.98116193024323	[2, 0]	115.27173348613607	[2.5986801689681256, 5]
0.0	0	35.50734790260074	[2, 0]	135.0232270560483	[2.056565061243649, 5]
0.0	0	16.407433746157167	[1, 0]	92.4671401709174	[6.030298086116734, 5]
0.0	0	32.342275436441625	[1, 0]	128.67738225593118	[7.207215839089971, 5]
0.0	0	19.030049705800074	[2, 0]	161.1511758513381	[1.4960605397929874, 5]
0.0	0	19.376160039698732	[1, 0]	166.58786923946968	[3.3356883794007213, 5]
0.0	0	45.852659991176225	[1, 0]	144.39145977198118	[7.0143490442056216, 5]
0.0	0	40.696467041792246	[2, 0]	134.41286402035385	[1.6753955144985915, 5]
0.0	0	16.341907394334427	[2, 0]	132.35992518665594	[3.139255036817249, 5]
0.0	0	21.750461794264616	[2, 0]	157.43651599259988	[6.7409187368256855, 5]
0.0	0	11.727795100865439	[1, 0]	117.05432373219915	[5.738772423776807, 5]
0.0	0	15.969400818463383	[1, 0]	104.5548058600109	[4.206729746183151, 5]
0.0	0	28.001168496856636	[2, 0]	95.26593145825711	[7.263190471262647, 5]
0.0	0	38.756577778601766	[2, 0]	152.1053173729719	[3.155582464331937, 5]
0.0	0	37.866631173633756	[1, 0]	91.94067405595744	[6.021329264582807, 5]
0.0	0	32.47880910559102	[1, 0]	154.4725190764207	[4.1185674737652, 5]
0.0	0	39.46602397616454	[1, 0]	158.05053677539723	[6.017862394855999, 5]
0.0	0	37.397112197069205	[1, 0]	156.80733586757694	[6.784900604558363, 5]
0.0	0	19.71427949879668	[2, 0]	96.82310518205689	[5.22736768335918, 5]
0.0	0	15.563073317275073	[1, 0]	160.30922032059257	[1.8239364788116472, 5]
0.0	0	48.216484323875925	[2, 0]	144.0621081114534	[3.1916061099616773, 5]
0.0	0	33.51827403978818	[2, 0]	111.53535416271107	[4.928731928228056, 5]
0.0	0	37.5104201333824	[1, 0]	130.31396776210545	[2.0368456339962644, 5]
0.0	0	42.011306645737456	[1, 0]	133.34525474057983	[2.953274731596351, 5]
0.0	0	11.000123610965979	[2, 0]	114.42922409896292	[2.5818306342173174, 5]
0.0	0	11.048851812695517	[2, 0]	117.52751821588532	[6.862073588798142, 5]
0.0	0	15.824120516463514	[2, 0]	106.84717298648091	[2.407685714396944, 5]
0.0	0	25.65822750898848	[2, 0]	137.4592548136472	[5.976638654737419, 5]
0.0	0	32.48166079182805	[2, 0]	157.73157091037936	[3.1053093457455048, 5]
0.0	0	40.92660665161242	[2, 0]	154.3944377434068	[7.439355642106713, 5]
0.0	0	16.638475948326718	[2, 0]	144.44223393479928	[3.626242501684548, 5]
0.0	0	30.592014887361373	[2, 0]	124.10890439715867	[8.165896855977296, 5]
0.0	0	43.964111544976745	[1, 0]	164.3002388123689	[4.756353402505753, 5]
0.0	0	36.244724482750506	[2, 0]	130.60295248312312	[4.521742334739186, 5]
0.0	0	29.3537764517793	[1, 0]	141.42516920879643	[3.9400838362153454, 5]
0.0	0	13.765288530695683	[2, 0]	158.04173151624667	[6.197095159922194, 5]
0.0	0	39.37139565023667	[1, 0]	122.53572415155446	[1.972643678211535, 5]
0.0	0	29.43671728529968	[1, 0]	100.88657827857755	[2.4003014510783713, 5]
0.0	0	22.04247496506646	[2, 0]	142.91298917370142	[2.3632092317183746, 5]
0.0	0	12.849176640266299	[1, 0]	114.86856842702231	[5.253169050086146, 5]
0.0	0	44.238501579926776	[1, 0]	138.3581251430868	[2.4190572965470865, 5]
0.0	0	14.224550873714616	[2, 0]	168.646931260092	[7.4361041169665185, 5]
0.0	0	43.97817691693569	[2, 0]	153.67522326620968	[6.526793494150703, 5]
0.0	0	19.21248636002641	[1, 0]	111.46525522317043	[6.720606539336659, 5]
0.0	0	33.134251223371734	[2, 0]	107.99505521370541	[2.1291429464847362, 5]
0.0	0	38.12311165310343	[2, 0]	148.11036736976408	[4.624339457858994, 5]
0.0	0	30.44698430338756	[2, 0]	153.8479028698262	[5.684590298369017, 5]
0.0	0	32.61222198480691	[1, 0]	111.26326831162427	[7.141636017533654, 5]
0.0	0	19.75895972718436	[2, 0]	89.42455150373847	[6.8451327289068455, 5]
0.0	0	20.49188610005345	[2, 0]	149.447873479898	[4.65101140602969, 5]
0.0	0	30.757723179526472	[2, 0]	157.13208984287223	[7.954014985027649, 5]
0.0	0	11.96424268096918	[1, 0]	132.6065443607323	[7.581209417418711, 5]
0.0	0	42.94597732179468	[2, 0]	101.99650845254722	[6.40107866231205, 5]
0.0	0	34.16333660504321	[1, 0]	108.4300375555379	[2.5403489378548176, 5]
0.0	0	35.27582964505752	[1, 0]	146.0788111597256	[8.165422746487685, 5]
0.0	0	36.641027272672275	[1, 0]	96.72475794483805	[1.9895709089872122, 5]
0.0	0	40.50891314710344	[1, 0]	100.90014100678695	[2.418670487026867, 5]
0.0	0	44.62246619369183	[1, 0]	158.66673005296434	[3.750018540760007, 5]
0.0	0	45.733301740553465	[1, 0]	170.81446925087133	[3.447488747108204, 5]
0.0	0	25.457775317138314	[2, 0]	148.885064887961	[8.213140456687464, 5]
0.0	0	23.4867116661053	[2, 0]	148.87939189715797	[5.689698622524675, 5]
0.0	0	30.626882807034782	[1, 0]	149.9260351068346	[5.3168133137642055, 5]
0.0	0	49.34177498096289	[2, 0]	140.18125386927107	[3.4650826795522023, 5]
0.0	0	25.013596425725623	[1, 0]	113.58626338124023	[3.0294129206319202, 5]
0.0	0	14.016028646175542	[2, 0]	110.01128250841217	[5.375032446470174, 5]
0.0	0	16.55879559737534	[2, 0]	161.6875459894208	[7.774938272032653, 5]
0.0	0	18.668162511357405	[2, 0]	93.13560058001174	[2.9061540436934408, 5]
0.0	0	14.715772649390546	[1, 0]	135.40778003460446	[1.4882710275005664, 5]
0.0	0	26.015310510604596	[1, 0]	158.9564608045436	[6.061593053925243, 5]
0.0	0	25.605603910669192	[2, 0]	140.61864432607976	[2.468615502210184, 5]
0.0	0	36.46429181592557	[1, 0]	90.11081958126717	[2.2103848124754317, 5]
0.0	0	17.662377239948192	[1, 0]	159.53064290390768	[6.9741856417994486, 5]
0.0	0	41.09710345663209	[1, 0]	134.2986777639092	[3.941120798007388, 5]
0.0	0	15.012730994002519	[1, 0]	140.6164145167434	[4.416580387851171, 5]
0.0	0	44.98214128135884	[1, 0]	90.8124970895778	[4.742383351031671, 5]
0.0	0	15.279250898469453	[1, 0]	93.295903515902	[6.8938004704127325, 5]
0.0	0	14.037599383170514	[1, 0]	122.06577800544505	[5.36236318498417, 5]
0.0	0	33.27526745508112	[2, 0]	106.8496552965874	[8.213715132558777, 5]
0.0	0	26.87626403140266	[1, 0]	176.76909981022482	[3.2975323980769726, 5]
0.0	0	38.227417512054444	[1, 0]	114.1587614417565	[6.841818257328943, 5]
0.0	0	34.40902536098855	[2, 0]	132.87284580806886	[7.531166810315065, 5]
0.0	0	36.73279813781132	[2, 0]	143.49457507852958	[6.278691252317928, 5]
0.0	0	26.762681506507448	[2, 0]	176.11545346247738	[2.192176433153201, 5]
0.0	0	30.011837594283392	[2, 0]	94.72164562467117	[1.794296715503585, 5]
0.0	0	47.53759861451797	[1, 0]	117.80029884066462	[3.6951436252190986, 5]
0.0	0	31.664921899864883	[1, 0]	130.75762209685638	[2.8110570350580266, 5]
0.0	0	38.999219261679755	[1, 0]	96.28851179648215	[2.5625767962807227, 5]
0.0	0	11.02490772761109	[1, 0]	149.6370985180351	[4.338589097773386, 5]
0.0	0	21.294324535898966	[2, 0]	107.95815688220935	[5.5736068489284945, 5]
0.0	0	42.91828525537795	[1, 0]	166.37862918104477	[5.495358843128908, 5]
0.0	0	48.53851331137758	[2, 0]	112.89129027225047	[3.9827443263023894, 5]
0.0	0	43.751631109141584	[2, 0]	123.07010201271243	[3.1171243468668397, 5]
0.0	0	38.108821754863236	[1, 0]	122.86995103981229	[8.316306864324982, 5]
0.0	0	43.65931953751867	[2, 0]	169.0863515639623	[4.212543454968292, 5]
0.0	0	27.4123087163932	[1, 0]	114.25680580577432	[7.028809259614815, 5]
0.0	0	24.52490273657114	[1, 0]	95.50630769605789	[3.9014866157389854, 5]
0.0	0	40.306488749142964	[1, 0]	151.737126507829	[2.0286698884740932, 5]
0.0	0	27.78741838914327	[2, 0]	153.38578372332174	[5.809685833292781, 5]
0.0	0	11.359270348395345	[2, 0]	168.933856261323	[2.2593929534340247, 5]
0.0	0	35.04731582931262	[1, 0]	154.20465631920518	[5.858505223986497, 5]
0.0	0	24.719337902087748	[1, 0]	107.42793508800126	[4.129015985067589, 5]
0.0	0	44.64502732050895	[1, 0]	133.83595331898454	[5.084240699940898, 5]
0.0	0	12.438055306811203	[1, 0]	128.68950504560775	[8.285583834117562, 5]
0.0	0	47.72905803824882	[1, 0]	160.93890323244784	[3.297460154197201, 5]
0.0	0	19.43371060048446	[1, 0]	155.06553209135217	[2.34576342117007, 5]
0.0	0	40.03504497449531	[1, 0]	167.95516125311332	[4.526286808963985, 5]
0.0	0	26.7317416344001	[2, 0]	100.39521074375304	[2.8241209435991608, 5]
0.0	0	36.01177994023031	[2, 0]	129.59549026673534	[7.77119182551149, 5]
0.0	0	47.699500151631106	[1, 0]	139.4861629409813	[5.865248286851077, 5]
0.0	0	20.77261991065063	[2, 0]	104.42717132948027	[2.534169911873133, 5]
0.0	0	11.956551576242953	[1, 0]	133.2219646105761	[2.436147466931721, 5]
0.0	0	35.98548648097286	[1, 0]	138.50931891419327	[5.21826177525623, 5]
0.0	0	22.0476184157095	[2, 0]	155.80020679848087	[3.2188982717685417, 5]
0.0	0	43.546984245399244	[1, 0]	173.66216437901818	[5.127764292214394, 5]
0.0	0	48.45478028941559	[1, 0]	109.3974042176588	[4.4973370941372135, 5]
0.0	0	23.711291935194936	[2, 0]	100.69680174604335	[1.9092542651159894, 5]
0.0	0	36.632267152019466	[2, 0]	148.34084684029722	[7.288336643834343, 5]
0.0	0	38.312748053257515	[1, 0]	165.2377201336942	[5.191771439593893, 5]
0.0	0	22.100413303810814	[1, 0]	95.11740656665418	[6.191390501986516, 5]
0.0	0	15.634182403309524	[2, 0]	149.9840322236205	[6.892622853364119, 5]
0.0	0	25.204881225608847	[2, 0]	94.0809125421251	[5.338909217143324, 5]
0.0	0	48.43497590336883	[1, 0]	125.35008024660647	[2.179817929442867, 5]
0.0	0	45.93971690558325	[1, 0]	130.9061517201335	[2.2612234235617645, 5]
0.0	0	29.62631690571694	[1, 0]	172.75380260348555	[8.00353342880858, 5]
0.0	0	30.930256582534522	[2, 0]	101.33706219423676	[8.117202546918108, 5]
0.0	0	44.1061587013782	[1, 0]	97.90351912982698	[2.156861559724486, 5]
0.0	0	41.03705713325093	[1, 0]	114.0701539939881	[4.9120012718519455, 5]
0.0	0	19.082254697975323	[1, 0]	104.89210549551646	[4.9071281316502695, 5]
0.0	0	12.652818159874025	[2, 0]	133.24668524809584	[1.7815965655675448, 5]
0.0	0	29.76454796114821	[1, 0]	159.53303904738854	[8.28750532216016, 5]
0.0	0	19.99382003958017	[1, 0]	143.68116724871123	[1.638615802392153, 5]
0.0	0	28.889369736975667	[2, 0]	138.42949663690052	[4.759872172882124, 5]
0.0	0	38.470697497111296	[1, 0]	115.92587919375897	[5.526841333874734, 5]
0.0	0	22.0636744889521	[2, 0]	97.93926348355404	[2.516803582968294, 5]
0.0	0	38.380064169065434	[1, 0]	123.40117416390444	[2.8441428770657255, 5]
0.0	0	34.26826495275911	[2, 0]	95.7273292313235	[3.8043709846943643, 5]
0.0	0	47.933526918364535	[1, 0]	171.96532269438484	[6.4882527381811474, 5]
0.0	0	17.26009743418659	[2, 0]	163.16911569534028	[6.19721908164435, 5]
0.0	0	10.834254098191135	[2, 0]	165.22059610689868	[4.440156200951806, 5]
0.0	0	20.78658584679721	[2, 0]	99.97517785995244	[7.754940231137987, 5]
0.0	0	44.472980113957654	[1, 0]	110.88133289083322	[6.396518098212982, 5]
0.0	0	31.501148549913008	[1, 0]	122.77809258695554	[6.4344629573690995, 5]
0.0	0	45.24280146428163	[2, 0]	124.30861678574212	[2.5504132787982985, 5]
0.0	0	13.52285473105606	[2, 0]	150.6529472606806	[7.377947121533462, 5]
0.0	0	35.86861331009031	[1, 0]	140.25432237685172	[8.251937066669873, 5]
0.0	0	40.44529815535493	[2, 0]	124.705106262012	[5.3558544711600895, 5]
0.0	0	24.42710985542282	[2, 0]	116.55812630663578	[5.610788408501279, 5]
0.0	0	46.24608864758737	[1, 0]	173.6330858982993	[4.821598599129972, 5]
0.0	0	22.97175056809424	[1, 0]	89.69516071837775	[4.1744243996470605, 5]
0.0	0	10.153614290469802	[2, 0]	109.74517757420526	[1.7314971955299021, 5]
0.0	0	36.22625454937021	[2, 0]	167.87725183197884	[4.877714666344356, 5]
0.0	0	36.859948085227344	[1, 0]	156.87640025992678	[5.10353776971909, 5]
0.0	0	14.11260469902529	[2, 0]	110.91688073193234	[3.2780397594965898, 5]
0.0	0	39.49385654943322	[1, 0]	141.3721041079326	[1.689417105289735, 5]
0.0	0	38.35116203392271	[1, 0]	135.583549220856	[7.539073549222646, 5]
0.0	0	42.27739501577933	[2, 0]	122.1909246624138	[3.4235951371128737, 5]
0.0	0	48.67373477197983	[2, 0]	114.6076815876663	[2.797911767282717, 5]
0.0	0	49.55184304211726	[1, 0]	178.42082251780303	[7.87840031324032, 5]
0.0	0	11.199751625126598	[1, 0]	125.84500182126737	[4.408912570942405, 5]
0.0	0	38.98038196098526	[1, 0]	116.90705975498892	[2.758912549713589, 5]
0.0	0	32.135957513469464	[1, 0]	118.82286062155684	[2.5796217837717874, 5]
0.0	0	47.3873519799189	[1, 0]	109.1061362295338	[2.154384355635384, 5]
0.0	0	26.482044916681456	[2, 0]	139.96130288225083	[4.204570363621369, 5]
0.0	0	36.48773771413308	[2, 0]	136.81682911550465	[7.536789981358574, 5]
0.0	0	36.33051190279151	[1, 0]	173.52885339701857	[3.690322527512455, 5]
0.0	0	19.648750069021972	[2, 0]	121.37992813918339	[3.0204987914999304, 5]
0.0	0	21.353988749100967	[2, 0]	92.84190901984185	[7.723324203516861, 5]
0.0	0	46.78756741795708	[2, 0]	133.17099521415548	[2.405686213918663, 5]
0.0	0	14.262330573257385	[1, 0]	168.95552523945122	[5.509018247027625, 5]
0.0	0	39.46678068692181	[2, 0]	119.85481726731703	[5.23470107356391, 5]
0.0	0	47.73626912125687	[2, 0]	150.62459472570848	[4.361795585960537, 5]
0.0	0	36.66828732956223	[1, 0]	110.5073582140593	[2.8232926202918356, 5]
0.0	0	20.160172326188253	[1, 0]	109.16627344924632	[5.4711030129984435, 5]
0.0	0	21.24671461852994	[2, 0]	103.92412188461887	[4.485344455782158, 5]
0.0	0	20.10538940748448	[1, 0]	173.29417099197235	[3.506639422642868, 5]
0.0	0	14.162792330431023	[1, 0]	136.92096384101256	[7.232987493726909, 5]
0.0	0	38.59140168967118	[1, 0]	128.50240829983022	[7.72049169338376, 5]
0.0	0	28.880638308856952	[2, 0]	174.09801527284066	[3.590731963028769, 5]
0.0	0	37.18873441485778	[1, 0]	131.52286064591894	[5.457310905445503, 5]
0.0	0	27.19627352506887	[1, 0]	89.3046690707352	[4.2351667270481945, 5]
0.0	0	30.503182299342573	[2, 0]	160.52732446846332	[7.235585478873411, 5]
0.0	0	47.008297644475476	[2, 0]	129.33372451610046	[5.285054314229929, 5]
0.0	0	37.39178417322451	[1, 0]	95.51046775430721	[3.1276589228704603, 5]
0.0	0	22.343537433841934	[2, 0]	121.09669498342295	[2.8774705640927, 5]
0.0	0	21.40938543404679	[1, 0]	141.14809280234726	[3.9809187738210903, 5]
0.0	0	34.32506091525484	[2, 0]	172.8682491867336	[6.281089337255458, 5]
0.0	0	34.094671593831286	[1, 0]	120.7729930335615	[4.897914370041442, 5]
0.0	0	16.176754266240614	[2, 0]	127.22503321956	[5.962292319822276, 5]
0.0	0	48.91115595803953	[1, 0]	138.93786003153375	[4.275413940267919, 5]
0.0	0	15.352865002352733	[2, 0]	158.96296742157452	[5.567129628341484, 5]
0.0	0	31.68641683707274	[1, 0]	121.50887825248772	[2.521843746690329, 5]
0.0	0	43.51586632945297	[1, 0]	149.45792261089957	[4.185068612132495, 5]
0.0	0	35.25834323401256	[1, 0]	134.75427335460995	[6.135419946419578, 5]
0.0	0	31.090920557257007	[2, 0]	90.51553397570238	[7.059086051392684, 5]
0.0	0	43.36869301409211	[2, 0]	138.6086350998583	[7.9856812501793195, 5]
0.0	0	11.782334606003829	[1, 0]	130.592091963128	[2.866760750487814, 5]
0.0	0	17.637901837888194	[2, 0]	99.53537826538266	[5.270758296138819, 5]
0.0	0	18.854265136506058	[1, 0]	90.37111350626009	[2.349140050860437, 5]
0.0	0	22.431011589606666	[1, 0]	126.28838661936541	[3.237163703877395, 5]
0.0	0	14.309270899834265	[1, 0]	104.18404555083107	[2.2312960541418936, 5]
0.0	0	10.62518966524797	[1, 0]	174.67647590380315	[5.561238468756381, 5]
0.0	0	39.64188647248367	[1, 0]	168.70956412529904	[3.241938645619037, 5]
0.0	0	21.20197236653172	[1, 0]	171.73946841776802	[1.8165893133827782, 5]
0.0	0	12.57326994978779	[2, 0]	150.9653797252045	[5.315529824810696, 5]
0.0	0	20.21530051425643	[1, 0]	152.9866539256633	[5.297612074814003, 5]
0.0	0	28.290322933928568	[2, 0]	111.34976039442066	[3.9138205524770737, 5]
0.0	0	14.95414576229575	[2, 0]	131.6454901106589	[2.1902450593012754, 5]
0.0	0	38.44913896655632	[2, 0]	112.34651213930927	[3.5294411525388134, 5]
0.0	0	11.454311674208405	[2, 0]	118.46121877479544	[8.149305942197996, 5]
0.0	0	19.21362526739996	[2, 0]	154.50823069217859	[6.385806203818628, 5]
0.0	0	11.884690486438126	[1, 0]	136.772525022484	[4.187258160435168, 5]
0.0	0	14.01204861516825	[2, 0]	102.17663300677141	[3.18792803010114, 5]
0.0	0	23.715749097305245	[2, 0]	173.08902845535604	[1.8383386879651686, 5]
0.0	0	18.578754516939142	[2, 0]	106.18894069638704	[2.2526708146546786, 5]
0.0	0	16.23081051885255	[1, 0]	156.17414368888257	[4.555611702536392, 5]
0.0	0	41.47123175734946	[1, 0]	161.07420382044847	[1.6933890521295991, 5]
0.0	0	17.980271485277335	[2, 0]	126.05573199697727	[5.319279759400426, 5]
0.0	0	21.38802522404649	[1, 0]	147.60185174265476	[4.217979707540381, 5]
0.0	0	34.4718649485408	[2, 0]	159.52149986840385	[4.505524757285299, 5]
0.0	0	18.711210729578585	[2, 0]	109.60058307316953	[2.471663110895071, 5]
0.0	0	17.17915395004754	[1, 0]	161.30453306647672	[7.64243335869363, 5]
0.0	0	15.678786500653029	[1, 0]	142.25538169482164	[4.100990815402376, 5]
0.0	0	13.889901386017295	[2, 0]	158.35123512997245	[7.907591770351588, 5]
0.0	0	45.57512585680278	[2, 0]	98.16405663537113	[3.2187281920872635, 5]
0.0	0	38.33581012453379	[1, 0]	175.18720274568545	[4.2673397147431205, 5]
0.0	0	20.086400178595234	[2, 0]	120.24311168874308	[5.300099614548355, 5]
0.0	0	43.649939543417254	[2, 0]	158.22347337099006	[4.275216627311436, 5]
0.0	0	42.708502571902805	[1, 0]	118.77362352220909	[2.184670746587501, 5]
0.0	0	23.038153458533984	[2, 0]	104.48950437277054	[3.3961392572669604, 5]
0.0	0	24.89204533665116	[2, 0]	169.42304999403052	[4.301250627371842, 5]
0.0	0	11.954073591496886	[1, 0]	128.22069646740363	[2.588041822244009, 5]
0.0	0	30.948637080682012	[1, 0]	90.70011111469339	[4.290468616723731, 5]
0.0	0	49.65604386575717	[2, 0]	119.16800526663633	[2.188986416630378, 5]
0.0	0	34.73237593908448	[2, 0]	160.2046283665212	[2.434756677928631, 5]
0.0	0	19.956248699793694	[1, 0]	177.82805630213213	[8.013400459836275, 5]
0.0	0	33.21391571631278	[1, 0]	111.88643068696683	[2.347088880916532, 5]
0.0	0	30.460178496340706	[1, 0]	104.02346117046685	[7.832344345552298, 5]
0.0	0	43.8592868514784	[2, 0]	122.25303219637307	[3.9503515690543574, 5]
0.0	0	28.37286783926278	[1, 0]	120.85126744336316	[3.6600579865794285, 5]
0.0	0	17.759407934146346	[2, 0]	147.07153084012592	[3.2214731042016242, 5]
0.0	0	46.88000233658884	[1, 0]	152.93808546732174	[3.418858022695282, 5]
0.0	0	37.63425047797945	[1, 0]	98.37620704106374	[6.7805810157671305, 5]
0.0	0	43.966818204845396	[1, 0]	158.0359649797147	[3.8692992942077016, 5]
0.0	0	28.507625219440833	[2, 0]	159.4695036025252	[7.587287172573512, 5]
0.0	0	37.49093022407859	[1, 0]	92.6360208602859	[3.4625328002152815, 5]
0.0	0	32.6228767921308	[1, 0]	100.96570449226465	[3.188329056079675, 5]
0.0	0	26.825508742358856	[1, 0]	133.78422487283515	[6.445765393807013, 5]
0.0	0	47.888669277274474	[1, 0]	170.04663882676235	[4.612190174668687, 5]
0.0	0	31.352549274779346	[2, 0]	109.33752634819047	[2.1803829543260678, 5]
0.0	0	23.80021483750036	[1, 0]	126.6401750194969	[8.17624386891871, 5]
0.0	0	34.51649525947858	[2, 0]	103.9454264364711	[6.439469410345608, 5]
0.0	0	25.26303700057456	[2, 0]	108.37950386903921	[8.171795034856938, 5]
0.0	0	33.22732097141753	[2, 0]	121.38149955204369	[4.905203935883419, 5]
0.0	0	14.308748987272267	[1, 0]	129.62549486848894	[7.410821078621983, 5]
0.0	0	19.016763072450722	[1, 0]	114.19028286583128	[1.431841286581832, 5]
0.0	0	33.61278577289025	[1, 0]	105.07040547423865	[4.6072542162974885, 5]
0.0	0	15.395362422122181	[2, 0]	118.96588662541389	[3.5654870206355986, 5]
0.0	0	24.24831702936647	[2, 0]	162.59558025502002	[6.205135319971297, 5]
0.0	0	39.80826893544446	[1, 0]	157.68275531556327	[6.148136362178741, 5]
0.0	0	44.62033508178206	[1, 0]	169.4558045012092	[4.03836108141143, 5]
0.0	0	28.772308328670253	[1, 0]	161.2867486689735	[2.6665830501283665, 5]
0.0	0	33.78236590770208	[1, 0]	121.615539155255	[7.201604978546534, 5]
0.0	0	12.004627091615019	[2, 0]	112.21899256332807	[1.9250313359175426, 5]
0.0	0	22.88888037238879	[1, 0]	168.72309559232343	[2.0362934191590716, 5]
0.0	0	44.931396365478584	[2, 0]	177.11096525573572	[2.9892903976559504, 5]
0.0	0	26.93585383228602	[2, 0]	109.09877230376495	[7.681529916086673, 5]
0.0	0	23.80601996605147	[1, 0]	177.88588639389627	[2.925723141416627, 5]
0.0	0	32.2564730350583	[2, 0]	162.0742677004134	[2.120402773924174, 5]
0.0	0	32.54275606963816	[2, 0]	126.50639841198429	[7.6790141728928205, 5]
0.0	0	35.56425294208227	[2, 0]	139.9913244387503	[2.0852709948714088, 5]
0.0	0	25.768831541322854	[2, 0]	160.90292911916072	[2.124446015131068, 5]
0.0	0	24.76288026669428	[2, 0]	142.6067302591107	[4.4093146082212815, 5]
0.0	0	33.93451755229776	[2, 0]	149.5697447582803	[4.225437626046738, 5]
0.0	0	24.80294401817836	[2, 0]	160.22491777513034	[5.540833178481598, 5]
0.0	0	25.987649082514036	[2, 0]	90.17307133077877	[7.709913895444591, 5]
0.0	0	30.694545059266748	[1, 0]	146.5384935200388	[2.921318612204549, 5]
0.0	0	13.002582447877808	[1, 0]	119.0218736246293	[2.2776902242205725, 5]
0.0	0	32.76528284913672	[2, 0]	177.95041155965157	[4.933875184550739, 5]
0.0	0	34.80667084774064	[2, 0]	171.54612131698622	[3.9853459301970604, 5]
0.0	0	48.32765323119917	[2, 0]	116.02633934700509	[2.406938036294734, 5]
0.0	0	26.097272033368917	[2, 0]	97.63609335071675	[3.3682513757186867, 5]
0.0	0	11.631652822584877	[2, 0]	145.41488638562822	[5.045267823862037, 5]
0.0	0	25.2250284814043	[1, 0]	122.11448305714154	[3.4338462469954916, 5]
0.0	0	47.643588532690465	[1, 0]	162.92387733019564	[7.843871779578427, 5]
0.0	0	49.37047969384317	[2, 0]	132.37598832144445	[5.882096614981721, 5]
0.0	0	14.68885330687588	[2, 0]	133.51630128790617	[6.107124513378764, 5]
0.0	0	33.378982860563475	[1, 0]	167.61950562048816	[7.173307868047103, 5]
0.0	0	41.83887111850673	[2, 0]	137.45807594105256	[7.156089731419033, 5]
0.0	0	46.797923478188935	[1, 0]	144.2793234396074	[6.4298840000533675, 5]
0.0	0	34.75076649731908	[2, 0]	106.37283513263428	[5.75120664280341, 5]
0.0	0	39.06210617901928	[1, 0]	89.66526304356023	[7.56536178203159, 5]
0.0	0	26.28651883162529	[2, 0]	93.61732718749595	[4.259389562749163, 5]
0.0	0	41.94816252493595	[2, 0]	135.9813896086215	[1.6492515582858969, 5]
0.0	0	30.59202023536933	[1, 0]	175.786220669984	[2.1797731337553636, 5]
0.0	0	41.80019184497937	[2, 0]	112.12425363462154	[6.475885332938048, 5]
0.0	0	18.424741749568547	[1, 0]	177.1920509495177	[2.8930570768832498, 5]
0.0	0	17.4121737989767	[2, 0]	110.03702834212444	[7.1035129410819255, 5]
0.0	0	22.930882009515134	[1, 0]	135.0930783793858	[7.846547562151026, 5]
0.0	0	38.821328204879684	[2, 0]	154.09379905877609	[4.118609691735507, 5]
0.0	0	49.53311466233201	[2, 0]	173.62515149188766	[5.002363821417455, 5]
0.0	0	44.84127521247771	[1, 0]	172.04758367712853	[3.3838298265735878, 5]
0.0	0	45.20053434023548	[2, 0]	131.25538808290824	[3.932165366841195, 5]
0.0	0	23.770998681102547	[1, 0]	152.81615047554777	[7.752069206635945, 5]
0.0	0	45.42261415045405	[1, 0]	128.3563879943734	[2.10633682552049, 5]
0.0	0	27.185269023205443	[2, 0]	133.73621911908467	[7.7112696688771, 5]
0.0	0	21.30573801462527	[1, 0]	155.56498162781577	[2.9960433300008353, 5]
0.0	0	35.1254399174309	[2, 0]	111.56159936192267	[6.576900099237174, 5]
0.0	0	24.09958275869754	[2, 0]	123.46075254733535	[3.025959448818647, 5]
0.0	0	37.46400498721214	[2, 0]	106.93108577947639	[4.292290060378639, 5]
0.0	0	38.19336478999372	[2, 0]	157.26640015513937	[5.607278825835631, 5]
0.0	0	29.811141595964592	[2, 0]	143.23613400150256	[1.9831477979156429, 5]
0.0	0	45.82810120515839	[2, 0]	152.79156722464822	[5.554076701634203, 5]
0.0	0	18.898875156896263	[1, 0]	139.7805497576666	[5.910618998043112, 5]
0.0	0	15.326344653265858	[1, 0]	150.51997730642273	[5.114627586359346, 5]
0.0	0	34.32174752949891	[1, 0]	169.75224548007475	[3.775563768895941, 5]
0.0	0	12.634519874788182	[1, 0]	172.8317370461184	[3.8224076405910337, 5]
0.0	0	12.837190004408734	[1, 0]	148.25168180569148	[7.174200033969853, 5]
0.0	0	28.250145711333555	[2, 0]	147.65232622010308	[4.584854968956639, 5]
0.0	0	32.09310582861093	[2, 0]	109.11716279725219	[2.585511182413808, 5]
0.0	0	33.48360293564176	[2, 0]	177.89652836850962	[7.747425386254329, 5]
0.0	0	19.162658353251967	[2, 0]	170.0399717160613	[1.5851137349474396, 5]
0.0	0	44.902121519253214	[1, 0]	175.9184389951012	[8.215549372382982, 5]
0.0	0	12.397157370417546	[1, 0]	154.92372944063106	[3.898715260152318, 5]
0.0	0	23.879045929517044	[1, 0]	104.29795291993901	[8.07837047790441, 5]
0.0	0	32.15824936870126	[1, 0]	120.74731397987992	[7.805140725031303, 5]
0.0	0	38.35982658356722	[2, 0]	149.67103563061715	[2.1563225522702165, 5]
0.0	0	43.34747029945972	[2, 0]	174.13205415310222	[8.159266184910337, 5]
0.0	0	43.88777401132616	[1, 0]	121.31939154986166	[7.985717031962157, 5]
0.0	0	10.512497657397965	[2, 0]	143.90752773408124	[4.242005074196486, 5]
0.0	0	40.118998921699024	[1, 0]	97.46176118303826	[7.594308488340734, 5]
0.0	0	33.38202790104513	[2, 0]	124.02724732603252	[6.4532973755104255, 5]
0.0	0	25.348713376789384	[1, 0]	173.12924655715616	[6.172955780056709, 5]
0.0	0	20.30411718317829	[2, 0]	169.0041414522882	[4.188515369060215, 5]
0.0	0	13.343951458007998	[1, 0]	130.45312939149863	[2.638713764549004, 5]
0.0	0	24.90350208924159	[2, 0]	94.1210247833925	[5.582195891159778, 5]
0.0	0	49.105840465073676	[1, 0]	124.6959640571466	[2.213825775544334, 5]
0.0	0	22.000074073915517	[2, 0]	145.47618049066713	[1.9507013455889106, 5]
0.0	0	29.140246849949143	[2, 0]	119.7144976773695	[4.436560433127272, 5]
0.0	0	25.308564549936175	[2, 0]	121.39641525507433	[1.6902919999904247, 5]
0.0	0	15.077814361607643	[1, 0]	141.8289957591627	[6.611654819634153, 5]
0.0	0	35.83563484445188	[2, 0]	102.1820462349481	[6.658969011624497, 5]
0.0	0	10.738056315314612	[2, 0]	98.75279062842813	[2.703418641405506, 5]
0.0	0	32.91056636166289	[2, 0]	160.68735115798506	[1.4922670918921208, 5]
0.0	0	20.296332534856436	[1, 0]	167.58403955040964	[5.703989371926881, 5]
0.0	0	25.311654954642844	[2, 0]	108.15373580941956	[5.689659459086011, 5]
0.0	0	33.100485631518005	[2, 0]	127.41987286140883	[4.893862073168387, 5]
0.0	0	11.74077309695537	[2, 0]	178.6257774554315	[2.3092457095464525, 5]
0.0	0	49.8219927411803	[1, 0]	170.06865516904827	[2.769068260646276, 5]
0.0	0	16.869644485418167	[2, 0]	97.16865649909523	[2.9595249955958036, 5]
0.0	0	28.79432931507359	[2, 0]	105.34306661268823	[4.372550963497031, 5]
0.0	0	29.155448085890736	[2, 0]	108.13229755343085	[3.731441679054339, 5]
0.0	0	19.157423678873265	[1, 0]	102.6964087866893	[3.311887486895742, 5]
0.0	0	37.88111593812867	[1, 0]	138.46622745716502	[2.3255450760960343, 5]
0.0	0	35.883140467019984	[1, 0]	120.02019499333903	[1.417667649424263, 5]
0.0	0	20.15048861642623	[2, 0]	123.41609751868279	[7.555183708520572, 5]
0.0	0	47.986527188868266	[2, 0]	141.4496625729562	[4.7214966778770044, 5]
0.0	0	32.55935589108193	[1, 0]	105.38528030191964	[6.894441229071785, 5]
0.0	0	28.802282542463704	[2, 0]	158.56983797637	[5.309563260670522, 5]
0.0	0	15.064841249455739	[1, 0]	167.91971074826972	[4.887665061310534, 5]
0.0	0	11.686824632359231	[1, 0]	144.49175135022855	[5.3146043980465745, 5]
0.0	0	35.972967054326844	[1, 0]	124.38461191504611	[6.355942819479047, 5]
0.0	0	46.09154575966833	[1, 0]	103.7959745438517	[3.928032710887491, 5]
0.0	0	16.9415331964729	[2, 0]	162.85632592507397	[7.456612793822971, 5]
0.0	0	49.20189421062508	[1, 0]	148.6329851150046	[4.349944354889926, 5]
0.0	0	11.648369473758468	[2, 0]	149.39049867208496	[7.764044043029961, 5]
0.0	0	44.18940012524929	[1, 0]	101.76037191366169	[7.631602540251606, 5]
0.0	0	33.798865994542254	[2, 0]	160.84814143816226	[7.48172202456825, 5]
0.0	0	48.29312481264603	[2, 0]	121.9494534879724	[5.464772929554678, 5]
0.0	0	18.07050328182729	[2, 0]	172.56959417333314	[5.766895425591745, 5]
0.0	0	23.87971241606492	[2, 0]	127.6599640392845	[2.5012053394960474, 5]
0.0	0	17.266400659063027	[1, 0]	168.24963216870393	[2.9086986111081083, 5]
0.0	0	27.004235663143735	[2, 0]	121.86665459581569	[2.5869775956728622, 5]
0.0	0	47.59813996675624	[1, 0]	120.39752014674121	[7.154530309232164, 5]
0.0	0	11.86276093038512	[1, 0]	146.13330998409373	[7.180965084207716, 5]
0.0	0	26.14054876996878	[1, 0]	142.90423549396434	[1.4464815143045904, 5]
0.0	0	15.227754075043075	[1, 0]	165.38227678880966	[7.837653883889658, 5]
0.0	0	44.770781733907874	[2, 0]	138.46669371147206	[8.047819204824556, 5]
0.0	0	31.27279659394603	[2, 0]	99.63473970458647	[4.754907754743357, 5]
0.0	0	33.15499189193508	[2, 0]	137.88781885489448	[1.4368628812290078, 5]
0.0	0	31.790645249389204	[2, 0]	109.8373830759244	[4.817292558277282, 5]
0.0	0	20.899470246161716	[1, 0]	166.98554298137725	[1.7588438652089942, 5]
0.0	0	19.76863791758566	[1, 0]	171.38296949780178	[3.4017683607224294, 5]
0.0	0	23.333735585923314	[2, 0]	161.29571891570362	[3.8204716943788246, 5]
0.0	0	28.947359894971214	[1, 0]	174.64786268362434	[7.870221533555192, 5]
0.0	0	33.550429776188885	[2, 0]	136.44499011221498	[1.6627469665223338, 5]
0.0	0	17.70330180031444	[2, 0]	141.928843217576	[8.218791756133696, 5]
0.0	0	46.86148243905759	[1, 0]	155.28758578141577	[6.316671329967814, 5]
0.0	0	22.135739277731137	[1, 0]	175.68077622530285	[3.6144328851824707, 5]
0.0	0	16.574796987398894	[1, 0]	160.0736089128677	[4.338851209216758, 5]
0.0	0	38.47353620817138	[1, 0]	120.15811396065706	[5.789974538884781, 5]
0.0	0	24.17200489178983	[2, 0]	157.127225509837	[2.611009563417269, 5]
0.0	0	37.87109259267614	[1, 0]	137.83155319078065	[3.594578090665545, 5]
0.0	0	18.32518904028409	[1, 0]	166.39443811108654	[7.36353167974978, 5]
0.0	0	40.987568841169285	[2, 0]	153.6510534702934	[3.4578342811865275, 5]
0.0	0	32.27844746918784	[2, 0]	90.30223924945369	[7.913950737339996, 5]
0.0	0	24.450210461501875	[2, 0]	171.76404902608823	[3.2918043721735253, 5]
0.0	0	46.1955275508393	[1, 0]	119.80816468695969	[7.802602924797436, 5]
0.0	0	40.76897961789579	[1, 0]	117.69490265341229	[8.291851089024734, 5]
0.0	0	35.8557313894899	[1, 0]	95.88447088632599	[7.708048863644947, 5]
0.0	0	11.444517094750621	[2, 0]	105.634635299247	[3.3627839488232287, 5]
0.0	0	25.62048792648474	[2, 0]	123.17395159702112	[8.089178917169654, 5]
0.0	0	29.105001456341007	[2, 0]	116.73875635179434	[3.688610817235996, 5]
0.0	0	30.295625404237974	[2, 0]	169.0021738728532	[6.979291174614013, 5]
0.0	0	39.05908456338634	[1, 0]	143.83361237763822	[5.199991163926448, 5]
0.0	0	35.435994430015015	[1, 0]	97.03666477588187	[2.984812311649439, 5]
0.0	0	27.372537770231446	[1, 0]	136.86918089336856	[4.425159828924507, 5]
0.0	0	41.74196483258187	[1, 0]	130.41953235436227	[7.133721332994942, 5]
0.0	0	11.431762097941755	[1, 0]	93.25819185333509	[1.687387836802714, 5]
0.0	0	41.25279695373724	[2, 0]	162.46738510724998	[1.753287227134853, 5]
0.0	0	17.25618138290607	[1, 0]	174.47359414980411	[2.501505421441242, 5]
0.0	0	15.88046032112188	[2, 0]	118.64297130105936	[2.2834424407685114, 5]
0.0	0	33.502456687928515	[1, 0]	111.06227705271752	[6.454190155964933, 5]
0.0	0	47.2114142824601	[1, 0]	165.81509431714352	[3.93557962612984, 5]
0.0	0	18.468133134677213	[1, 0]	110.91187516775945	[1.5910675441042845, 5]
0.0	0	17.757924368690205	[2, 0]	91.09986834120973	[4.789571950248096, 5]
0.0	0	14.861015648083816	[2, 0]	171.19041664795208	[2.0064321387544073, 5]
0.0	0	37.587798708551354	[2, 0]	154.83330825776835	[3.791537395885934, 5]
0.0	0	40.88273686734137	[2, 0]	121.08054194623656	[6.046209845399898, 5]
0.0	0	49.9002498593903	[1, 0]	153.26850247751918	[5.1715584890859985, 5]
0.0	0	47.183755083627936	[1, 0]	94.93184777077785	[1.4723800877128783, 5]
0.0	0	40.49957329077465	[2, 0]	137.04177072012908	[7.1372983312383, 5]
0.0	0	24.475764990714964	[2, 0]	118.58476190027297	[5.537796934629692, 5]
0.0	0	25.00567184721662	[2, 0]	110.99858873706714	[3.838902439272148, 5]
0.0	0	11.44960136421934	[1, 0]	149.69360718765012	[3.8854969935919472, 5]
0.0	0	19.684798466284306	[1, 0]	162.20293303600252	[3.8151285237051598, 5]
0.0	0	39.30015688803426	[2, 0]	126.69821936073959	[6.978319008220245, 5]
0.0	0	26.4501963010624	[2, 0]	121.15166442242872	[5.820177514735485, 5]
0.0	0	47.119257487031525	[1, 0]	157.6043028632655	[5.486222886813545, 5]
0.0	0	35.79889930991008	[2, 0]	112.98215216151873	[2.54617995935475, 5]
0.0	0	33.98003749032235	[2, 0]	159.45374611642134	[4.906201073200319, 5]
0.0	0	21.64643997017044	[1, 0]	153.57513836917195	[3.751466485708576, 5]
0.0	0	22.93510547536469	[2, 0]	102.5068536149341	[5.461935039686071, 5]
0.0	0	37.293442369480275	[2, 0]	177.66331657258013	[5.273288331577786, 5]
0.0	0	49.46828738795561	[1, 0]	152.2722023291579	[7.158147926100785, 5]
0.0	0	46.97503271409872	[1, 0]	176.7381636845879	[3.2137587203643254, 5]
0.0	0	48.612730744703384	[2, 0]	145.37986306414834	[5.380426140337255, 5]
0.0	0	42.80215546574255	[1, 0]	137.93855160686996	[2.9030094355260694, 5]
0.0	0	49.204798829763426	[1, 0]	148.4198765920892	[6.783615133928584, 5]
0.0	0	12.217673801095836	[1, 0]	149.0669100896775	[3.4926244871779084, 5]
0.0	0	21.76364196859148	[1, 0]	123.04618730940965	[2.9587797102584306, 5]
0.0	0	23.858790224802334	[2, 0]	142.21018451570163	[3.369221434895786, 5]
0.0	0	34.2269214091411	[1, 0]	115.8888518139773	[2.7206834227432712, 5]
0.0	0	43.709196412230405	[2, 0]	173.056453422429	[1.578821927966813, 5]
0.0	0	47.52733163196941	[1, 0]	157.8004822523493	[7.295857421013625, 5]
0.0	0	20.291451464863716	[2, 0]	165.11867995169325	[4.360968409135, 5]
0.0	0	47.24884210821475	[2, 0]	171.10635806646155	[4.166290998880039, 5]
0.0	0	39.94967276525367	[2, 0]	172.50846874500823	[2.9128048760624417, 5]
0.0	0	29.830915576090657	[2, 0]	130.045059488562	[2.7090138811484428, 5]
0.0	0	37.74195966032381	[1, 0]	121.09119983854275	[5.094462729134172, 5]
0.0	0	25.773630381012655	[1, 0]	141.09267591203243	[4.567272041323864, 5]
0.0	0	35.307588545528425	[1, 0]	177.1141700983453	[3.3723073945545035, 5]
0.0	0	42.34235914200945	[1, 0]	159.68139876498384	[2.0782129950472723, 5]
0.0	0	13.056216902105863	[2, 0]	170.76938996030398	[6.000168756560723, 5]
0.0	0	47.60856135469954	[2, 0]	155.6054688850354	[1.459381975218251, 5]
0.0	0	33.12828214324531	[1, 0]	98.20684557171228	[6.872431479660308, 5]
0.0	0	13.703864836703929	[2, 0]	137.61353137004187	[6.648280711875746, 5]
0.0	0	33.41248701147254	[1, 0]	95.73939889832724	[7.862375864898169, 5]
0.0	0	28.12257424203502	[1, 0]	133.44039427592784	[5.035990155746718, 5]
0.0	0	26.965358368237514	[2, 0]	141.34662979106486	[5.439747342257206, 5]
0.0	0	34.87130326876294	[1, 0]	95.12218333583334	[4.119543669314318, 5]
0.0	0	47.74887599214045	[1, 0]	96.63394782316865	[3.5993407204472128, 5]
0.0	0	41.355007666095865	[1, 0]	94.16732455535008	[1.8531634056825366, 5]
0.0	0	39.887104245491784	[1, 0]	93.89850080422383	[5.382245434683461, 5]
0.0	0	22.207583853818857	[1, 0]	110.96703028577872	[1.786220137777297, 5]
0.0	0	23.400432065757492	[1, 0]	143.07802525168708	[7.6659841606737675, 5]
0.0	0	33.495942223594625	[2, 0]	134.8681692647942	[3.445923838045493, 5]
0.0	0	35.76852332278109	[2, 0]	107.61187291765339	[2.75297062217705, 5]
0.0	0	14.564762917932656	[2, 0]	137.3942007088021	[7.611918068566342, 5]
0.0	0	25.85868160796843	[1, 0]	103.07517289725007	[3.2106660966184615, 5]
0.0	0	10.695742093274719	[1, 0]	99.58262295877263	[5.488129967700963, 5]
0.0	0	24.43318993711786	[2, 0]	156.98855360853918	[4.697704030789404, 5]
0.0	0	42.63165043984585	[2, 0]	111.7543545018346	[4.326323402587731, 5]
0.0	0	17.616042332185014	[2, 0]	132.61690777613194	[3.638672725149085, 5]
0.0	0	24.353902614179063	[1, 0]	108.50674460133573	[1.7532299487633103, 5]
0.0	0	40.88583752127742	[1, 0]	141.1010505918602	[2.14802788250406, 5]
0.0	0	17.861265865339394	[1, 0]	136.70913272015895	[7.796147056127567, 5]
0.0	0	48.21792017543493	[2, 0]	143.72569651390967	[4.797761288427567, 5]
0.0	0	29.830449631835695	[1, 0]	152.86458425290613	[4.1753491161557905, 5]
0.0	0	46.17387384685143	[2, 0]	175.9749483162708	[2.363284077785787, 5]
0.0	0	44.59531093450977	[1, 0]	146.43682980472795	[4.626160095088085, 5]
0.0	0	18.143331465779163	[2, 0]	137.6765543365628	[3.2754429666749285, 5]
0.0	0	12.67513833341189	[2, 0]	93.8585475437882	[5.1316757782388125, 5]
0.0	0	35.932260824138496	[1, 0]	166.19317916818954	[7.00668331197562, 5]
0.0	0	33.000862362664634	[2, 0]	127.33163474861013	[5.0770058603588355, 5]
0.0	0	27.60444138218607	[1, 0]	135.0537239645355	[1.8204897673448552, 5]
0.0	0	46.62416166863233	[2, 0]	173.66418243195247	[7.782797323061156, 5]
0.0	0	13.23550816251189	[1, 0]	128.8636827134099	[4.3502111460545025, 5]
0.0	0	43.26556365509984	[1, 0]	163.4818122351861	[8.325766903845961, 5]
0.0	0	36.69829005135568	[1, 0]	143.6513157529112	[6.086504552513634, 5]
0.0	0	47.23358064780443	[2, 0]	123.91523615882107	[4.153319884639754, 5]
0.0	0	35.694111980845676	[2, 0]	166.86494871982808	[4.230597048955936, 5]
0.0	0	38.07943381195614	[2, 0]	146.8482911213755	[8.024985628495108, 5]
0.0	0	36.25141995587698	[1, 0]	157.19972250125164	[2.8493969197455296, 5]
0.0	0	18.11330868305263	[2, 0]	158.05761762624076	[3.7592110902789195, 5]
0.0	0	25.070305702681075	[1, 0]	153.0914286754376	[1.6830993280436726, 5]
0.0	0	19.662435538983264	[2, 0]	113.1413905833075	[1.8498816527317494, 5]
0.0	0	26.18793990530563	[1, 0]	111.1805632204333	[6.721335744237144, 5]
0.0	0	36.33192245771731	[1, 0]	122.15155141215092	[6.018873643564816, 5]
0.0	0	26.367954512122928	[2, 0]	137.5586522921816	[7.520648460955538, 5]
0.0	0	32.21738820456355	[1, 0]	118.09951934010893	[3.796040525267765, 5]
0.0	0	41.129865033406325	[2, 0]	155.01819029238806	[2.8535364458067396, 5]
0.0	0	41.32409382089107	[2, 0]	123.04236562403258	[7.567389083704382, 5]
0.0	0	13.33922051902989	[1, 0]	157.33521213741574	[4.461828552574788, 5]
0.0	0	31.720937271103267	[1, 0]	102.42258806413545	[4.453768204746794, 5]
0.0	0	13.632505160463355	[2, 0]	160.56816829769573	[3.2264148373841928, 5]
0.0	0	45.16782899831542	[2, 0]	119.64703390109148	[6.376553977945556, 5]
0.0	0	16.267450232556676	[2, 0]	129.65790156734585	[7.303837046043835, 5]
0.0	0	11.158888795737315	[2, 0]	109.78878370244522	[4.888911364527044, 5]
0.0	0	30.849722344959275	[1, 0]	96.77609061392339	[6.409005613893366, 5]
0.0	0	11.950089929524994	[1, 0]	98.21724255614009	[5.805475567519974, 5]
0.0	0	41.41550532805571	[2, 0]	124.71112074992162	[7.156238633652936, 5]
0.0	0	12.594912299526321	[1, 0]	168.92081436750607	[2.388325329845901, 5]
0.0	0	14.612204857509507	[2, 0]	150.43082196264163	[2.4550800267422916, 5]
0.0	0	35.31849371131009	[1, 0]	89.12651975529037	[7.707242875704287, 5]
0.0	0	49.43581129443818	[2, 0]	159.55062605980925	[4.056304152723291, 5]
0.0	0	17.18927594881449	[1, 0]	91.1009715556275	[2.88198479964894, 5]
0.0	0	23.799457941648456	[2, 0]	113.86694008314947	[5.194077482210435, 5]
0.0	0	38.13323743206375	[1, 0]	178.76069518376858	[6.624086490732959, 5]
0.0	0	37.055963941396044	[2, 0]	111.40509289599733	[5.979244661627219, 5]
0.0	0	13.823687563716959	[2, 0]	178.84603876231702	[4.920817426151622, 5]
0.0	0	44.308559889607665	[1, 0]	140.32139365602296	[8.319625831497639, 5]
0.0	0	23.870951504977548	[1, 0]	110.65131897599206	[3.060669204183044, 5]
0.0	0	48.35250511615555	[2, 0]	107.71913052348089	[6.0921243951407265, 5]
0.0	0	29.78234737392001	[2, 0]	106.77824300118904	[6.806098306100851, 5]
0.0	0	40.54518249094268	[1, 0]	108.11916207297917	[2.9205092904645538, 5]
0.0	0	23.620267343143478	[2, 0]	164.3905954509563	[4.1065564919556286, 5]
0.0	0	28.14144566060169	[1, 0]	127.18441860579577	[6.685743561387684, 5]
0.0	0	34.35816393286773	[2, 0]	111.42868270956764	[5.734968668284199, 5]
0.0	0	37.193375260216314	[2, 0]	160.90705182609832	[4.818166629510424, 5]
0.0	0	17.456487472409965	[2, 0]	123.96610910660488	[1.4653541327053685, 5]
0.0	0	35.66230560589138	[2, 0]	94.9919892010832	[5.955709564475109, 5]
0.0	0	31.45648048730907	[2, 0]	101.04605666281907	[6.313267695730269, 5]
0.0	0	42.18677420862475	[1, 0]	109.49612913606526	[5.055963361318758, 5]
0.0	0	40.97146570023685	[1, 0]	137.20652572849463	[3.944955013053897, 5]
0.0	0	28.56708961470347	[1, 0]	161.5248361605361	[3.3487729042176766, 5]
0.0	0	48.22576803123533	[2, 0]	99.31142127933859	[6.898541478197857, 5]
0.0	0	34.56872298415011	[2, 0]	118.92786509801721	[3.935209816445636, 5]
0.0	0	12.809566302498666	[1, 0]	166.19191207743575	[3.1649823826993373, 5]
0.0	0	41.96354965960215	[2, 0]	127.93029868966433	[3.837133381225943, 5]
0.0	0	39.493986902936996	[1, 0]	128.7720481447996	[4.607214661870338, 5]
0.0	0	29.811550831404542	[2, 0]	111.33059371470267	[6.712343324032152, 5]
0.0	0	44.63979256823513	[2, 0]	109.65423242603931	[4.317126942833622, 5]
0.0	0	10.85783812690128	[2, 0]	105.39136834419773	[5.5489048529809, 5]
0.0	0	42.502087979628335	[1, 0]	129.10172862120376	[6.4209390604365035, 5]
0.0	0	14.505208688116149	[1, 0]	140.9514805931844	[3.860429763700339, 5]
0.0	0	26.389288457847062	[1, 0]	145.4687056788528	[4.3488570456838325, 5]
0.0	0	26.051641546731535	[2, 0]	115.49348596669401	[4.7590541242399755, 5]
0.0	0	18.38654315584199	[2, 0]	132.36119140946585	[4.258297650783835, 5]
0.0	0	25.51429190778048	[2, 0]	175.07978973506658	[1.4282911237129667, 5]
0.0	0	36.835337754795496	[2, 0]	170.85493623558105	[4.407002544975843, 5]
0.0	0	36.26208822554317	[2, 0]	116.36148539964435	[5.354116382333201, 5]
0.0	0	26.859542929914166	[2, 0]	169.60905363661317	[4.443865116580016, 5]
0.0	0	41.566671112913816	[1, 0]	176.751743598649	[4.390032460565855, 5]
0.0	0	47.99024251759374	[2, 0]	142.8713277919643	[4.087702583061849, 5]
0.0	0	15.754575690682048	[2, 0]	145.42837755081646	[4.0689209004053435, 5]
0.0	0	14.20554251341077	[2, 0]	95.67150008902777	[6.0934661387122215, 5]
0.0	0	18.808026072110597	[2, 0]	150.39092902936454	[3.981737787608947, 5]
0.0	0	48.50143316041069	[2, 0]	89.87131192742125	[5.8365481659719824, 5]
0.0	0	19.86632692733423	[2, 0]	169.02244818078185	[5.58416440183982, 5]
0.0	0	37.275897256659505	[2, 0]	124.43904194203434	[1.7762368500639127, 5]
0.0	0	30.05941028164078	[2, 0]	173.55192318711616	[1.5264376813715947, 5]
0.0	0	12.95344807326105	[1, 0]	177.17921337884732	[2.8161146194991225, 5]
0.0	0	13.65743421868169	[2, 0]	125.42690778280168	[4.029313777110738, 5]
0.0	0	15.08961554559628	[1, 0]	148.98967650133852	[4.3524833217070436, 5]
0.0	0	35.59812821350903	[1, 0]	126.17808131798569	[2.400251859640963, 5]
0.0	0	16.160920724614087	[1, 0]	142.3904471455046	[4.085025475260912, 5]
0.0	0	34.13811357541891	[1, 0]	173.55865133843437	[4.656552290303605, 5]
0.0	0	16.24488875885077	[1, 0]	161.20021883408333	[4.485165209732137, 5]
0.0	0	46.211519125802134	[2, 0]	94.2836413968704	[3.8377176820157235, 5]
0.0	0	33.76606962930778	[1, 0]	173.95286656850803	[6.326622528154885, 5]
0.0	0	49.022694178804805	[2, 0]	142.42882828814004	[2.228455785838565, 5]
0.0	0	32.87533260374909	[2, 0]	130.67566523482353	[2.676216151546971, 5]
0.0	0	41.89022881775983	[1, 0]	106.37285970440051	[5.315047724861637, 5]
0.0	0	35.7076688973915	[1, 0]	150.50651123193487	[6.231305427202769, 5]
0.0	0	10.126760226581426	[2, 0]	172.2847558477706	[5.180223139748216, 5]
0.0	0	46.45501020851807	[1, 0]	173.08754317119775	[1.8935345129044021, 5]
0.0	0	21.107026836625447	[2, 0]	178.34385586939055	[7.669102179015378, 5]
0.0	0	37.963554715891945	[2, 0]	104.31852179602694	[7.013235313299332, 5]
0.0	0	13.922848091986175	[1, 0]	92.33055051732639	[5.415569985514518, 5]
0.0	0	32.254831901745504	[1, 0]	137.12247303368804	[1.774383174073655, 5]
0.0	0	25.037902125182587	[1, 0]	158.9000426127503	[3.2346066650120506, 5]
0.0	0	27.61280822842988	[1, 0]	100.38090760224004	[4.5701330256500174, 5]
0.0	0	23.7176702897702	[2, 0]	93.23210389536943	[4.128939051960768, 5]
0.0	0	11.117239133370758	[2, 0]	89.4846128601551	[1.7930770879317488, 5]
0.0	0	18.25201128101895	[1, 0]	169.24912579473286	[7.198235924931747, 5]
0.0	0	20.91383258789233	[1, 0]	89.93521069057016	[2.6132433575914593, 5]
0.0	0	21.503522075647542	[1, 0]	127.86390256080306	[2.441687348738026, 5]
0.0	0	20.620632840259344	[1, 0]	157.08678490173014	[1.9073387388026397, 5]
0.0	0	23.689630994024448	[1, 0]	137.21254241378747	[5.403828999582153, 5]
0.0	0	45.66597512232469	[2, 0]	110.7098609519383	[3.667835891836763, 5]
0.0	0	36.93892825642694	[1, 0]	102.3849003598439	[5.604546875867287, 5]
0.0	0	40.99781559618066	[2, 0]	168.66823839780196	[4.034874070677384, 5]
0.0	0	21.39173825178765	[1, 0]	178.95144049169772	[5.435831791211508, 5]
0.0	0	25.81983349879204	[2, 0]	176.90673324092296	[6.135150453923445, 5]
0.0	0	36.867477211106824	[2, 0]	93.14358554793806	[7.207196263248527, 5]
0.0	0	41.119258206078726	[1, 0]	119.59930318480109	[6.532023240768745, 5]
0.0	0	14.592266457860807	[1, 0]	161.18446104513276	[7.748630950959029, 5]
0.0	0	26.362621422253486	[2, 0]	95.66797772517596	[3.328287288150602, 5]
0.0	0	27.026746150393034	[1, 0]	89.89613060059395	[5.25881725119377, 5]
0.0	0	18.802101949626337	[1, 0]	151.41763614092827	[4.605678563098773, 5]
0.0	0	38.9166700786106	[2, 0]	157.21116887963856	[6.7909330050494345, 5]
0.0	0	37.89635249622549	[2, 0]	126.34610347703659	[3.8073967108742472, 5]
0.0	0	26.280724492547023	[2, 0]	102.15613064796143	[1.8589193784074975, 5]
0.0	0	43.87377462234062	[1, 0]	95.44224876634367	[5.679248264118442, 5]
0.0	0	29.423304928289074	[2, 0]	89.62878523890394	[2.1189081540427757, 5]
0.0	0	27.51632015684827	[1, 0]	153.41940234286554	[1.6178681684657903, 5]
0.0	0	10.155793902275066	[1, 0]	172.44263551625681	[7.2413004168704695, 5]
0.0	0	13.709992805158297	[2, 0]	108.27915301768601	[5.414980595356966, 5]
0.0	0	38.15067200307184	[2, 0]	172.6863885126649	[3.850598422209816, 5]
0.0	0	18.407453403746793	[1, 0]	158.19960383131428	[1.5456067573959367, 5]
0.0	0	47.65831082453439	[1, 0]	97.71473870112852	[6.561734699129739, 5]
0.0	0	45.03112983539492	[2, 0]	153.94915429865574	[2.1255718123970393, 5]
0.0	0	44.22057375684229	[2, 0]	150.78139771467625	[3.5164690110559143, 5]
0.0	0	39.8254497253065	[2, 0]	142.57240722283896	[5.708046120269171, 5]
0.0	0	21.38288911319172	[1, 0]	101.53356732639377	[3.7090983591681153, 5]
0.0	0	25.46955601700539	[1, 0]	150.54136061786554	[6.295104874040734, 5]
0.0	0	36.12960972622484	[2, 0]	132.85823029011468	[2.1035077372350433, 5]
0.0	0	22.8585123948966	[2, 0]	117.49790450572141	[7.8812778841951285, 5]
0.0	0	47.83122203301382	[1, 0]	157.89611821918118	[4.356146453569996, 5]
0.0	0	26.744007471943036	[2, 0]	131.41252567035323	[2.0064515979150936, 5]
0.0	0	45.83599438417057	[1, 0]	112.20730087027628	[7.884695715387236, 5]
0.0	0	46.94415082747852	[1, 0]	160.57506797332567	[6.091615833436596, 5]
0.0	0	26.67435597047702	[1, 0]	144.71947148566753	[1.5456092310025196, 5]
0.0	0	26.21721807091122	[1, 0]	143.93828985330586	[6.257799014806913, 5]
0.0	0	23.06747374901864	[2, 0]	146.2298312610712	[3.949666131805406, 5]
0.0	0	49.01026710032496	[1, 0]	131.72793414612303	[3.5499368473541253, 5]
0.0	0	16.388008683746307	[2, 0]	91.75852471982748	[1.931603708501858, 5]
0.0	0	24.239460968816093	[2, 0]	111.23568013250812	[7.78567868949031, 5]
0.0	0	10.441572190643749	[1, 0]	156.5248326349016	[6.31236099572189, 5]
0.0	0	44.379805817154	[2, 0]	126.15445851496867	[4.683332349240704, 5]
0.0	0	15.893339727209968	[1, 0]	94.25893006893767	[5.489568477011319, 5]
0.0	0	45.78577952175663	[1, 0]	150.99553083658702	[1.6783799995519846, 5]
0.0	0	24.49067412095683	[2, 0]	124.97647341455841	[5.497660063603189, 5]
0.0	0	21.625296757682417	[2, 0]	109.0307717476383	[7.991564399526097, 5]
0.0	0	46.93960657626728	[1, 0]	109.97698207800512	[6.898533668218314, 5]
0.0	0	43.59561081256034	[1, 0]	99.7825279232052	[2.959169447592663, 5]
0.0	0	47.833167706406755	[1, 0]	138.66457011616467	[5.276506319806708, 5]
0.0	0	16.99629525767444	[2, 0]	163.7004149438244	[6.716938073815435, 5]
0.0	0	40.51250651015606	[2, 0]	125.93330505341156	[6.778843643404998, 5]
0.0	0	15.162466882849554	[2, 0]	125.01166831027489	[6.6093670399264495, 5]
0.0	0	43.68620945535761	[2, 0]	99.71879222876726	[1.9976220142381, 5]
0.0	0	19.31872770018293	[2, 0]	123.62549920991168	[7.237155937218335, 5]
0.0	0	10.31677381323098	[2, 0]	174.8130828998078	[4.696426585277554, 5]
0.0	0	35.12815951047493	[2, 0]	163.35164133023164	[4.584002784892486, 5]
0.0	0	17.423580504278885	[2, 0]	156.6772405297836	[2.9532126262346363, 5]
0.0	0	48.67521210379176	[2, 0]	152.931648793116	[3.3173800508510207, 5]
0.0	0	18.5851932110886	[2, 0]	165.9392808280508	[6.458806151448459, 5]
0.0	0	13.510807832847236	[1, 0]	178.21969074062187	[1.5288938175088074, 5]
0.0	0	34.64794503352121	[1, 0]	136.8547912786048	[6.3937223133963155, 5]
0.0	0	20.974691554094484	[1, 0]	145.8691181422794	[1.4960066088941866, 5]
0.0	0	15.616930583265695	[2, 0]	97.84422017194247	[3.1069874119771543, 5]
0.0	0	17.232388355259584	[2, 0]	168.7866084670227	[2.211337324660805, 5]
0.0	0	24.207531881215857	[2, 0]	110.62813555261431	[4.349013628282038, 5]
0.0	0	30.384383934784374	[1, 0]	115.04387128395254	[5.092255621049999, 5]
0.0	0	25.59251364095235	[1, 0]	118.36412078057573	[5.538731016607171, 5]
0.0	0	21.051335329105303	[1, 0]	94.97966920674244	[4.050244458783573, 5]
0.0	0	38.6557985369191	[1, 0]	175.2859499825662	[1.7508066520216452, 5]
0.0	0	23.9903663039954	[1, 0]	122.49137228292308	[6.7150288782957865, 5]
0.0	0	31.885242746684213	[1, 0]	111.25097916724981	[2.307291463974387, 5]
0.0	0	18.162061629323738	[1, 0]	90.68628242780295	[7.502651891854867, 5]
0.0	0	30.083989680552	[1, 0]	157.7748367078625	[4.127159059032322, 5]
0.0	0	21.43743455855567	[1, 0]	162.34854185293085	[1.7599935310962207, 5]
0.0	0	31.132007881504506	[1, 0]	120.43483078200906	[6.793410623649326, 5]
0.0	0	36.30617667687585	[2, 0]	148.0575028257116	[7.509728067835863, 5]
0.0	0	25.45085216864683	[2, 0]	144.04449529180587	[5.803830836192003, 5]
0.0	0	14.566622565867627	[2, 0]	98.21849228451894	[2.0357981935281266, 5]
0.0	0	23.12973755510959	[2, 0]	176.23859443898124	[2.669739373922471, 5]
0.0	0	45.5253208256526	[1, 0]	114.2747775724866	[4.831258026891765, 5]
0.0	0	28.630030952258018	[2, 0]	97.65824688306039	[3.796529977707856, 5]
0.0	0	34.62522677934502	[1, 0]	110.29742646416975	[2.187300996015061, 5]
0.0	0	47.51898748931934	[2, 0]	153.3168351819052	[2.516750188343523, 5]
0.0	0	11.424021668049233	[1, 0]	123.91571990802852	[8.082237876868295, 5]
0.0	0	18.62224291224749	[1, 0]	90.87261514673283	[7.7794719239377255, 5]
0.0	0	49.197656367505964	[2, 0]	136.6783438261565	[6.264975466855259, 5]
0.0	0	43.52468402415026	[1, 0]	153.92985368426764	[7.1149723251156365, 5]
0.0	0	14.165912477836661	[2, 0]	106.70523628974392	[1.4898412876741343, 5]
0.0	0	33.93656335110768	[1, 0]	120.87737099015155	[4.152552044457372, 5]
0.0	0	46.56477287968251	[2, 0]	103.18516563295131	[5.253102701291093, 5]
0.0	0	14.138057120621568	[1, 0]	104.30085289145129	[6.298251423673065, 5]
0.0	0	21.01313811602338	[1, 0]	133.4472791063631	[6.134997753016211, 5]
0.0	0	37.03352525692904	[1, 0]	157.7183891572454	[7.331544439737789, 5]
0.0	0	25.901312600537754	[2, 0]	135.71150074906458	[6.833560657860796, 5]
0.0	0	25.26039026475579	[1, 0]	156.64302028151087	[4.852813898878975, 5]
0.0	0	38.77742225501578	[1, 0]	170.1203411783256	[2.487854787032162, 5]
0.0	0	49.24183471454644	[1, 0]	114.09062678307703	[4.716976421178014, 5]
0.0	0	13.163171347488479	[1, 0]	178.74880004822063	[7.5510803591075115, 5]
0.0	0	12.601887479928303	[2, 0]	90.34094766358226	[6.56055797303534, 5]
0.0	0	32.45501975215189	[2, 0]	160.59189504554348	[2.826890281251918, 5]
0.0	0	22.685413549292537	[2, 0]	135.10816612660108	[2.434117461085126, 5]
0.0	0	46.25635096770367	[1, 0]	115.81076320172636	[3.5536304400994516, 5]
0.0	0	25.312700184969273	[1, 0]	151.1059359216037	[6.559681623417424, 5]
0.0	0	12.605116400185384	[2, 0]	109.7201935220281	[5.929674866892756, 5]
0.0	0	43.36348346411904	[2, 0]	133.49468866081082	[6.953807584976035, 5]
0.0	0	11.982147746367794	[2, 0]	126.01410636943056	[2.3073388538516237, 5]
0.0	0	30.484846933452868	[2, 0]	123.15400195717024	[5.755884483715371, 5]
0.0	0	20.967405082308343	[1, 0]	105.12365488078774	[2.8868034030015735, 5]
0.0	0	18.876481732143024	[1, 0]	156.79280112737166	[8.173720677088436, 5]
0.0	0	49.71985355360862	[1, 0]	101.37511914038953	[5.245705545622007, 5]
0.0	0	23.820123377709557	[1, 0]	151.78104127497812	[7.155264549006284, 5]
0.0	0	23.229039319815815	[2, 0]	149.06140971716755	[3.5632223613982807, 5]
0.0	0	18.750329447796318	[2, 0]	158.9626086531796	[6.645853204727642, 5]
0.0	0	46.78265274868431	[1, 0]	137.99010324600607	[6.588175375023433, 5]
0.0	0	49.333228298021595	[2, 0]	92.48184034400592	[6.255923766058871, 5]
0.0	0	42.737385204143195	[2, 0]	159.07966880363705	[2.2737869331986924, 5]
0.0	0	31.96640722019673	[2, 0]	127.08109811666577	[2.696981955607008, 5]
0.0	0	49.524710220043424	[2, 0]	154.95866332945275	[4.008446103176741, 5]
0.0	0	16.00394361241083	[2, 0]	168.1616686998656	[7.269661989529723, 5]
0.0	0	12.939180066814206	[1, 0]	162.94366603183272	[3.9619011859069344, 5]
0.0	0	28.51732945139922	[1, 0]	159.56336374852168	[1.9474123720275915, 5]
0.0	0	39.00606000678755	[1, 0]	110.27024404480522	[6.735791647410826, 5]
0.0	0	29.756441418366087	[2, 0]	155.16880133401747	[2.407017993333343, 5]
0.0	0	21.376121926079232	[2, 0]	116.58793574062204	[3.4247475732991677, 5]
0.0	0	24.50545980797882	[2, 0]	113.33416041856863	[6.971022190112699, 5]
0.0	0	10.592342586707671	[1, 0]	150.44379743369353	[4.525014869145729, 5]
0.0	0	48.8551645458463	[2, 0]	175.71358451371802	[6.845562178749987, 5]
0.0	0	35.14178073128405	[1, 0]	127.46110767164899	[3.941975505269129, 5]
0.0	0	29.99937950359497	[1, 0]	177.18176789055366	[5.899433020893524, 5]
0.0	0	14.873364961936138	[2, 0]	123.13710743656387	[3.0890169224476294, 5]
0.0	0	39.82275390903475	[2, 0]	153.2654278239101	[3.411934652448504, 5]
0.0	0	10.954186284834327	[2, 0]	145.44081021939823	[6.082031347251481, 5]
0.0	0	10.998258191519705	[1, 0]	126.49155930753582	[2.1237087711671583, 5]
0.0	0	10.1621214864469	[2, 0]	135.70432721132642	[1.4959124590889121, 5]
0.0	0	22.118422164436602	[2, 0]	96.06924677224666	[2.895419279481558, 5]
0.0	0	49.38698645559213	[1, 0]	136.55498571305426	[4.18232585548699, 5]
0.0	0	11.62503037871403	[2, 0]	176.38981673510446	[7.486988284640476, 5]
0.0	0	43.36720328790901	[1, 0]	126.11346468520094	[2.241652242963358, 5]
0.0	0	45.05305256417525	[1, 0]	141.93330241277278	[7.5702274744222695, 5]
0.0	0	15.22810551593688	[1, 0]	118.38698104089507	[6.010930939555947, 5]
0.0	0	21.841993099253724	[1, 0]	138.83570258913534	[2.9114630752742023, 5]
0.0	0	13.544009546802949	[1, 0]	177.89759893041258	[6.998823223155651, 5]
0.0	0	22.036881346520335	[2, 0]	123.6716899308324	[3.7329945465382197, 5]
0.0	0	32.25246821365984	[1, 0]	103.0137660235521	[7.8801470148192045, 5]
0.0	0	45.376482883481934	[1, 0]	170.77151892010235	[3.786376914200465, 5]
0.0	0	39.45863295851686	[1, 0]	108.76936498242995	[5.564101348691251, 5]
0.0	0	13.449954987398538	[2, 0]	158.7082304030124	[7.087779103518111, 5]
0.0	0	30.16909170763849	[2, 0]	158.1019749266818	[7.138296645254367, 5]
0.0	0	39.34282825297849	[1, 0]	154.80895497633054	[6.197706305181503, 5]
0.0	0	20.65005995274241	[1, 0]	107.01529197108925	[3.2728520076231287, 5]
0.0	0	43.10896117385045	[1, 0]	175.43974358411245	[3.1332402973903575, 5]
0.0	0	18.978551476969805	[2, 0]	93.33280307024951	[3.9507108158339386, 5]
0.0	0	27.956441602698963	[2, 0]	136.8565208313641	[3.350252699957426, 5]
0.0	0	18.273211768887702	[1, 0]	161.72068874014366	[2.7309413369421542, 5]
0.0	0	16.448566200152225	[1, 0]	117.88172347005839	[6.674949321871826, 5]
0.0	0	27.924680844787023	[1, 0]	113.92427924171693	[5.348968024563265, 5]
0.0	0	13.339093927675984	[1, 0]	156.54557407276747	[5.110409897917588, 5]
0.0	0	21.02401129943831	[1, 0]	153.93279753429988	[6.992845509369319, 5]
0.0	0	30.073989983811636	[2, 0]	160.68539722054533	[6.1488520516444405, 5]
0.0	0	42.78232390879444	[2, 0]	156.60114245971815	[4.322217992495858, 5]
0.0	0	17.372607318091895	[2, 0]	95.53077044958908	[1.9586702950582031, 5]
0.0	0	45.92795571706567	[2, 0]	177.42002267116675	[8.144969938348517, 5]
0.0	0	29.69816598185874	[1, 0]	89.00917607437543	[7.013123726561635, 5]
0.0	0	35.28491311909068	[1, 0]	116.6215027534729	[8.239623720388234, 5]
0.0	0	19.57115189176914	[1, 0]	156.39746247854526	[4.966031151832486, 5]
0.0	0	37.59130719272084	[1, 0]	124.93462084774245	[5.42489775180449, 5]
0.0	0	34.87790822734976	[1, 0]	161.35782485375574	[3.532720135415978, 5]
0.0	0	49.14332930451598	[1, 0]	169.45189115067575	[3.8260874432759424, 5]
0.0	0	48.286452326888714	[1, 0]	157.84496882557954	[3.0819802669899032, 5]
0.0	0	34.92014968088385	[1, 0]	115.29664840586108	[7.217247807836445, 5]
0.0	0	17.970364667823105	[2, 0]	130.04099260530734	[6.70194053208468, 5]
0.0	0	10.66187064474651	[1, 0]	165.64013979574088	[6.913899856052567, 5]
0.0	0	21.197596493897407	[1, 0]	145.24288811070682	[3.98517873614462, 5]
0.0	0	48.26744069267023	[1, 0]	170.86532880810176	[3.019312502165973, 5]
0.0	0	48.198883213680574	[2, 0]	133.40241269012873	[3.2221134941575653, 5]
0.0	0	45.263136060863474	[2, 0]	164.9969321725651	[6.666130999078668, 5]
0.0	0	43.52940694934338	[2, 0]	114.80609794706831	[7.495937847244843, 5]
0.0	0	20.137305269293858	[1, 0]	154.89230033004793	[2.521156231966188, 5]
0.0	0	25.501727434725904	[1, 0]	104.1786611162384	[7.896852954544566, 5]
0.0	0	34.5359477262703	[1, 0]	143.32340823559147	[6.710307695838707, 5]
0.0	0	36.18086758839934	[2, 0]	147.3991377609807	[4.334515886987422, 5]
0.0	0	13.416254126329319	[1, 0]	121.6540949733191	[1.586390118521093, 5]
0.0	0	28.48530813424687	[1, 0]	134.14102366371242	[1.9353100663131824, 5]
0.0	0	40.45730355281426	[2, 0]	153.1624149479283	[3.3418712660673306, 5]
0.0	0	42.47384456484001	[2, 0]	95.2559508914705	[6.895496958717547, 5]
0.0	0	18.61620280093606	[1, 0]	112.64843005829424	[3.768918874730824, 5]
0.0	0	43.95221942143464	[2, 0]	169.43748634814938	[5.769556428146321, 5]
0.0	0	24.308968113103855	[2, 0]	153.43875535090882	[7.560182236762514, 5]
0.0	0	33.09814225375517	[1, 0]	167.23300139465596	[7.861774780037939, 5]
0.0	0	21.99866316835934	[1, 0]	152.76061274328677	[3.223880252039764, 5]
0.0	0	18.247621064433126	[2, 0]	173.8825390003074	[6.839447255906044, 5]
0.0	0	19.573620930971366	[1, 0]	100.82349331008382	[5.128339298967267, 5]
0.0	0	32.31405882092084	[1, 0]	108.89770056624984	[7.685814178616758, 5]
0.0	0	38.658953442935896	[1, 0]	173.08485374131112	[7.147220002257624, 5]
0.0	0	13.030263071021478	[2, 0]	98.46693515340075	[6.710268476604844, 5]
0.0	0	13.318208006244504	[2, 0]	135.34119820286074	[4.842261758108712, 5]
0.0	0	24.93946916654416	[2, 0]	131.5294973234	[3.378804905922575, 5]
0.0	0	23.41003377660602	[1, 0]	164.20292761851428	[5.831155250638266, 5]
0.0	0	30.074161290938072	[1, 0]	89.95073287795891	[4.379308284964365, 5]
0.0	0	35.170316612932936	[2, 0]	90.71063422074104	[7.754474756998506, 5]
0.0	0	47.32449874985541	[1, 0]	108.53409933194337	[1.713090675627392, 5]
0.0	0	40.16503660934516	[1, 0]	171.57640010797894	[7.485589855408151, 5]
0.0	0	32.19581837574869	[1, 0]	150.7770096744073	[7.442196385119116, 5]
0.0	0	47.39899150499791	[1, 0]	178.80450396933688	[7.179063829263371, 5]
0.0	0	10.518816148364714	[2, 0]	129.47944246023485	[6.531582356572972, 5]
0.0	0	21.80957046710383	[1, 0]	145.43583207054706	[7.426136405844506, 5]
0.0	0	19.074599693230027	[1, 0]	123.72314068120264	[8.113684418606407, 5]
0.0	0	16.15072960250088	[2, 0]	139.30402367758833	[1.9360028824093365, 5]
0.0	0	40.1510948264327	[1, 0]	168.0410318902791	[2.147754225872051, 5]
0.0	0	33.65448547819939	[2, 0]	129.08362422547313	[7.728265307498111, 5]
0.0	0	45.96730198511527	[1, 0]	132.2110599574868	[5.461158335445927, 5]
0.0	0	12.118932167473204	[2, 0]	153.842580578198	[4.248630170993968, 5]
0.0	0	29.66715162368029	[1, 0]	104.72480299776797	[7.806694634008065, 5]
0.0	0	19.17567528336462	[1, 0]	93.38914775974446	[1.7120964489974346, 5]
0.0	0	21.55588574621959	[1, 0]	104.3962177510137	[1.6016549786529857, 5]
0.0	0	42.53051779587168	[2, 0]	133.2865786560991	[3.3068333626416795, 5]
0.0	0	45.61613804690755	[1, 0]	99.05682873530569	[6.355730286791666, 5]
0.0	0	41.80196633091133	[2, 0]	172.73510439399476	[3.95601245283672, 5]
0.0	0	37.90352756326337	[2, 0]	132.29611948603701	[6.666956187159095, 5]
0.0	0	23.7330204454686	[1, 0]	103.70874813568756	[2.657715319062493, 5]
0.0	0	15.339292194792595	[1, 0]	148.07514290060413	[1.8200890422739757, 5]
0.0	0	11.733764786337968	[1, 0]	136.23749176224686	[4.158280673304442, 5]
0.0	0	22.78824852736658	[2, 0]	157.8231236856896	[3.334582568263813, 5]
0.0	0	12.223038377003949	[2, 0]	135.91566948612876	[4.880147489206567, 5]
0.0	0	34.47927387580703	[1, 0]	170.84224144843841	[1.6380179731926203, 5]
0.0	0	25.762089122181923	[2, 0]	121.12702001066415	[4.064728065315812, 5]
0.0	0	48.3360802736188	[2, 0]	98.45024477829973	[5.721291913267264, 5]
0.0	0	46.98096729247874	[1, 0]	159.3488519598671	[6.594899378704416, 5]
0.0	0	45.011997419935895	[1, 0]	138.47722256562645	[7.858627121225491, 5]
0.0	0	13.632578916299071	[2, 0]	134.090037443335	[1.8950652269039556, 5]
0.0	0	14.387207680633091	[2, 0]	129.00212259840794	[3.533773157533606, 5]
0.0	0	48.927117917805006	[1, 0]	133.20558201527794	[6.35686400420802, 5]
0.0	0	33.9583577393169	[2, 0]	135.50509610157562	[4.094168859278629, 5]
0.0	0	25.318604881299578	[2, 0]	103.55668369122756	[1.7619457457741627, 5]
0.0	0	28.956562854781637	[2, 0]	159.77156920061225	[7.951751003453587, 5]
0.0	0	47.9639512167085	[1, 0]	128.63475692156024	[7.24626613161955, 5]
0.0	0	32.27735842793308	[2, 0]	159.572748413287	[7.275340558386632, 5]
0.0	0	24.55840991141234	[2, 0]	168.2512876161499	[6.148672682335224, 5]
0.0	0	38.81623317159904	[1, 0]	89.69642329179754	[4.754543777046622, 5]
0.0	0	38.63055760852167	[1, 0]	117.37544650547446	[7.5447172530452935, 5]
0.0	0	26.36337541397987	[2, 0]	148.15821496277164	[6.392092300914237, 5]
0.0	0	12.004181856635313	[1, 0]	147.70530268410198	[5.3063603330468645, 5]
0.0	0	30.14283658624962	[1, 0]	151.4694925381139	[5.114239270927959, 5]
0.0	0	12.19848324266875	[1, 0]	113.35701453895746	[5.940784237175282, 5]
0.0	0	28.481968978594253	[2, 0]	139.08738106891303	[5.910953423012537, 5]
0.0	0	11.704364821030744	[2, 0]	174.46573254865615	[3.622222106320573, 5]
0.0	0	20.297382001305753	[2, 0]	107.85120716065035	[6.327420183278899, 5]
0.0	0	48.25560084056363	[2, 0]	147.19089597444272	[3.079803507326059, 5]
0.0	0	12.524069228799792	[1, 0]	168.06254818888016	[4.552971928459359, 5]
0.0	0	47.53173625513649	[2, 0]	90.72228476551963	[1.8346161121148372, 5]
0.0	0	23.55625521824031	[1, 0]	91.07685227463554	[2.6670288074450297, 5]
0.0	0	15.44189232900552	[1, 0]	137.52898175569953	[7.29311910282628, 5]
0.0	0	47.06760005853765	[2, 0]	139.57434307742764	[4.161798628635623, 5]
0.0	0	37.404802665678076	[2, 0]	156.64561787999443	[6.1495030675201106, 5]
0.0	0	40.36620680081067	[1, 0]	127.41854091928226	[1.5806862333892882, 5]
0.0	0	49.00586372824601	[1, 0]	121.65352196653926	[7.068886624657987, 5]
0.0	0	46.79112653648374	[1, 0]	116.61074127603936	[2.394762753540041, 5]
0.0	0	15.198359949600594	[2, 0]	113.2924677334801	[3.7537121170740777, 5]
0.0	0	47.10193752207457	[1, 0]	149.23682996480923	[7.838939218274341, 5]
0.0	0	41.055897636670906	[2, 0]	130.46684043869476	[4.358347816953493, 5]
0.0	0	15.435131749843178	[2, 0]	129.59941966491849	[1.4557521480642532, 5]
0.0	0	16.82764357155214	[1, 0]	92.0366031631711	[6.473302655490003, 5]
0.0	0	13.318764234090985	[2, 0]	176.58630804817474	[5.534175408355006, 5]
0.0	0	12.739311606007444	[1, 0]	146.19550647312965	[7.533081034928486, 5]
0.0	0	21.731322658674493	[1, 0]	170.79530135186866	[1.6001734302740116, 5]
0.0	0	43.089161833284344	[1, 0]	149.38057362681437	[7.133880115098691, 5]
0.0	0	15.112084451684177	[1, 0]	122.2385390637581	[2.401011366514484, 5]
0.0	0	36.45908276317513	[2, 0]	102.99150468100625	[2.228132528910432, 5]
0.0	0	11.953509358306153	[2, 0]	167.29384888007223	[3.5677119572103435, 5]
0.0	0	38.36914069701921	[2, 0]	122.27727137678065	[7.8986960154174195, 5]
0.0	0	44.447145498798974	[1, 0]	165.7138829604651	[6.355295062151672, 5]
0.0	0	42.99338462377981	[2, 0]	126.35032430803732	[1.8387911981256346, 5]
0.0	0	20.03736068375011	[1, 0]	125.81460360015399	[4.781938299397249, 5]
0.0	0	45.08934525670696	[2, 0]	111.32390000158526	[5.150081660723272, 5]
0.0	0	23.213850570896103	[1, 0]	92.69327779781352	[8.038324028259195, 5]
0.0	0	10.644975516810895	[2, 0]	110.026233380473	[8.273106734435059, 5]
0.0	0	38.46225057134885	[1, 0]	152.71100673647788	[5.792161446494336, 5]
0.0	0	23.01649133399427	[2, 0]	172.5236318485799	[3.8171971518134553, 5]
0.0	0	22.313181898594245	[1, 0]	147.60495679156557	[6.812069507974589, 5]
0.0	0	42.85655114165519	[2, 0]	162.99990948858982	[8.288259510605902, 5]
0.0	0	26.542987221109563	[2, 0]	164.81239640190665	[4.765330367936706, 5]
0.0	0	19.77194948093392	[1, 0]	112.24590658164445	[3.8442331263361402, 5]
0.0	0	34.87227190821191	[2, 0]	91.4300329415172	[6.74086530121816, 5]
0.0	0	41.63399330368802	[1, 0]	170.12514284982436	[3.286554499292252, 5]
0.0	0	47.78546547232101	[2, 0]	177.50593712785331	[1.5232705872668306, 5]
0.0	0	13.659988689028664	[2, 0]	95.67607292445241	[3.1184070800831316, 5]
0.0	0	41.13845576914469	[1, 0]	91.29679080944354	[6.225882190221366, 5]
0.0	0	32.502510798275345	[2, 0]	156.2025978103816	[2.2659867971455436, 5]
0.0	0	12.432289121265965	[1, 0]	114.70936206698407	[4.9171937796184, 5]
0.0	0	26.39313960884147	[2, 0]	127.38369122169873	[7.399407377275959, 5]
0.0	0	31.05659732166748	[1, 0]	122.7722808498437	[4.407599275341113, 5]
0.0	0	20.42071496987244	[1, 0]	142.29146263285492	[2.428280945071008, 5]
0.0	0	48.722780842984875	[2, 0]	118.20084137227585	[4.6234431242781735, 5]
0.0	0	23.853158310129977	[1, 0]	168.9785227975206	[3.63844200489787, 5]
0.0	0	40.765386778852374	[2, 0]	137.53046860898644	[5.760384664564935, 5]
0.0	0	33.899932467457305	[1, 0]	105.7311713535752	[2.8759551715176794, 5]
0.0	0	14.118990181941244	[1, 0]	118.02557079648044	[3.6361581566766517, 5]
0.0	0	29.242132832668833	[1, 0]	140.2293408228359	[3.0760007953033868, 5]
0.0	0	13.667490594701764	[1, 0]	158.73329396712825	[1.5383256469739062, 5]
0.0	0	13.762338826495263	[2, 0]	110.37299150775156	[6.153680597050982, 5]
0.0	0	29.90199129216418	[2, 0]	122.45388624921577	[4.629955854347326, 5]
0.0	0	44.05695242102714	[1, 0]	117.89282597854759	[1.4736016421753397, 5]
0.0	0	47.882890397052435	[2, 0]	90.39840957122045	[4.562116968696795, 5]
0.0	0	46.02074987206591	[1, 0]	97.25382613805058	[4.808248764219138, 5]
0.0	0	44.44918627600866	[1, 0]	162.53746431994082	[3.417962128495342, 5]
0.0	0	24.056582068832384	[1, 0]	130.0001859824393	[8.037290671253276, 5]
0.0	0	38.878641466462284	[1, 0]	124.30176161550214	[2.131394738547263, 5]
0.0	0	25.73614729411651	[2, 0]	101.56817852498814	[5.769110992227676, 5]
0.0	0	11.472840137600704	[2, 0]	153.87085692486437	[4.206365444950257, 5]
0.0	0	14.078842370474037	[2, 0]	139.4825670675028	[1.8860356305187476, 5]
0.0	0	21.592664010991744	[1, 0]	144.36490531611307	[8.212907577421282, 5]
0.0	0	11.023874912076506	[1, 0]	114.28985105157216	[6.692672657868888, 5]
0.0	0	12.730176235986345	[1, 0]	142.41079508183307	[2.3165006241775443, 5]
0.0	0	13.85821311871869	[1, 0]	136.60272316435393	[2.77802606523396, 5]
0.0	0	23.195679643650312	[1, 0]	157.05861339097814	[3.210748474520903, 5]
0.0	0	30.535406463182486	[1, 0]	117.69195665870436	[5.32656536914686, 5]
0.0	0	43.535327937563224	[1, 0]	173.6038923453297	[7.2301877884029855, 5]
0.0	0	12.995692381085549	[2, 0]	162.92543822646633	[3.709219448103506, 5]
0.0	0	32.815855838744206	[2, 0]	168.75150504402967	[5.769790126699231, 5]
0.0	0	34.017860022175206	[2, 0]	126.36528896886267	[2.1480099035964004, 5]
0.0	0	10.704859082812417	[2, 0]	144.7627185194116	[2.6266134936016536, 5]
0.0	0	15.0547007420575	[2, 0]	178.08911487412598	[5.819364873885703, 5]
0.0	0	26.504396341832933	[1, 0]	123.76339491948323	[7.294664543299821, 5]
0.0	0	34.655529813592636	[2, 0]	173.6735081490855	[6.2180473995783645, 5]
0.0	0	20.531337841431228	[2, 0]	156.54774569738717	[1.452984976633404, 5]
0.0	0	27.269966835984942	[2, 0]	110.80894885442922	[4.805269512206292, 5]
0.0	0	16.779637423101438	[1, 0]	91.97949069133544	[5.616789848777846, 5]
0.0	0	36.777073623351654	[2, 0]	100.66927427583529	[2.8640609112721096, 5]
0.0	0	49.55073024253511	[2, 0]	131.3938115889968	[7.013971511832424, 5]
0.0	0	16.802337342566148	[1, 0]	146.6203321324087	[6.077214229541255, 5]
0.0	0	10.774135049687526	[2, 0]	151.13202318781384	[3.5937071823107365, 5]
0.0	0	12.090441686889877	[1, 0]	110.44799519497296	[6.5790710953403035, 5]
0.0	0	38.639759235226066	[2, 0]	110.64688511932908	[6.664321761629421, 5]
0.0	0	26.036443476906605	[1, 0]	165.91904624397552	[4.95315340515904, 5]
0.0	0	13.486734848544206	[1, 0]	162.28354776589944	[4.71222845279264, 5]
0.0	0	37.17408095948582	[2, 0]	104.7434638090976	[7.629619147160308, 5]
0.0	0	16.00520573311342	[1, 0]	146.47935807114862	[2.098761829432435, 5]
0.0	0	15.65371529408525	[2, 0]	95.41500520538708	[3.37311998355352, 5]
0.0	0	33.985908722089405	[2, 0]	146.23016953473336	[3.620039135709236, 5]
0.0	0	14.968791438848106	[2, 0]	159.6482319491406	[4.26821598165213, 5]
0.0	0	23.997059948908063	[1, 0]	161.4104651134203	[2.3501624581218867, 5]
0.0	0	49.581712551847666	[1, 0]	90.80153828094221	[7.300829031553869, 5]
0.0	0	49.12151712435331	[2, 0]	171.681464261512	[1.6889031171593922, 5]
0.0	0	18.833291038355174	[2, 0]	103.68093482686768	[6.773279508519057, 5]
0.0	0	24.61931133443159	[2, 0]	151.66065398939764	[6.573212530934973, 5]
0.0	0	24.4505406885303	[1, 0]	108.22234987156577	[5.169540648839501, 5]
0.0	0	30.199850685327352	[1, 0]	103.60916253483575	[5.450352286174824, 5]
0.0	0	39.222616385759636	[2, 0]	112.87987780644158	[6.745314890766506, 5]
0.0	0	34.40644286427369	[2, 0]	155.87357521191294	[2.171161508102597, 5]
0.0	0	33.940095951452186	[1, 0]	151.82795237401416	[7.696204934554519, 5]
0.0	0	43.34710194244024	[2, 0]	166.70847121856497	[2.4212176330218362, 5]
0.0	0	38.1645132310786	[2, 0]	177.38097313408082	[2.3659204347022587, 5]
0.0	0	49.346486689216995	[1, 0]	118.13059799053664	[7.700658255415633, 5]
0.0	0	11.617204680224434	[1, 0]	104.80685101425719	[4.376720621618066, 5]
0.0	0	24.804613667606205	[2, 0]	149.7039462749871	[3.2762504067918807, 5]
0.0	0	48.595862482605874	[2, 0]	89.30184361988104	[4.120660435968003, 5]
0.0	0	10.326331224166074	[1, 0]	171.81604734392292	[5.277108378754259, 5]
0.0	0	25.387643488512918	[2, 0]	142.53700107937934	[1.5641940450437881, 5]
0.0	0	30.434471177858413	[2, 0]	116.47763956163752	[5.549954137090493, 5]
0.0	0	12.72671467071412	[1, 0]	121.81721329737465	[7.815037597992614, 5]
0.0	0	47.21636086759339	[1, 0]	119.95521332804825	[6.909362291344311, 5]
0.0	0	36.136022936001154	[2, 0]	127.12561768794944	[5.655987215936976, 5]
0.0	0	49.38677389812257	[1, 0]	143.31969042293514	[3.3461999474883206, 5]
0.0	0	26.370849496660544	[1, 0]	137.86219403982872	[3.1050723692016757, 5]
0.0	0	33.58398444617582	[1, 0]	118.67972231876595	[7.033515305284008, 5]
0.0	0	43.65435873393116	[2, 0]	168.56837643611016	[4.302780146785921, 5]
0.0	0	10.222258117329197	[1, 0]	92.88565584715217	[7.882022957266077, 5]
0.0	0	42.472807551224605	[1, 0]	169.5331114908837	[7.18973910019934, 5]
0.0	0	13.836945304727905	[1, 0]	104.3300566002079	[5.282892091141979, 5]
0.0	0	25.440033317715148	[2, 0]	89.00192948687682	[2.0629439531684404, 5]
0.0	0	29.57537753284334	[1, 0]	177.86522859138603	[5.885800748977343, 5]
0.0	0	14.893647976420166	[1, 0]	102.7286086978681	[1.9993286346846642, 5]
0.0	0	29.283567162867264	[2, 0]	146.47313258944092	[2.184761194659361, 5]
0.0	0	12.118223704685176	[2, 0]	120.36315706927431	[2.353978486088278, 5]
0.0	0	37.71657324622149	[1, 0]	145.93461510991375	[3.415261558711108, 5]
0.0	0	15.655788837213114	[1, 0]	108.82877516529717	[2.1926373246145143, 5]
0.0	0	40.39755505903802	[2, 0]	115.76284431406651	[1.8610938133602148, 5]
0.0	0	20.828712704977686	[2, 0]	162.2086130670514	[2.1868319105347696, 5]
0.0	0	37.2701375915257	[1, 0]	150.26538253537075	[8.18057593947932, 5]
0.0	0	28.842231646416852	[2, 0]	103.95057931627866	[3.338508674311873, 5]
0.0	0	18.06205946585914	[1, 0]	135.63465651821483	[2.8784881115745047, 5]
0.0	0	36.62372859581487	[2, 0]	171.92582555913492	[2.7727598227951873, 5]
0.0	0	21.33271621425211	[1, 0]	123.79970686486283	[5.687008037099244, 5]
0.0	0	16.009606988135413	[2, 0]	174.32892446373887	[3.7186714631820106, 5]
0.0	0	13.884778632023469	[1, 0]	164.76239371528163	[6.935933902050687, 5]
0.0	0	26.561738038798662	[1, 0]	108.25466028162796	[8.038282309656218, 5]
0.0	0	21.39693724502246	[2, 0]	168.94986169684447	[2.5284991777399375, 5]
0.0	0	12.713172562231573	[2, 0]	127.55334643315054	[4.158074145760193, 5]
0.0	0	18.945064598669937	[2, 0]	95.10359748762072	[2.61368039600116, 5]
0.0	0	10.362339059684263	[2, 0]	149.64695968461479	[7.569711664520331, 5]
0.0	0	40.256644958246575	[1, 0]	154.17875888113468	[2.958839877777424, 5]
0.0	0	39.63142746107691	[1, 0]	124.0599482227098	[1.8495974619351625, 5]
0.0	0	10.39293786588451	[2, 0]	120.19078453868302	[3.49167381487312, 5]
0.0	0	19.158166593161067	[1, 0]	157.6215956093984	[4.20072530895952, 5]
0.0	0	14.857153089748598	[2, 0]	162.5041413650771	[6.837322840914621, 5]
0.0	0	19.11233674594437	[1, 0]	129.28721808266573	[3.2499273393216312, 5]
0.0	0	45.70753833874154	[2, 0]	154.68298987720857	[5.897770529838103, 5]
0.0	0	34.34813758848178	[1, 0]	108.18375347280023	[1.8896100035823393, 5]
0.0	0	41.466628292681584	[1, 0]	108.88150800870415	[5.298142167124453, 5]
0.0	0	28.871509182931877	[1, 0]	108.71646569970892	[2.759450353202177, 5]
0.0	0	15.183001185749797	[1, 0]	117.85095088348231	[3.96270276765456, 5]
0.0	0	20.665949974129063	[2, 0]	102.36558985359703	[3.5015432287431354, 5]
0.0	0	36.354812152638885	[1, 0]	140.22930523964516	[2.89176372458841, 5]
0.0	0	30.602163103172217	[1, 0]	100.20253523116992	[5.577018436724664, 5]
0.0	0	27.30512416362018	[2, 0]	135.70009257513823	[3.85997685885874, 5]
0.0	0	34.430038839501	[2, 0]	169.69072116296655	[6.317123709242687, 5]
0.0	0	42.93075954329099	[2, 0]	101.61936843087304	[2.6826582315711467, 5]
0.0	0	35.693434787905915	[2, 0]	155.4110502830369	[3.824545804192123, 5]
0.0	0	36.67735040572441	[2, 0]	160.16588990237787	[8.206877413977054, 5]
0.0	0	44.02808369717326	[2, 0]	145.2063915588195	[6.688605636671, 5]
0.0	0	35.25673092680413	[2, 0]	139.88510692413792	[2.4751381719874486, 5]
0.0	0	18.343316174338565	[2, 0]	163.49726276113546	[7.925597475334627, 5]
0.0	0	28.7424758064892	[2, 0]	153.4630159508278	[3.242963449050742, 5]
0.0	0	45.12576292312449	[2, 0]	172.91319451935024	[5.635921170939539, 5]
0.0	0	22.38235022675193	[2, 0]	174.69100375230016	[2.20523554184789, 5]
0.0	0	21.53557105619292	[2, 0]	124.9304112488517	[2.9329823970999978, 5]
0.0	0	37.07554757682121	[2, 0]	135.7162136339337	[3.00724648945801, 5]
0.0	0	49.628625726500104	[1, 0]	118.11720620675538	[5.68484430536996, 5]
0.0	0	45.386400894910686	[2, 0]	177.85443132179665	[5.953650641287774, 5]
0.0	0	16.4669194863112	[1, 0]	117.1466033309289	[7.243539286001338, 5]
0.0	0	24.874852778809107	[2, 0]	174.89361678103893	[4.192695967958341, 5]
0.0	0	30.664584117145633	[2, 0]	130.53971411202093	[1.6708298351410997, 5]
0.0	0	15.332063722322754	[2, 0]	103.25180696335056	[7.059993277258659, 5]
0.0	0	23.5276970134301	[2, 0]	130.75155267177635	[4.286997043975911, 5]
0.0	0	39.89895961311754	[1, 0]	144.81223007725504	[2.3624091118275463, 5]
0.0	0	15.952821861905482	[2, 0]	102.65455204140427	[4.863512529288657, 5]
0.0	0	15.642911496763787	[2, 0]	125.67574475691481	[3.621227068102732, 5]
0.0	0	32.41392760230264	[1, 0]	141.42392792871934	[5.939298720465734, 5]
0.0	0	11.07411185715609	[1, 0]	148.29220156001824	[6.85587666051581, 5]
0.0	0	32.270085242761866	[1, 0]	165.37609852958334	[5.27879831683094, 5]
0.0	0	45.351268682709545	[1, 0]	135.21938689695503	[4.874512131071826, 5]
0.0	0	34.83003040653434	[2, 0]	113.81799025748094	[5.858105042150297, 5]
0.0	0	41.75251989974893	[1, 0]	145.18625619819878	[1.7013604176591497, 5]
0.0	0	18.8051236195766	[1, 0]	148.85117720898305	[6.152792512323456, 5]
0.0	0	35.24480442765271	[2, 0]	172.7921784736695	[6.042417902400348, 5]
0.0	0	46.36084236213956	[1, 0]	122.06308894646057	[4.713974168222243, 5]
0.0	0	24.818544578710082	[1, 0]	177.23463649527235	[4.407873297508448, 5]
0.0	0	43.6313211130745	[1, 0]	105.23312186683881	[7.045400965409162, 5]
0.0	0	39.46898648625581	[1, 0]	146.6989831777296	[3.3019315384767793, 5]
0.0	0	34.784617551369074	[1, 0]	148.56692615455205	[2.272724421380665, 5]
0.0	0	41.70328012165244	[2, 0]	89.56056612820944	[6.082713268858037, 5]
0.0	0	38.434156371258446	[1, 0]	165.31762302175133	[3.422263470700446, 5]
0.0	0	44.32474089787542	[2, 0]	93.68713951171063	[4.12587020459782, 5]
0.0	0	30.99308460561334	[2, 0]	150.91056452691032	[7.607552250126387, 5]
0.0	0	10.255975422214183	[1, 0]	159.76198755005544	[3.8464187627957247, 5]
0.0	0	28.77058360363502	[1, 0]	145.69988448655909	[2.323335210292198, 5]
0.0	0	16.403016224023332	[1, 0]	121.07987837523015	[2.165022933975041, 5]
0.0	0	27.611318471669918	[1, 0]	100.8469391247568	[4.686539378532374, 5]
0.0	0	26.781448248003233	[2, 0]	160.47211047852863	[3.1944520772958986, 5]
0.0	0	25.922876979080943	[1, 0]	124.41593432416897	[8.061743799054378, 5]
0.0	0	40.21238522840018	[2, 0]	114.45662942096442	[2.8495216620929398, 5]
0.0	0	27.937167708555602	[2, 0]	134.0866336032456	[2.442750658134583, 5]
0.0	0	15.16621486945494	[1, 0]	143.61824682445635	[6.597275196118367, 5]
0.0	0	42.72748870058585	[1, 0]	177.754419510638	[5.091339741752553, 5]
0.0	0	27.950978373815445	[1, 0]	91.9720322709973	[4.566921323428912, 5]
0.0	0	27.026232488665475	[2, 0]	172.7140169219229	[7.598025603469184, 5]
0.0	0	10.683369176600372	[1, 0]	91.08246068969291	[4.071798436061537, 5]
0.0	0	33.04443870219699	[1, 0]	138.62416859939424	[5.621653778783027, 5]
0.0	0	24.80099490972741	[2, 0]	93.00849442684603	[1.4551919146124037, 5]
0.0	0	47.351991051932345	[2, 0]	124.5486698597596	[6.844316161174019, 5]
0.0	0	37.196356938553286	[1, 0]	143.0027429234686	[2.663849781392647, 5]
0.0	0	23.65168407097196	[2, 0]	116.82056954530356	[6.657951336646023, 5]
0.0	0	47.82753640401973	[2, 0]	160.47134719424798	[2.5583909320000036, 5]
0.0	0	14.99972549336476	[1, 0]	137.1706362932722	[4.693151422680556, 5]
0.0	0	42.43739841773484	[2, 0]	153.72878686608829	[4.581974042309422, 5]
0.0	0	47.56280244684986	[1, 0]	128.72235279448194	[1.7645975949824328, 5]
0.0	0	48.35996541216212	[1, 0]	125.56903822367778	[4.771503520167006, 5]
0.0	0	22.092347553877246	[2, 0]	114.03878931034602	[3.301681112602561, 5]
0.0	0	25.18736653776296	[1, 0]	119.49759946542764	[2.1644687835149066, 5]
0.0	0	12.449766877278671	[2, 0]	112.34274667200289	[8.319326682013246, 5]
0.0	0	30.414023204729784	[1, 0]	118.75408961140155	[3.850458678341051, 5]
0.0	0	18.70633811857596	[2, 0]	168.0944063612298	[6.175547305198286, 5]
0.0	0	21.469574370439535	[1, 0]	95.25062732632794	[5.464316816012584, 5]
0.0	0	38.27709516601942	[1, 0]	115.89926762202242	[6.965335607359465, 5]
0.0	0	41.4330547719652	[1, 0]	113.6279358237937	[3.72744893013728, 5]
0.0	0	32.82546659206835	[2, 0]	127.78006596541977	[5.488227580391105, 5]
0.0	0	23.494991598499453	[2, 0]	141.44238555503298	[1.7964499056588716, 5]
0.0	0	41.93258026681145	[1, 0]	144.72306080964373	[3.0795321150895987, 5]
0.0	0	25.209882288534153	[1, 0]	150.9727274814087	[5.77579661556946, 5]
0.0	0	35.341730844498194	[1, 0]	117.16898574125813	[5.967949662640335, 5]
0.0	0	25.192062446471017	[1, 0]	147.94798194134708	[6.465595893664976, 5]
0.0	0	32.11188185743925	[1, 0]	99.98324801851935	[2.4038027961742916, 5]
0.0	0	38.18722847836685	[2, 0]	157.66396704173178	[2.9637713828689005, 5]
0.0	0	21.409749661555214	[2, 0]	176.6550642855858	[2.1074790785074025, 5]
0.0	0	14.047103331563239	[1, 0]	170.98912965756787	[2.0128371862280967, 5]
0.0	0	48.235275850176265	[1, 0]	99.1695042391297	[2.0992769632593173, 5]
0.0	0	33.294308686738376	[1, 0]	166.37920613723486	[2.4777696438924575, 5]
0.0	0	13.124675563872367	[1, 0]	90.23266125040855	[1.8398398517360175, 5]
0.0	0	49.67133591898296	[1, 0]	137.13630270955673	[3.0746764683830947, 5]
0.0	0	24.9701252622826	[1, 0]	116.40146766438572	[4.455917214282419, 5]
0.0	0	32.34717537399985	[2, 0]	142.40650111466442	[7.29219336918775, 5]
0.0	0	42.13837894438327	[1, 0]	98.08602870841058	[5.269433772220564, 5]
0.0	0	41.215719982133216	[2, 0]	138.7299568271902	[2.9743381672869567, 5]
0.0	0	11.646606888841818	[2, 0]	93.98704266844327	[3.5362265772043235, 5]
0.0	0	13.421883958982566	[2, 0]	120.46907026048588	[7.358878250841501, 5]
0.0	0	35.11852618561736	[1, 0]	148.19144192061412	[7.415052024021848, 5]
0.0	0	23.96028469005572	[2, 0]	101.64448722149609	[4.206470274427077, 5]
0.0	0	10.60085643919578	[1, 0]	167.36752852119454	[4.7298357999261675, 5]
0.0	0	27.043704721439894	[2, 0]	144.65751277785444	[6.096755399524196, 5]
0.0	0	25.877239316995293	[2, 0]	177.19817134219272	[4.289146542919384, 5]
0.0	0	47.70951494484762	[1, 0]	152.7209604755575	[3.807803933159765, 5]
0.0	0	46.09529149321626	[1, 0]	165.83367113614543	[3.1211915073563468, 5]
0.0	0	32.951741663798465	[2, 0]	125.05354488978679	[2.5514629658128256, 5]
0.0	0	18.818018107625598	[2, 0]	149.6926367085893	[4.003839281636249, 5]
0.0	0	12.727498004455487	[1, 0]	138.55281253831376	[7.7479438388930175, 5]
0.0	0	27.213562854377244	[2, 0]	101.98063885572559	[1.488730917587716, 5]
0.0	0	30.391355365359868	[1, 0]	146.6301353515289	[4.606648151925747, 5]
0.0	0	20.976383310541944	[2, 0]	136.0199330888074	[8.124086371903141, 5]
0.0	0	30.121079185611368	[1, 0]	127.63897690754739	[3.756465841639831, 5]
0.0	0	11.545795152948035	[2, 0]	125.75996258321703	[7.408549855703639, 5]
0.0	0	29.10987623458374	[1, 0]	175.3391230985152	[3.428192556359128, 5]
0.0	0	35.66515532603599	[2, 0]	145.22758114882004	[6.435254269308489, 5]
0.0	0	16.6207898034298	[2, 0]	105.8959221500237	[4.6366780912973855, 5]
0.0	0	11.590020451480658	[2, 0]	103.15195652416534	[6.655995072644444, 5]
0.0	0	29.620738416893257	[2, 0]	95.36689666116874	[4.6836166308412395, 5]
0.0	0	32.18232184649758	[1, 0]	177.279336444205	[3.2704325814170896, 5]
0.0	0	25.590433267791155	[1, 0]	134.13407294225797	[4.985867074574056, 5]
0.0	0	39.98703719860775	[1, 0]	174.89268540024068	[8.184052243303066, 5]
0.0	0	41.13454867199587	[2, 0]	128.33011049237857	[5.628443665179881, 5]
0.0	0	43.794689788075154	[2, 0]	170.82409782831553	[6.726153375006037, 5]
0.0	0	36.3914204063634	[1, 0]	98.31574023582638	[5.4537337246127295, 5]
0.0	0	47.60246129949576	[1, 0]	95.38799969600487	[4.433374076875495, 5]
0.0	0	41.05246751226142	[2, 0]	133.36734537172646	[7.782165434637077, 5]
0.0	0	21.290079207931505	[1, 0]	155.25466032867723	[6.257136297987822, 5]
0.0	0	22.443528074743675	[2, 0]	139.4219303958086	[7.430672906331309, 5]
0.0	0	49.110855423730534	[1, 0]	160.76389427391626	[3.9786814428766535, 5]
0.0	0	19.902209002260655	[1, 0]	106.87638411829369	[3.1737061704204472, 5]
0.0	0	14.377823145556437	[2, 0]	161.53583011381875	[2.1937128167600854, 5]
0.0	0	22.408186070750137	[2, 0]	116.64661681122796	[7.365182226606047, 5]
0.0	0	21.986765006198613	[1, 0]	174.86631978757273	[4.368648043847929, 5]
0.0	0	28.059688018011112	[2, 0]	142.47594652691546	[4.732370351606192, 5]
0.0	0	35.257579487307055	[1, 0]	178.42361385037233	[3.8588606915947206, 5]
0.0	0	43.60774237140842	[1, 0]	107.59484787896697	[4.06800596104882, 5]
0.0	0	25.18120942803979	[2, 0]	129.2956178493275	[8.286064086854923, 5]
0.0	0	15.382664523601695	[1, 0]	161.35658347859913	[3.3036021219544187, 5]
0.0	0	49.63931927204907	[2, 0]	156.38279682422962	[6.867547813985763, 5]
0.0	0	11.068131344008654	[1, 0]	157.74676456365881	[1.5615878505623486, 5]
0.0	0	32.92022709162065	[2, 0]	142.24288962810368	[7.376856548347539, 5]
0.0	0	49.563222855964355	[2, 0]	111.19843504633994	[4.424636154575511, 5]
0.0	0	27.457364592077973	[2, 0]	122.90324677371774	[4.981517484059636, 5]
0.0	0	37.222990383991785	[1, 0]	153.43696374231953	[3.46767693642084, 5]
0.0	0	28.328773117909844	[1, 0]	169.59398512342727	[4.224868178443892, 5]
0.0	0	44.363352093347494	[2, 0]	99.12646708019058	[5.588202691298506, 5]
0.0	0	43.510112441565326	[2, 0]	162.03392738419518	[2.426019077694321, 5]
0.0	0	42.76450797789284	[2, 0]	123.888012375969	[3.19876327747904, 5]
0.0	0	12.519218317124725	[2, 0]	140.4535723391388	[4.843196151880756, 5]
0.0	0	26.106562477048666	[2, 0]	96.40185772959511	[2.4089342391066646, 5]
0.0	0	45.329780483264166	[2, 0]	109.05892859737293	[2.897795598373286, 5]
0.0	0	44.8591948793053	[1, 0]	107.96891433759322	[3.7364152571832916, 5]
0.0	0	49.03810339483858	[1, 0]	110.39726432916926	[8.184622565109205, 5]
0.0	0	22.81506856324928	[2, 0]	93.12628265468754	[5.6601378910254105, 5]
0.0	0	45.59013746969442	[2, 0]	124.06114070185075	[6.571393995896576, 5]
0.0	0	31.21527749162488	[1, 0]	97.14991537962919	[8.074721747739893, 5]
0.0	0	30.20742368499432	[2, 0]	169.55119405798274	[5.7985252744353435, 5]
0.0	0	29.000204439899466	[2, 0]	157.0656163753576	[1.4426208924713604, 5]
0.0	0	49.756583149817374	[1, 0]	161.6003121569646	[8.193857603554596, 5]
0.0	0	43.90674283669904	[1, 0]	97.05215864908592	[2.7969877985975296, 5]
0.0	0	11.740887506609472	[2, 0]	163.9654928296515	[7.066050952560375, 5]
0.0	0	30.576947688655757	[2, 0]	118.83373357999707	[3.7037494946358445, 5]
0.0	0	19.21891861073376	[2, 0]	125.37767128001656	[3.219347766958557, 5]
0.0	0	11.798341231278968	[2, 0]	169.58635232840516	[3.0240790779239686, 5]
0.0	0	20.27097671942915	[2, 0]	130.7936099231942	[5.200973250545441, 5]
0.0	0	22.815899478671504	[2, 0]	99.53391880606247	[3.1954304288844457, 5]
0.0	0	15.740308398160748	[1, 0]	133.18089846756988	[6.750522981250436, 5]
0.0	0	45.98836103887517	[2, 0]	135.79208237118488	[1.7690519374757547, 5]
0.0	0	49.15297610580779	[1, 0]	122.9182274172633	[6.641518064605746, 5]
0.0	0	34.16554514587592	[2, 0]	137.4384384631785	[1.458622456002795, 5]
0.0	0	37.424145956762864	[1, 0]	136.972930429946	[2.9415089569873865, 5]
0.0	0	49.99273717463272	[1, 0]	128.65004590087523	[2.1082286485256136, 5]
0.0	0	23.02876932321921	[2, 0]	139.7133117627191	[3.807787648595064, 5]
0.0	0	36.35186418934309	[1, 0]	93.8515591459504	[3.879054146217927, 5]
0.0	0	12.310496598989962	[1, 0]	161.33494801873474	[2.1233666282606087, 5]
0.0	0	13.225897097198908	[2, 0]	109.35796176206023	[1.941246719250704, 5]
0.0	0	44.2980074287114	[2, 0]	134.45293061215713	[5.859325756609337, 5]
0.0	0	13.717115062265407	[2, 0]	129.47760235690197	[5.687585561741864, 5]
0.0	0	38.94319359921024	[2, 0]	127.31757890616865	[1.7650640796296202, 5]
0.0	0	11.582039270237486	[1, 0]	175.30966960988002	[6.396038849636655, 5]
0.0	0	23.887258071264476	[2, 0]	173.3729325460274	[6.010804663724957, 5]
0.0	0	33.48874018590224	[2, 0]	177.5030511356968	[1.8891126504146607, 5]
0.0	0	33.66270768514663	[1, 0]	90.80959803760915	[3.3866980633041988, 5]
0.0	0	25.841988818740383	[2, 0]	136.48554431114096	[7.756930037805085, 5]
0.0	0	40.330511515305155	[2, 0]	126.25518572432651	[5.055116738553278, 5]
0.0	0	26.29720275808313	[2, 0]	129.2391878817835	[5.6168110330456, 5]
0.0	0	46.214041627602036	[2, 0]	105.8394418618007	[3.5251764477701526, 5]
0.0	0	37.756323346244905	[2, 0]	154.22850481556483	[3.982843451347436, 5]
0.0	0	11.419684673976796	[1, 0]	147.16097154411315	[4.6955700593134235, 5]
0.0	0	41.637822634094164	[2, 0]	158.94011766704108	[3.8981559633246063, 5]
0.0	0	20.8833860610386	[1, 0]	107.17572050259238	[2.244606078275075, 5]
0.0	0	23.031509857772793	[1, 0]	144.49087577178886	[5.0015263749864065, 5]
0.0	0	47.72966207675546	[1, 0]	89.6278970943493	[1.5312492831076179, 5]
0.0	0	36.377016962616544	[2, 0]	167.13898663011037	[2.1306424194714113, 5]
0.0	0	23.315577381677425	[2, 0]	109.48647716936118	[6.437893584301114, 5]
0.0	0	15.15031787406741	[1, 0]	94.53474858517504	[5.292305286551782, 5]
0.0	0	46.86292724710016	[2, 0]	164.18499347871983	[4.578085442541375, 5]
0.0	0	25.14977220984074	[2, 0]	117.94149458904869	[2.2951002733679635, 5]
0.0	0	11.960552449575374	[2, 0]	173.6241332047419	[7.8099049159271905, 5]
0.0	0	29.7590521799241	[2, 0]	115.42583508272168	[1.6883602837193963, 5]
0.0	0	16.579074741113995	[1, 0]	94.54867632312843	[5.306017751398675, 5]
0.0	0	33.756583187922836	[1, 0]	112.2689173755503	[7.058217281628324, 5]
0.0	0	15.421077127846187	[2, 0]	140.16028625833948	[4.913082969946013, 5]
0.0	0	43.31854090405129	[1, 0]	128.35020884498113	[6.763256961912502, 5]
0.0	0	25.5483058206933	[2, 0]	161.8443595792384	[7.7470399054474495, 5]
0.0	0	28.75376066524243	[1, 0]	171.47629908786192	[1.9332140319612552, 5]
0.0	0	25.9899560438642	[1, 0]	127.77052308600221	[5.798878011977813, 5]
0.0	0	17.100229565848007	[2, 0]	170.53107312877518	[1.9374486868457519, 5]
0.0	0	47.7341305638207	[2, 0]	133.72390889027474	[1.7249212641403031, 5]
0.0	0	34.348385772424756	[1, 0]	167.2038144947737	[7.627389312548089, 5]
0.0	0	22.207402416461818	[1, 0]	166.8558916283363	[2.004410105580981, 5]
0.0	0	21.681979354322984	[2, 0]	98.33336325540776	[1.546016431446131, 5]
0.0	0	29.178959388125488	[1, 0]	117.11894101378547	[3.255115984033984, 5]
0.0	0	37.12069833282753	[2, 0]	103.24076213975884	[4.866423720515527, 5]
0.0	0	27.584477493531317	[1, 0]	127.39194119763694	[8.106202734909134, 5]
0.0	0	30.597313880229844	[1, 0]	136.54909710457449	[5.232462956114831, 5]
0.0	0	35.51085398768609	[1, 0]	91.60017370255498	[6.29211115891104, 5]
0.0	0	36.04274843504875	[2, 0]	178.32654112467975	[2.4833885905733397, 5]
0.0	0	49.90801052933106	[1, 0]	162.98799437563196	[5.95806557362588, 5]
0.0	0	43.944051449246075	[2, 0]	108.18576173191484	[4.6185859677233845, 5]
0.0	0	30.969648187561805	[1, 0]	141.99726238874962	[7.173280769397315, 5]
0.0	0	33.9263746214249	[1, 0]	171.1153724493601	[8.05023476866305, 5]
0.0	0	35.487055873778594	[1, 0]	176.54357834964458	[5.230647132780818, 5]
0.0	0	31.753822855363143	[2, 0]	139.32075240526663	[7.099868585546166, 5]
0.0	0	47.746506026932096	[1, 0]	165.92838110557346	[6.720800619948638, 5]
0.0	0	41.55710163187448	[1, 0]	167.0653819160206	[2.3189395846919316, 5]
0.0	0	49.44287145458651	[1, 0]	154.2430276904302	[2.6325681034187154, 5]
0.0	0	42.589484571863615	[1, 0]	141.559882163592	[5.955880376826058, 5]
0.0	0	19.548192580869532	[1, 0]	178.98365853653385	[6.305972694456874, 5]
0.0	0	16.385292450709198	[2, 0]	149.54723621069263	[4.3410220214907245, 5]
0.0	0	42.26156151812292	[2, 0]	126.25938107023278	[7.615828317325026, 5]
0.0	0	48.843733228426494	[1, 0]	135.8438901281665	[1.531609910440135, 5]
0.0	0	31.399437493955343	[2, 0]	169.4256483678756	[3.2906000851878274, 5]
0.0	0	47.075363439251205	[1, 0]	126.626660050001	[6.158977429146962, 5]
0.0	0	20.29208331973631	[2, 0]	110.31244588587822	[7.645487284533989, 5]
0.0	0	12.929141407550834	[2, 0]	165.42013667104914	[6.74752446280262, 5]
0.0	0	39.332802389281774	[2, 0]	146.93254047804487	[7.186828369047849, 5]
0.0	0	16.805316390592132	[1, 0]	138.9595721132562	[1.5802895582900436, 5]
0.0	0	33.36862201016501	[1, 0]	96.73341853436611	[5.969683344787968, 5]
0.0	0	20.40897523026269	[2, 0]	157.15279458879274	[3.6929007487794347, 5]
0.0	0	17.27465527995076	[2, 0]	136.18884453796596	[3.0163941135716974, 5]
0.0	0	30.134432607603497	[1, 0]	143.4528625141555	[5.673535428715234, 5]
0.0	0	25.236469728578665	[1, 0]	104.15052700711021	[4.004646011215922, 5]
0.0	0	25.77164256903051	[2, 0]	159.2860647177632	[3.713899835342199, 5]
0.0	0	17.97646597210157	[1, 0]	152.925626983388	[5.017692550640335, 5]
0.0	0	15.680131181477122	[1, 0]	110.2502077565853	[7.697873980438722, 5]
0.0	0	43.656908171840904	[2, 0]	121.9297214658873	[2.5608043314208286, 5]
0.0	0	14.012608574624236	[2, 0]	173.5711797328541	[6.7267198074615955, 5]
0.0	0	48.03021580677963	[2, 0]	135.59997217113937	[3.9720677331442635, 5]
0.0	0	18.37820980300713	[1, 0]	161.2960843746332	[8.292529626336789, 5]
0.0	0	44.273329531140305	[1, 0]	121.10294146960578	[3.989530197832101, 5]
0.0	0	33.151207650610424	[2, 0]	167.36974825720324	[2.6369713075675154, 5]
0.0	0	27.525402282651893	[2, 0]	120.26558656050004	[4.7156419165576065, 5]
0.0	0	12.752200880639277	[1, 0]	113.71020108567063	[6.1908999289771, 5]
0.0	0	31.916561986864004	[2, 0]	175.92838463168243	[6.326572356327156, 5]
0.0	0	37.102264908790076	[1, 0]	156.43298895173723	[4.397118384487692, 5]
0.0	0	19.60848116080148	[2, 0]	171.24558297598935	[4.967920056840392, 5]
0.0	0	34.93645104770701	[1, 0]	135.29632418672526	[2.4024349073589106, 5]
0.0	0	25.823220130460868	[2, 0]	139.10769486355872	[2.8309136665141597, 5]
0.0	0	37.54858570607303	[1, 0]	91.54768583378902	[7.7554897944438075, 5]
0.0	0	14.424461130028172	[1, 0]	110.8464642763123	[6.448641752493453, 5]
0.0	0	47.75570815014136	[1, 0]	174.07895170075108	[2.7750246808639947, 5]
0.0	0	38.71337393534734	[2, 0]	93.08975813619756	[5.578755851470192, 5]
0.0	0	17.23019422945811	[1, 0]	145.95666966942434	[5.486904900578487, 5]
0.0	0	32.158079619978224	[1, 0]	135.41000840837563	[8.059366485349699, 5]
0.0	0	48.6808540946184	[1, 0]	154.61227849908212	[7.454960649214737, 5]
0.0	0	35.657226430604034	[1, 0]	145.06376975037503	[2.840708883369649, 5]
0.0	0	20.350541344568967	[1, 0]	99.33505028503973	[1.4788863389353404, 5]
0.0	0	25.8116528770579	[2, 0]	94.16306195523819	[3.9365712943819213, 5]
0.0	0	34.082956990532566	[2, 0]	103.37506488567007	[5.746412003200471, 5]
0.0	0	17.05573274856699	[2, 0]	93.98208113929691	[7.111628792837189, 5]
0.0	0	28.875429989913016	[2, 0]	107.2620833282802	[1.7924451123979668, 5]
0.0	0	30.566551230679323	[2, 0]	168.76812158028804	[4.743009850915994, 5]
0.0	0	13.69950846318946	[2, 0]	112.37862167570077	[6.5017047094229925, 5]
0.0	0	15.9207106398593	[2, 0]	117.46084778353362	[4.92475141905214, 5]
0.0	0	20.569860650722696	[2, 0]	160.5953871138849	[5.617767687506851, 5]
0.0	0	35.683883662179944	[1, 0]	122.34258866297445	[7.195128110088587, 5]
0.0	0	14.208751799153388	[1, 0]	91.97508600836433	[8.113042676998994, 5]
0.0	0	40.54023882829146	[2, 0]	126.69700792023832	[8.099884637358663, 5]
0.0	0	44.64372115870684	[1, 0]	165.67852996877778	[2.9306532470589888, 5]
0.0	0	41.79957674005584	[1, 0]	124.67686985247246	[3.57602236726714, 5]
0.0	0	24.078888331407995	[1, 0]	148.50990850438183	[2.471209495146067, 5]
0.0	0	43.08664926337378	[2, 0]	174.8387309637859	[7.147923990755779, 5]
0.0	0	46.349554269542644	[1, 0]	93.69343544276644	[6.815040903921106, 5]
0.0	0	29.12282478920336	[1, 0]	167.094858420552	[6.524835475338058, 5]
0.0	0	48.99673317216597	[1, 0]	108.95472175604232	[2.161796117929292, 5]
0.0	0	23.865258542949714	[1, 0]	130.4489275718357	[5.143326351092147, 5]
0.0	0	40.26216082384152	[2, 0]	103.87725747197496	[6.910849181276588, 5]
0.0	0	37.30794168953602	[2, 0]	154.32076884099354	[7.771164259224944, 5]
0.0	0	10.856259125083666	[2, 0]	164.7609666151246	[4.38338175187317, 5]
0.0	0	24.96158448100981	[2, 0]	97.51344274106503	[6.920843416528817, 5]
0.0	0	28.88423658878558	[2, 0]	113.78794163178283	[7.372458028528875, 5]
0.0	0	28.931451750802058	[1, 0]	145.3862388468841	[7.572142752901949, 5]
0.0	0	18.117559037858854	[2, 0]	162.17139084911628	[4.3902804453203235, 5]
0.0	0	14.940943501177722	[2, 0]	149.51077513740898	[3.882834351422447, 5]
0.0	0	14.235155400811802	[1, 0]	108.90531413524025	[2.8038473623675992, 5]
0.0	0	31.633364174106	[1, 0]	177.05148156547818	[4.826332433151532, 5]
0.0	0	41.191583925173674	[1, 0]	153.18128354997006	[5.476042279025355, 5]
0.0	0	12.636322566942289	[1, 0]	90.11863175122615	[4.319340256218865, 5]
0.0	0	36.22464290638206	[2, 0]	157.01963140256908	[5.19163157645945, 5]
0.0	0	39.94886890586242	[1, 0]	141.94584026481718	[4.118092492060127, 5]
0.0	0	32.98203983143134	[2, 0]	150.5492900786918	[6.464861629127276, 5]
0.0	0	18.361510635728596	[2, 0]	131.30876984579072	[1.9543708048066932, 5]
0.0	0	22.689227947018534	[2, 0]	122.18844691750256	[6.279616337492491, 5]
0.0	0	40.79744255712759	[2, 0]	97.67674537876239	[1.7807065906917026, 5]
0.0	0	31.47434847547637	[2, 0]	140.1358609884952	[1.9906946013436693, 5]
0.0	0	19.466365284193103	[1, 0]	174.31820717535686	[6.988954491453642, 5]
0.0	0	14.32477646597088	[1, 0]	97.1047451740111	[6.258349105082556, 5]
0.0	0	36.19870735182597	[2, 0]	101.87449070602251	[3.597863017277041, 5]
0.0	0	32.808362886643614	[2, 0]	133.79493185313507	[2.2387228035563083, 5]
0.0	0	32.951288370893856	[1, 0]	121.08794079264135	[5.976587991955991, 5]
0.0	0	29.377202029070123	[1, 0]	172.70418950430593	[6.623384636615524, 5]
0.0	0	46.51525731632021	[2, 0]	165.93150056333445	[5.996202255073126, 5]
0.0	0	24.529345076658323	[2, 0]	118.42421211389168	[7.283258541499169, 5]
0.0	0	21.52991567832453	[1, 0]	174.29482996098403	[7.19944741599889, 5]
0.0	0	40.33277645737113	[1, 0]	176.86751179746102	[3.3166381792146304, 5]
0.0	0	42.609373227112314	[2, 0]	149.02189579288745	[1.8530044452519436, 5]
0.0	0	43.96656477449413	[2, 0]	143.95045690988997	[3.0615531486860044, 5]
0.0	0	17.637948659926412	[1, 0]	138.87734860736754	[3.626368018299338, 5]
0.0	0	12.761566828112048	[2, 0]	126.44949361487816	[3.71464854060281, 5]
0.0	0	29.238450413588673	[2, 0]	157.4389824960779	[6.90335233882335, 5]
0.0	0	42.490472134563284	[1, 0]	127.79262434399936	[7.3279126063451665, 5]
0.0	0	33.72271486345845	[2, 0]	104.2123748572823	[5.588957989076156, 5]
0.0	0	46.32748453853292	[1, 0]	121.66520129600691	[5.010620893649303, 5]
0.0	0	27.980923740718996	[2, 0]	132.62344297118898	[6.007174603028567, 5]
0.0	0	37.085919815222	[2, 0]	152.3710480581761	[5.47995479541615, 5]
0.0	0	24.50731419725788	[2, 0]	167.30723960466955	[2.023366110304897, 5]
0.0	0	17.750345442046534	[2, 0]	116.56767507324032	[3.7845129739489973, 5]
0.0	0	21.16012127376054	[2, 0]	116.18707041683071	[7.7637357698867495, 5]
0.0	0	48.37657730601965	[1, 0]	106.43735495850714	[3.765420151745546, 5]
0.0	0	47.773580106111666	[2, 0]	152.8837638468714	[2.3274777225437235, 5]
0.0	0	33.11433968536582	[2, 0]	113.49786720054954	[6.276710550277844, 5]
0.0	0	47.77377039612609	[2, 0]	164.40631090987546	[7.44893582867381, 5]
0.0	0	13.911681974185498	[1, 0]	157.22699992846873	[4.821582516290365, 5]
0.0	0	38.4088064201414	[1, 0]	123.69669297719412	[3.2964823568688284, 5]
0.0	0	26.563235546602584	[1, 0]	98.55734762324728	[2.4049199451494427, 5]
0.0	0	36.12485891464989	[2, 0]	101.03658233236371	[3.9801286101403015, 5]
0.0	0	35.7335724473949	[1, 0]	89.4627166017563	[2.8418016959414802, 5]
0.0	0	44.971287829052635	[1, 0]	173.32815051839822	[2.317800331862619, 5]
0.0	0	45.33358153122251	[1, 0]	147.7799123593187	[3.569998004991582, 5]
0.0	0	12.251904633313531	[2, 0]	114.33513194186735	[7.91988625017407, 5]
0.0	0	29.359034459259153	[2, 0]	167.35782652550904	[2.202647200344471, 5]
0.0	0	30.268789943758545	[1, 0]	98.07584743906956	[3.8326673613257536, 5]
0.0	0	21.883077510703597	[1, 0]	110.14438728246463	[7.290244999478303, 5]
0.0	0	48.25677814469737	[2, 0]	96.18511723755167	[7.921660287636396, 5]
0.0	0	49.737626244793454	[2, 0]	177.54830992779125	[4.350214043540508, 5]
0.0	0	33.196745217601666	[2, 0]	153.71344303432102	[7.320081232767593, 5]
0.0	0	16.410714616851244	[1, 0]	141.05860819894656	[4.592303214658863, 5]
0.0	0	22.28244575027915	[2, 0]	153.33002544769334	[3.9643692311515952, 5]
0.0	0	32.995174420036996	[2, 0]	167.62315951871562	[7.041507213796824, 5]
0.0	0	10.439000057086645	[1, 0]	111.31129748337973	[2.793012835003035, 5]
0.0	0	26.923481345841385	[2, 0]	110.28433145959244	[6.247128045128895, 5]
0.0	0	24.506441782506947	[1, 0]	102.09506679928315	[3.5965491553566835, 5]
0.0	0	10.92752106873689	[1, 0]	110.75245703959801	[7.335684502572707, 5]
0.0	0	23.10207959282458	[2, 0]	112.27600951226023	[6.7983511783390576, 5]
0.0	0	31.19201056589047	[2, 0]	99.20367785170944	[1.772916916272479, 5]
0.0	0	34.22782929229781	[2, 0]	94.43032270377786	[1.6657537295781766, 5]
0.0	0	49.75150251079959	[1, 0]	152.39002428412732	[7.393352486319607, 5]
0.0	0	33.64582242992052	[2, 0]	144.54418332490172	[5.191019969097565, 5]
0.0	0	22.7482637349631	[1, 0]	156.67955930216655	[3.92934032271447, 5]
0.0	0	14.980855079922703	[1, 0]	91.06257475626721	[1.6103607171071994, 5]
0.0	0	31.15793117373157	[2, 0]	167.24354112193492	[5.25959620353758, 5]
0.0	0	34.66627938695201	[1, 0]	131.17722599202028	[4.5498658408475485, 5]
0.0	0	44.21025822233785	[2, 0]	159.86405610511844	[8.285981740302297, 5]
0.0	0	23.169676224859515	[2, 0]	177.93396181782268	[5.3819484325987395, 5]
0.0	0	38.087052158681985	[1, 0]	120.41410383269921	[5.617635036396354, 5]
0.0	0	46.425448189995905	[2, 0]	167.8517621221921	[8.207450712773806, 5]
0.0	0	10.25429069038266	[2, 0]	127.91526298710487	[1.9805883892973293, 5]
0.0	0	34.37843734462144	[2, 0]	133.78120779417003	[4.86354450209718, 5]
0.0	0	38.01408765773159	[1, 0]	161.6916477499437	[3.5817745396991008, 5]
0.0	0	25.585542320615293	[1, 0]	152.36349011357356	[7.1255765619440625, 5]
0.0	0	39.825938176508906	[2, 0]	118.08419603908553	[5.5410192883922935, 5]
0.0	0	16.572286584562754	[1, 0]	117.25782908625717	[4.945453321008155, 5]
0.0	0	26.564867235190768	[1, 0]	161.79297162757376	[6.180431467860758, 5]
0.0	0	22.94535020607288	[1, 0]	145.27658353994926	[2.190130787403693, 5]
0.0	0	32.89454188038325	[2, 0]	153.1556330095637	[5.823918961633836, 5]
0.0	0	13.735326081221753	[1, 0]	144.92393048087345	[3.6645731813384255, 5]
0.0	0	26.461662972555796	[1, 0]	173.0551233005006	[6.224187714294433, 5]
0.0	0	16.884419003727878	[1, 0]	145.51276298072509	[4.030129707340018, 5]
0.0	0	38.445276837154225	[2, 0]	169.55608910580992	[7.921360589968381, 5]
0.0	0	14.23260613197294	[1, 0]	124.0796437958633	[1.805565568650511, 5]
0.0	0	42.832958919734835	[2, 0]	131.02485085288905	[3.1880582248786897, 5]
0.0	0	37.04866968910506	[1, 0]	146.51065546284661	[5.239480136014717, 5]
0.0	0	43.78427499342402	[2, 0]	123.08157114380339	[5.13207775549848, 5]
0.0	0	46.560138224772714	[1, 0]	175.0264564057663	[3.1438775763797855, 5]
0.0	0	33.46814295025843	[1, 0]	176.76017945011262	[2.5122133747931388, 5]
0.0	0	31.87222336688736	[2, 0]	128.41957293811907	[6.150590024323331, 5]
0.0	0	47.0582206200182	[1, 0]	120.51636905751567	[6.538663835499702, 5]
0.0	0	42.50653159030816	[2, 0]	113.44390335886615	[4.554083944540399, 5]
0.0	0	15.912802024111325	[1, 0]	139.53713673050314	[5.5943407185887075, 5]
0.0	0	33.985527440302704	[1, 0]	107.73806586408239	[4.0435646348581535, 5]
0.0	0	43.613076408468515	[1, 0]	121.75631022149582	[8.19182575391861, 5]
0.0	0	13.6991934163635	[2, 0]	159.64338310529268	[3.642692074289713, 5]
0.0	0	35.46202202180164	[2, 0]	109.27597075038707	[8.093210531103058, 5]
0.0	0	33.2404359880972	[1, 0]	101.12327711030561	[2.4614235971053264, 5]
0.0	0	17.527644586414528	[2, 0]	131.6590140970555	[2.868621174434041, 5]
0.0	0	47.63483286762894	[1, 0]	136.89356033624952	[7.85495370164428, 5]
0.0	0	44.731387537016026	[2, 0]	126.34352486801127	[7.048968107147083, 5]
0.0	0	33.97302795946103	[1, 0]	103.10838738597384	[3.4877812957523027, 5]
0.0	0	12.980691385590946	[1, 0]	146.2781609314128	[1.5098332766033908, 5]
0.0	0	37.3414207657184	[2, 0]	110.2420044519541	[5.470860629706866, 5]
0.0	0	26.85891608436684	[1, 0]	147.523167055135	[8.333296454680285, 5]
0.0	0	11.74817566714128	[2, 0]	106.3543762242706	[5.151552775882435, 5]
0.0	0	17.168318822844004	[1, 0]	174.6609064757975	[5.6094804956923054, 5]
0.0	0	17.951953213888096	[2, 0]	150.08944798740703	[2.768144421940382, 5]
0.0	0	10.63242101911635	[1, 0]	155.70594178728382	[4.4737473267360786, 5]
0.0	0	39.074793985509565	[2, 0]	124.01318339443293	[2.2298032233015923, 5]
0.0	0	22.88705201444821	[1, 0]	165.45294359610529	[3.466456773763968, 5]
0.0	0	20.29075440140082	[2, 0]	149.27805461839444	[7.737671905307029, 5]
0.0	0	48.93446942278166	[2, 0]	161.791651758939	[7.262380596734468, 5]
0.0	0	23.619226460557392	[2, 0]	134.74677390243852	[2.2723872235695497, 5]
0.0	0	42.474224776930726	[2, 0]	158.82362096918996	[3.04400056145561, 5]
0.0	0	33.942636891767506	[2, 0]	112.495319528157	[4.235574674937146, 5]
0.0	0	33.1874869937588	[2, 0]	126.62014482224836	[6.19394990510924, 5]
0.0	0	38.45977520682279	[1, 0]	90.60191412951593	[3.5810316644333295, 5]
0.0	0	38.087903268502856	[2, 0]	109.37826768649924	[1.5595805576775477, 5]
0.0	0	49.562093657854625	[1, 0]	148.58099320547137	[7.63065874350244, 5]
0.0	0	32.111266175523824	[2, 0]	94.96643507806363	[7.887775684652431, 5]
0.0	0	17.018269304309296	[1, 0]	93.45741862062977	[6.386057276340057, 5]
0.0	0	26.879162125979306	[1, 0]	148.21569008804923	[3.3859614387321852, 5]
0.0	0	17.409646834414353	[2, 0]	96.4986068651462	[4.768711304470476, 5]
0.0	0	28.465720924321893	[2, 0]	136.1032771062173	[5.250185865604475, 5]
0.0	0	40.26534096580655	[2, 0]	167.10729582388393	[5.77118773156148, 5]
0.0	0	16.222668339882528	[1, 0]	163.1164345320139	[7.950954406170428, 5]
0.0	0	20.384040406807753	[1, 0]	114.85864042491974	[5.781542239682564, 5]
0.0	0	12.386744753325589	[1, 0]	96.69739247267606	[8.273656723082047, 5]
0.0	0	49.72386512412972	[1, 0]	132.4455955421518	[3.9886692952225973, 5]
0.0	0	34.00338165106546	[2, 0]	99.72181800760961	[3.8769780282369033, 5]
0.0	0	29.637047569194415	[2, 0]	131.27148764533982	[1.9494661806135531, 5]
0.0	0	11.472517847238928	[1, 0]	170.74290293354534	[4.633956943532647, 5]
0.0	0	45.332416722543755	[1, 0]	124.92387479581612	[2.671832781851855, 5]
0.0	0	24.084031058435276	[2, 0]	171.8069841694303	[6.7255800810779665, 5]
0.0	0	20.686519796436134	[2, 0]	113.54396815322325	[6.66261089544081, 5]
0.0	0	37.68884742646096	[2, 0]	147.05635781878283	[8.258776712194793, 5]
0.0	0	24.4661394588257	[1, 0]	142.73794925624574	[1.5110245735182015, 5]
0.0	0	21.11532995029072	[1, 0]	166.43736543553024	[3.2344430890906555, 5]
0.0	0	28.767760352248455	[2, 0]	174.13998528263994	[5.466431055965328, 5]
0.0	0	29.446018586224973	[1, 0]	94.86855223885607	[5.0017843497244305, 5]
0.0	0	32.21680420230806	[2, 0]	111.37362723105699	[4.640726182574833, 5]
0.0	0	16.25520699781795	[2, 0]	142.83850367920644	[7.727000815682677, 5]
0.0	0	40.16978981496088	[2, 0]	104.2591126091016	[3.9539941022742644, 5]
0.0	0	43.07627090285091	[2, 0]	137.38732503581863	[6.459840878958017, 5]
0.0	0	21.625704330892148	[2, 0]	141.56916429155888	[4.428676782642633, 5]
0.0	0	32.57162821050714	[2, 0]	170.5809307549058	[6.408003844717634, 5]
0.0	0	31.601757942788808	[2, 0]	134.7848975700386	[3.0928570353042124, 5]
0.0	0	39.0561838918481	[2, 0]	107.55838706115131	[5.958671965249476, 5]
0.0	0	43.109293184543226	[2, 0]	176.26153181397777	[7.7019499275472585, 5]
0.0	0	42.57229762941733	[2, 0]	117.24043958015943	[3.7153026490107943, 5]
0.0	0	33.57560514803986	[2, 0]	92.46346066645812	[2.4300015247176514, 5]
0.0	0	47.74691577919414	[1, 0]	171.32722012368384	[1.9882022777203092, 5]
0.0	0	40.62640275175347	[2, 0]	121.01879215668902	[7.5320667464009405, 5]
0.0	0	27.386929102923595	[1, 0]	92.2817852523825	[5.185658423280421, 5]
0.0	0	46.9937906181376	[2, 0]	108.2801937552785	[3.2397183524622615, 5]
0.0	0	39.083812656546606	[1, 0]	104.37097805281545	[6.840057099914898, 5]
0.0	0	38.40825472974742	[2, 0]	101.67916526901114	[6.303542040579896, 5]
0.0	0	26.814691312622315	[2, 0]	130.48725816013967	[7.452557403208053, 5]
0.0	0	18.804317016117817	[1, 0]	135.1692192586388	[3.3838592893340973, 5]
0.0	0	18.499737974131833	[1, 0]	151.410417314374	[1.4246426293901868, 5]
0.0	0	46.566194064451224	[2, 0]	126.74500800376063	[4.7082817243288275, 5]
0.0	0	34.555640554147075	[2, 0]	152.43239167075663	[1.6711446899071196, 5]
0.0	0	49.383511027415196	[1, 0]	173.79071014339388	[1.6259724300533693, 5]
0.0	0	49.02960822223552	[1, 0]	121.39802301413874	[6.280091476831822, 5]
0.0	0	26.12905915083216	[1, 0]	165.82405578666152	[4.613662530523126, 5]
0.0	0	29.968910973289205	[1, 0]	145.40977488319822	[2.0323908669402395, 5]
0.0	0	14.863483540885303	[1, 0]	163.2812840297473	[3.288073505017666, 5]
0.0	0	46.41792506769979	[2, 0]	170.2592273374766	[2.871075792978885, 5]
0.0	0	29.911482916423832	[2, 0]	144.10155403842143	[4.7475850903927395, 5]
0.0	0	12.916873493902253	[1, 0]	161.54923475777548	[6.826141893295732, 5]
0.0	0	46.40590165771052	[2, 0]	138.83204654953443	[4.523610686006655, 5]
0.0	0	37.13738685236622	[2, 0]	164.60832621393553	[5.222182734663317, 5]
0.0	0	41.70162583001205	[2, 0]	128.39158637817218	[5.626115666303338, 5]
0.0	0	14.44281678451139	[2, 0]	121.30481099535994	[3.782798645581994, 5]
0.0	0	36.926441066132114	[1, 0]	154.13234879607165	[7.011725121703125, 5]
0.0	0	22.09983632605905	[2, 0]	175.95695836993883	[2.955681127987637, 5]
0.0	0	13.152101637808938	[2, 0]	152.92741967639168	[5.82517602165671, 5]
0.0	0	43.51575107026871	[2, 0]	122.96265822866071	[3.1975581471427135, 5]
0.0	0	41.851204894705845	[1, 0]	113.23594051834834	[3.1409582887468828, 5]
0.0	0	12.237425752308884	[1, 0]	99.28013309212005	[3.5464913639806155, 5]
0.0	0	45.11010719718321	[2, 0]	173.91863935965637	[2.297023581826873, 5]
0.0	0	15.984013515033327	[1, 0]	97.94442682403198	[8.17369634973523, 5]
0.0	0	12.804434996990564	[1, 0]	97.92896327963805	[7.340886814100606, 5]
0.0	0	14.693459023533082	[1, 0]	95.0612087054323	[6.272385648945737, 5]
0.0	0	17.775462032941636	[2, 0]	99.88495829900427	[7.647235845185192, 5]
0.0	0	43.89581825353342	[1, 0]	104.19438621445585	[7.375142159320408, 5]
0.0	0	45.905494282826645	[1, 0]	177.55186231050573	[8.097226693188185, 5]
0.0	0	23.269834484009703	[2, 0]	149.1973470685183	[4.8079335410947746, 5]
0.0	0	31.558419148303123	[2, 0]	159.41060166576688	[5.910725866614086, 5]
0.0	0	11.223078169235697	[2, 0]	124.14044102674497	[6.6129990846623965, 5]
0.0	0	39.06027673030853	[1, 0]	177.79523515065796	[3.6853263542122194, 5]
0.0	0	47.09875625661459	[2, 0]	113.08256073941392	[1.9528714007133736, 5]
0.0	0	35.16055516155454	[2, 0]	111.18742218090995	[6.124131006811442, 5]
0.0	0	29.206460070088927	[1, 0]	102.85191266448525	[7.45256998648463, 5]
0.0	0	12.419303672772543	[1, 0]	144.3834707365995	[5.580237403747154, 5]
0.0	0	20.16740878715354	[1, 0]	125.45657132149233	[3.935030688590102, 5]
0.0	0	10.82313311422297	[1, 0]	138.10999581346772	[1.7812895076928033, 5]
0.0	0	22.347659878748374	[1, 0]	137.34371935762988	[1.8174656170843064, 5]
0.0	0	13.937206760299656	[2, 0]	111.83754447159355	[4.215772175422081, 5]
0.0	0	38.313225402088776	[2, 0]	151.55142856924476	[1.7997048397103101, 5]
0.0	0	48.24993892786001	[2, 0]	146.11919130119634	[3.023769898662912, 5]
0.0	0	31.57485092028315	[2, 0]	110.3242671455028	[1.8240025118979755, 5]
0.0	0	22.651148600077523	[2, 0]	156.69019982611272	[2.8119895775490793, 5]
0.0	0	18.216927194757318	[1, 0]	108.04107879405511	[3.822900058223037, 5]
0.0	0	34.37563282108523	[1, 0]	163.93856337308642	[2.6784249671305926, 5]
0.0	0	19.626462174801173	[2, 0]	153.18567840363397	[1.8378727325899662, 5]
0.0	0	19.52480843916658	[1, 0]	135.45861712078823	[5.822538454756735, 5]
0.0	0	30.89357801996309	[2, 0]	102.8924775285097	[4.662672599085695, 5]
0.0	0	45.058167701205804	[1, 0]	116.25246049551504	[8.275234234157445, 5]
0.0	0	44.580489695475634	[2, 0]	146.1184274401293	[5.925759902979312, 5]
0.0	0	17.285198635974453	[2, 0]	107.87048499218002	[6.438314681444939, 5]
0.0	0	35.41727686506201	[1, 0]	142.71352901190696	[5.070509189566006, 5]
0.0	0	19.945266416135325	[2, 0]	158.68477761185812	[1.4997517781059801, 5]
0.0	0	47.458742447014544	[1, 0]	134.9847975210376	[3.43611874932275, 5]
0.0	0	15.327795942572067	[2, 0]	176.17008956420923	[5.20578441380768, 5]
0.0	0	46.648534839079154	[1, 0]	118.08978599825502	[4.744513933011026, 5]
0.0	0	14.368100147437877	[2, 0]	176.75016654760702	[5.695037422713155, 5]
0.0	0	21.991118740942188	[2, 0]	143.36791094324886	[5.532774420492159, 5]
0.0	0	17.3589602010524	[1, 0]	135.85233001483718	[5.4238679765803, 5]
0.0	0	36.934876506977275	[1, 0]	125.69999292362019	[3.7338271279095574, 5]
0.0	0	41.9942164316203	[1, 0]	107.5434761935751	[6.47978660298651, 5]
0.0	0	49.60359501608808	[1, 0]	114.39775590690209	[3.2271441415273237, 5]
0.0	0	12.452826963062368	[1, 0]	107.56496743313534	[1.5938876786308709, 5]
0.0	0	33.29191830382819	[2, 0]	94.9769198981858	[6.930558719001928, 5]
0.0	0	42.19849168805686	[1, 0]	95.24049060689232	[6.7775157707857545, 5]
0.0	0	18.464173696076692	[1, 0]	144.63855959688905	[3.4619565771629213, 5]
0.0	0	25.06431236117919	[2, 0]	165.40031066979114	[3.365037197051407, 5]
0.0	0	29.45693515115781	[2, 0]	101.62310623427493	[1.8946136940248628, 5]
0.0	0	42.44681420067739	[2, 0]	162.21996284196945	[6.685675678436753, 5]
0.0	0	23.887354577983224	[2, 0]	112.77523360405222	[5.838103143181321, 5]
0.0	0	42.09226205758924	[1, 0]	172.22370789137113	[4.676247108321736, 5]
0.0	0	48.70491724033359	[1, 0]	93.49638285962996	[3.2749022351697814, 5]
0.0	0	35.25273146776802	[1, 0]	98.93914126461716	[5.134442889073971, 5]
0.0	0	40.853533522987064	[1, 0]	173.1758583383262	[6.329254406002119, 5]
0.0	0	12.496653000885871	[1, 0]	105.51180124327158	[4.805405665935743, 5]
0.0	0	36.407840443307855	[2, 0]	89.10395478730699	[5.1829296830557245, 5]
0.0	0	21.73998091704011	[1, 0]	163.71278118975965	[7.2680841295317125, 5]
0.0	0	20.927333728595134	[2, 0]	144.32234988778606	[1.6223468684107525, 5]
0.0	0	43.1534298695982	[1, 0]	160.8164956825413	[6.996297775579228, 5]
0.0	0	49.60537569574154	[1, 0]	154.94156544398282	[6.502736105605504, 5]
0.0	0	38.66049528751745	[2, 0]	132.73664588068704	[2.229285454095863, 5]
0.0	0	18.905286044440487	[2, 0]	133.05216701786753	[6.189050040576015, 5]
0.0	0	39.800297457643104	[2, 0]	177.0842273576643	[1.5608893780587103, 5]
0.0	0	40.182448792194485	[2, 0]	133.06672439028307	[4.244120856387931, 5]
0.0	0	45.02250617343156	[1, 0]	158.96844696316765	[3.299166306673128, 5]
0.0	0	37.64589340274726	[1, 0]	115.2778811300434	[6.817935881275931, 5]
0.0	0	44.7425347344703	[1, 0]	143.73470656929294	[5.074769252804197, 5]
0.0	0	14.671217015551774	[2, 0]	130.01981185649908	[1.8959422449804528, 5]
0.0	0	26.113207125503873	[2, 0]	92.59094983502223	[3.044660176218663, 5]
0.0	0	15.488595136278713	[2, 0]	167.83264893550307	[2.1735996222164067, 5]
0.0	0	32.23447453618161	[2, 0]	154.5295779054868	[4.405136934221939, 5]
0.0	0	33.18166766920406	[1, 0]	160.8719389113013	[5.592382461608182, 5]
0.0	0	45.83110835025565	[1, 0]	124.57952680378884	[2.174081888144636, 5]
0.0	0	31.895865504027654	[1, 0]	142.4736471399497	[4.23815518207397, 5]
0.0	0	31.11809822458217	[1, 0]	150.3235710619141	[7.449081619143832, 5]
0.0	0	41.96448394761979	[2, 0]	114.74342598333085	[3.7638085044100777, 5]
0.0	0	41.272476927135905	[2, 0]	164.45479453716308	[1.7324738315040162, 5]
0.0	0	47.39956602366972	[1, 0]	146.41328671896574	[7.415909688244432, 5]
0.0	0	17.33076866839148	[1, 0]	141.22987834084404	[2.4045610375670483, 5]
0.0	0	37.82470556062826	[2, 0]	177.188265524477	[4.953183073909396, 5]
0.0	0	20.7437591236979	[2, 0]	158.65214972189	[1.6330220386357703, 5]
0.0	0	27.895871870889533	[1, 0]	99.40891780017817	[2.30997090354234, 5]
0.0	0	41.96419566143598	[2, 0]	172.2139564869978	[6.827102501735999, 5]
0.0	0	22.95462887259959	[2, 0]	165.33069733668663	[1.9937025428382176, 5]
0.0	0	48.92784421398413	[1, 0]	103.9772902723354	[2.701854291582305, 5]
0.0	0	22.549530821698227	[1, 0]	90.39429658836961	[1.7437899140822388, 5]
0.0	0	17.20153185895489	[2, 0]	151.78651273338753	[7.99140572492716, 5]
0.0	0	43.39347031916472	[1, 0]	112.03812210193122	[6.4099422729475775, 5]
0.0	0	19.495557747299802	[2, 0]	151.06585423791557	[2.4879068450439195, 5]
0.0	0	47.130066836659026	[1, 0]	164.50172070303876	[3.6951858852060067, 5]
0.0	0	32.785752840181495	[1, 0]	172.12031947799267	[4.21670571117519, 5]
0.0	0	22.509606445474482	[2, 0]	173.4527603457845	[4.862685509456485, 5]
0.0	0	19.880399079438547	[2, 0]	148.71347846224177	[7.684468449240204, 5]
0.0	0	23.902809698824242	[2, 0]	134.11040344403585	[3.8995483103390094, 5]
0.0	0	15.955523596802712	[2, 0]	146.37546542386235	[5.011682579933612, 5]
0.0	0	20.941046668062974	[1, 0]	153.3306802385645	[5.077007619898427, 5]
0.0	0	42.91702166273834	[2, 0]	119.57237492377605	[4.733640911133492, 5]
0.0	0	23.873772924712316	[1, 0]	110.79368599609185	[2.824096503381725, 5]
0.0	0	19.97910366568636	[2, 0]	171.15133676850948	[4.456927268926654, 5]
0.0	0	27.497974155616276	[1, 0]	135.06645674685902	[4.9347258494461546, 5]
0.0	0	18.467328929466408	[2, 0]	133.5066347865619	[6.6346853515623545, 5]
0.0	0	15.129453990969207	[2, 0]	148.08545338194006	[1.5060046123832107, 5]
0.0	0	11.88266441873771	[2, 0]	119.75809962641567	[3.8438958635552423, 5]
0.0	0	45.27585644955493	[2, 0]	107.284864067086	[8.089238799055112, 5]
0.0	0	34.05885334375371	[2, 0]	124.0065749327826	[6.69038097462999, 5]
0.0	0	33.31766067102383	[1, 0]	129.79739550884082	[4.174976518449451, 5]
0.0	0	20.382382245669067	[2, 0]	117.55386822012157	[4.066315646993486, 5]
0.0	0	14.729031613687882	[1, 0]	102.03292071227166	[6.424503799441163, 5]
0.0	0	19.109364452452375	[1, 0]	162.9671184543741	[3.373650408926289, 5]
0.0	0	33.77907305802138	[1, 0]	154.40111231374593	[4.171727067337713, 5]
0.0	0	24.39616984814238	[2, 0]	127.13814411016067	[7.115576621828292, 5]
0.0	0	24.823452149023215	[2, 0]	130.29704576434244	[6.433429040544758, 5]
0.0	0	16.98987940408792	[2, 0]	135.19400352123793	[5.930751371247452, 5]
0.0	0	10.908123325335893	[1, 0]	172.76384488715735	[4.720903392898774, 5]
0.0	0	45.66859604372346	[1, 0]	150.98302060006768	[4.070938171354556, 5]
0.0	0	44.4066809103887	[2, 0]	98.00089981802451	[7.374969886880753, 5]
0.0	0	36.155639835377016	[1, 0]	156.4030924980441	[4.7642925262225075, 5]
0.0	0	24.78757193853442	[2, 0]	92.1863910532521	[6.536558118987128, 5]
0.0	0	16.12742414089833	[2, 0]	147.78166759099582	[6.4535161629601046, 5]
0.0	0	23.002408848482823	[1, 0]	148.79565232747242	[4.509664562066694, 5]
0.0	0	21.088479595356503	[1, 0]	124.87333112988652	[7.435622447717147, 5]
0.0	0	28.508400279791143	[2, 0]	174.63690712246068	[4.44664506972134, 5]
0.0	0	38.73730155812411	[2, 0]	153.58201592641308	[3.9407487767911693, 5]
0.0	0	10.457594038969745	[2, 0]	104.80353631601128	[2.2443452406177733, 5]
0.0	0	18.13858503408893	[1, 0]	156.15239986921586	[2.6550865065909135, 5]
0.0	0	36.04787792039116	[2, 0]	105.86750190406707	[6.035706705789319, 5]
0.0	0	13.740795047012409	[1, 0]	125.9531601049993	[2.9737497327578946, 5]
0.0	0	21.361661213914875	[2, 0]	102.68581558586263	[2.0836788627762144, 5]
0.0	0	13.653121205303593	[1, 0]	151.1874243605455	[7.913797644206506, 5]
0.0	0	37.8333854143535	[1, 0]	98.36318011853595	[3.7236560579441846, 5]
0.0	0	41.60472593188398	[2, 0]	143.86086047440574	[2.3757851871068003, 5]
0.0	0	19.705263904277658	[1, 0]	139.31375568520704	[1.762059688653573, 5]
0.0	0	26.52536623773461	[2, 0]	91.07209665153454	[3.98202701479997, 5]
0.0	0	15.841175728771034	[2, 0]	143.08871705060844	[3.3901978109224262, 5]
0.0	0	33.79924724147763	[2, 0]	118.25165306027192	[8.059776152150812, 5]
0.0	0	16.925594630163168	[1, 0]	116.17607307277626	[4.207801419154359, 5]
0.0	0	47.687842775959524	[2, 0]	141.90259693394097	[2.8250554788178692, 5]
0.0	0	20.741939113333206	[1, 0]	132.71612431810146	[1.7512591232902783, 5]
0.0	0	25.911293819933796	[2, 0]	108.27350110900957	[2.123341469054546, 5]
0.0	0	43.20569017959117	[2, 0]	101.09356416094836	[1.4776486283940113, 5]
0.0	0	14.178036310007181	[2, 0]	148.75147562824546	[5.4326847314012205, 5]
0.0	0	42.03609326199462	[1, 0]	169.78905990698792	[1.420328047728405, 5]
0.0	0	16.923036523323198	[2, 0]	144.31341329960836	[3.5494465905076105, 5]
0.0	0	27.380980139447612	[1, 0]	172.93812343905208	[4.071869278832234, 5]
0.0	0	22.790083256183937	[1, 0]	121.93170135170611	[4.8747991490777585, 5]
0.0	0	21.854920210933955	[1, 0]	130.0566138758126	[2.641188743491516, 5]
0.0	0	47.35342724619455	[1, 0]	133.53214252150082	[4.777523541930866, 5]
0.0	0	37.27894270378224	[2, 0]	121.08714649234463	[4.325995452752956, 5]
0.0	0	48.644733004291	[2, 0]	148.88329407737996	[3.4038398561069845, 5]
0.0	0	49.51859914195282	[2, 0]	116.31126950479658	[7.57195987934535, 5]
0.0	0	28.18764397501106	[2, 0]	146.0226871062931	[2.712990398469577, 5]
0.0	0	24.530331139531324	[2, 0]	99.28856207838258	[6.392392277805174, 5]
0.0	0	20.443746520270736	[2, 0]	152.18757888585526	[5.805467387768975, 5]
0.0	0	45.25681775673496	[1, 0]	152.87517098043077	[4.807879876063523, 5]
0.0	0	12.808458184761522	[2, 0]	143.4522066946813	[7.905712055429559, 5]
0.0	0	41.39525250375644	[2, 0]	105.04597794412757	[1.912407719106451, 5]
0.0	0	15.729637613331512	[1, 0]	139.21678252139185	[1.6980693989011382, 5]
0.0	0	48.25098148064676	[2, 0]	150.59720234591938	[3.0926367066292144, 5]
0.0	0	47.69384698575136	[1, 0]	101.51853895713701	[6.680450027392325, 5]
0.0	0	42.19947330986476	[1, 0]	106.43488650784325	[4.019479377615256, 5]
0.0	0	39.309476140243284	[2, 0]	178.94714443063913	[6.742428730468089, 5]
0.0	0	36.18807241691748	[1, 0]	137.97246116462844	[7.026528728915832, 5]
0.0	0	32.64927099787172	[1, 0]	106.26188515942866	[2.9993342825836162, 5]
0.0	0	12.312257819910522	[2, 0]	120.08653732437293	[4.25860129187275, 5]
0.0	0	11.148556549267738	[1, 0]	113.74419353903848	[3.447388240687281, 5]
0.0	0	45.23630315129808	[2, 0]	114.23625869022123	[8.108028805322512, 5]
0.0	0	43.14985985361079	[2, 0]	138.03613596638993	[3.935432336161428, 5]
0.0	0	24.116702675306456	[1, 0]	111.17690795602635	[1.8399213972197657, 5]
0.0	0	39.20634024741843	[2, 0]	172.90925209523922	[3.4216377502531574, 5]
0.0	0	12.037630616553706	[2, 0]	135.39341065220725	[2.526498008614498, 5]
0.0	0	21.598280661451216	[2, 0]	96.79913896222878	[5.437335122034362, 5]
0.0	0	44.45288663137348	[2, 0]	109.66750181930038	[7.636651225726497, 5]
0.0	0	28.3117923712233	[2, 0]	92.4765223879169	[6.560952918595667, 5]
0.0	0	10.088289652743017	[1, 0]	163.47387310090986	[5.924623307672072, 5]
0.0	0	47.250741427537584	[2, 0]	93.44949503235658	[5.30609577220117, 5]
0.0	0	40.798956625577844	[2, 0]	114.23434910224533	[3.981880900245567, 5]
0.0	0	46.49943067910554	[1, 0]	133.10381692857553	[6.943840907189589, 5]
0.0	0	34.680794665294734	[1, 0]	157.45847180926296	[2.805955976641308, 5]
0.0	0	13.548093611616196	[2, 0]	134.9239395681341	[3.7577137325485612, 5]
0.0	0	37.14945636435419	[1, 0]	175.87111437275436	[4.023116878382029, 5]
0.0	0	23.570928993133627	[2, 0]	160.12812323040572	[6.8234021398092715, 5]
0.0	0	14.710560529119975	[2, 0]	140.51651250549014	[4.596833670765617, 5]
0.0	0	20.975788117844015	[2, 0]	138.10140916495334	[3.5389094703254633, 5]
0.0	0	36.9880552443137	[2, 0]	89.68569570912635	[5.094701397833173, 5]
0.0	0	46.02656366465511	[1, 0]	158.33359385149228	[1.5427864902303843, 5]
0.0	0	19.185695465356613	[2, 0]	103.6160555145498	[3.52744772286601, 5]
0.0	0	10.562403919580417	[1, 0]	90.58034045854451	[6.082416084391356, 5]
0.0	0	34.211325624455	[1, 0]	98.1266747181548	[7.299797124309023, 5]
0.0	0	45.110091378831044	[2, 0]	140.68114266409285	[4.629331035479098, 5]
0.0	0	26.410337758615906	[1, 0]	114.68211897148586	[2.788433717913879, 5]
0.0	0	37.40201330304384	[1, 0]	176.406616261272	[6.8479321345942505, 5]
0.0	0	24.860629749309496	[1, 0]	120.42541805742329	[5.4604491901025245, 5]
0.0	0	26.03037334955245	[1, 0]	110.52354120211018	[2.799219625811764, 5]
0.0	0	36.87032869696592	[2, 0]	116.34296689357177	[1.616326670448291, 5]
0.0	0	14.986907085295494	[1, 0]	96.03625455181337	[6.922102481357678, 5]
0.0	0	18.0821885819276	[1, 0]	137.51672464261674	[4.500641915464616, 5]
0.0	0	38.744257924485105	[2, 0]	165.37953928643378	[4.436836560543125, 5]
0.0	0	40.00358183947753	[2, 0]	112.18008441165537	[2.6716919625576168, 5]
0.0	0	34.97996297109136	[1, 0]	101.22015829668813	[1.7563717849387452, 5]
0.0	0	21.10280298875351	[2, 0]	152.59588237620673	[3.163940231074957, 5]
0.0	0	10.26262356124306	[1, 0]	154.71378279341675	[1.488845756133318, 5]
0.0	0	39.760018710192206	[2, 0]	133.86935205705902	[4.362808102558, 5]
0.0	0	18.447354944491213	[1, 0]	113.16405066155	[2.241419207289943, 5]
0.0	0	47.14668758231295	[2, 0]	162.4524298441059	[5.100972417527194, 5]
0.0	0	35.17240421211828	[2, 0]	99.57586551472433	[8.15736407948791, 5]
0.0	0	38.70628656306193	[1, 0]	109.72072034205755	[2.932970632106041, 5]
0.0	0	35.86137577340637	[1, 0]	112.36252309902439	[6.914281276425863, 5]
0.0	0	28.668445115278917	[2, 0]	164.95278135322116	[3.9804269360907187, 5]
0.0	0	15.061381492625545	[1, 0]	176.52899112939411	[5.8225798352996945, 5]
0.0	0	17.995316985049715	[2, 0]	114.65753273790948	[2.3926087533822065, 5]
0.0	0	15.71573478045776	[1, 0]	90.01262885306656	[7.337651102258752, 5]
0.0	0	22.881710027738777	[2, 0]	139.53438770652244	[1.508070010064383, 5]
0.0	0	33.32992407650394	[1, 0]	168.8696704350773	[3.5824713312313587, 5]
0.0	0	38.0451579754055	[1, 0]	175.82869827356032	[4.560860619908999, 5]
0.0	0	32.49181553882623	[2, 0]	105.0853703667779	[2.1103293666479837, 5]
0.0	0	35.97064415122519	[1, 0]	138.97205930772338	[5.185213535691788, 5]
0.0	0	28.531622848025112	[2, 0]	137.1661401664072	[6.089368241968133, 5]
0.0	0	45.56195037749039	[2, 0]	168.24145257641428	[3.2474004152139586, 5]
0.0	0	33.10546573431823	[2, 0]	98.9994914603578	[2.6739560641573386, 5]
0.0	0	14.387438865455934	[2, 0]	148.76521921321202	[5.618473733423786, 5]
0.0	0	41.741617627312955	[1, 0]	136.2885867345991	[8.224679813325043, 5]
0.0	0	39.052780601825276	[1, 0]	174.45247737489	[5.616723580060839, 5]
0.0	0	14.033979918429079	[2, 0]	95.91426316856378	[3.950528981042676, 5]
0.0	0	34.08777460315916	[1, 0]	155.62243295485007	[2.883108620027988, 5]
0.0	0	28.900993548828115	[1, 0]	172.47044813100484	[2.0525126357262407, 5]
0.0	0	41.01658762915453	[2, 0]	124.48859877333416	[5.171891737749837, 5]
0.0	0	14.95383915662909	[2, 0]	171.3502076784643	[5.90211206417339, 5]
0.0	0	27.619965602924275	[2, 0]	90.67777603296304	[5.823923865443754, 5]
0.0	0	46.80922843010102	[1, 0]	129.92026733113428	[2.689496328977163, 5]
0.0	0	10.900767661684775	[1, 0]	137.6767454220883	[3.99788445923638, 5]
0.0	0	38.14378295449806	[1, 0]	101.24546461708705	[3.0799615501904962, 5]
0.0	0	21.822324035103094	[1, 0]	90.63725415678987	[7.483199667696802, 5]
0.0	0	17.911817427137734	[1, 0]	137.02560104599232	[5.198406647921653, 5]
0.0	0	48.88277855553321	[2, 0]	116.75375337651337	[2.5984081819060543, 5]
0.0	0	26.847931817147366	[2, 0]	166.7689194793155	[6.34627775653456, 5]
0.0	0	27.776180329780335	[2, 0]	101.97273271928405	[6.3666576208642285, 5]
0.0	0	41.94364319093895	[2, 0]	125.12483294545052	[3.8810426804462663, 5]
0.0	0	20.734600199490448	[2, 0]	91.99198436261136	[7.8446002013741225, 5]
0.0	0	18.435478914291316	[2, 0]	137.55328906648072	[7.738658390707926, 5]
0.0	0	29.618313991154736	[1, 0]	127.78723843465701	[3.8814441104585495, 5]
0.0	0	13.75035287528643	[1, 0]	152.50489950387123	[7.996819152664381, 5]
0.0	0	26.0561105875715	[1, 0]	165.29806558384718	[5.085157449002922, 5]
0.0	0	45.65008779192704	[2, 0]	130.3445661032613	[5.553567133653707, 5]
0.0	0	22.36470317888754	[1, 0]	150.25027456792304	[4.444906048296584, 5]
0.0	0	32.87140312939619	[1, 0]	145.20272370465813	[1.4226531636650839, 5]
0.0	0	48.98194054541878	[1, 0]	139.27420238943054	[7.776380165037436, 5]
0.0	0	19.2909304375723	[2, 0]	91.95585333912153	[7.570933128629976, 5]
0.0	0	37.0165171876758	[1, 0]	169.34889109810717	[4.024007438289358, 5]
0.0	0	18.699547806884805	[2, 0]	95.87262548282207	[4.683465856965623, 5]
0.0	0	17.967669530085747	[1, 0]	129.47470593578714	[7.831515481069072, 5]
0.0	0	27.953193771471785	[2, 0]	167.4982847689364	[4.4528138589553725, 5]
0.0	0	42.17722071998878	[1, 0]	96.78140598309561	[3.6880875927564727, 5]
0.0	0	24.260257754467005	[2, 0]	95.3142633437898	[4.387602243533637, 5]
0.0	0	15.489115241834726	[2, 0]	115.28573091086298	[5.066735519458197, 5]
0.0	0	23.231744115423147	[2, 0]	168.64987922853243	[5.5142165591971235, 5]
0.0	0	22.305939264535592	[1, 0]	122.02092583362969	[3.7542986150632696, 5]
0.0	0	15.081151339464546	[2, 0]	94.26916561592459	[6.258949515104621, 5]
0.0	0	23.69841859522964	[1, 0]	95.8076612650074	[4.268663810330155, 5]
0.0	0	31.083678681330472	[1, 0]	130.3849695476207	[7.8156495136830575, 5]
0.0	0	25.089572170579938	[1, 0]	131.6213918438081	[6.9888461329599, 5]
0.0	0	31.50605856780981	[2, 0]	125.49998502243433	[5.271112799485222, 5]
0.0	0	20.55897235273647	[1, 0]	172.14547744207823	[5.086102391386517, 5]
0.0	0	23.085726060847712	[2, 0]	137.65078743065567	[1.7746650256372165, 5]
0.0	0	34.460667869261776	[1, 0]	155.07405668324475	[4.141143215518536, 5]
0.0	0	34.97715582872582	[2, 0]	128.02937709091265	[1.4210260679314577, 5]
0.0	0	14.901657663381167	[1, 0]	165.87266598122147	[2.437823341932553, 5]
0.0	0	23.591931799094525	[1, 0]	174.21542821019483	[1.7955386982138652, 5]
0.0	0	37.3446058888898	[2, 0]	147.9930582827182	[5.120373958507148, 5]
0.0	0	26.656187662901175	[1, 0]	147.540992644122	[6.0533142009431895, 5]
0.0	0	39.29853804635026	[1, 0]	117.68555007986676	[3.0558401390107712, 5]
0.0	0	40.966911832992096	[2, 0]	172.79262903274267	[1.693834850515089, 5]
0.0	0	15.956312362478542	[1, 0]	146.40856785189015	[2.956135047432754, 5]
0.0	0	36.95523130634841	[1, 0]	169.1820744533626	[4.993493691172663, 5]
0.0	0	11.453278964898509	[1, 0]	136.21818512832053	[4.995782382234351, 5]
0.0	0	18.85788019325475	[1, 0]	91.87305140047246	[5.621314085414243, 5]
0.0	0	14.74086019659813	[1, 0]	125.23546456583873	[7.579226991193624, 5]
0.0	0	30.028053732263924	[2, 0]	113.7099220191567	[7.243591758618963, 5]
0.0	0	12.007710197554646	[1, 0]	146.0840920598209	[3.2529752468878512, 5]
0.0	0	28.56434325745239	[1, 0]	149.21422169189097	[6.452668643024162, 5]
0.0	0	13.711529529396685	[2, 0]	152.13746373289098	[3.478350640727829, 5]
0.0	0	33.12413739429254	[1, 0]	147.86932092675818	[5.303816771182253, 5]
0.0	0	12.421819509594975	[2, 0]	160.13746489777677	[3.1914802086535077, 5]
0.0	0	24.720783683435986	[2, 0]	163.2779864327632	[7.348594699457925, 5]
0.0	0	36.40001879646415	[1, 0]	168.05289282410016	[1.6427271677498712, 5]
0.0	0	38.09428078379234	[2, 0]	100.83635354843567	[7.79691819410296, 5]
0.0	0	10.563260630959006	[1, 0]	110.82425545325052	[2.9285500092789145, 5]
0.0	0	23.47810338362179	[1, 0]	168.57870111950677	[6.8477460124737455, 5]
0.0	0	29.29156726822725	[2, 0]	152.17246959416156	[7.512067871877795, 5]
0.0	0	16.797545872872046	[2, 0]	117.37879974432545	[8.015615090603589, 5]
0.0	0	30.398022678668806	[1, 0]	152.86381521997757	[7.4155140020303145, 5]
0.0	0	32.16912027652569	[2, 0]	138.66227043877558	[1.6286036422204262, 5]
0.0	0	26.966888408319182	[2, 0]	99.64530542217244	[3.0717215023301563, 5]
0.0	0	41.972428145542985	[2, 0]	144.41047083425119	[1.8676933544254029, 5]
0.0	0	42.341202268804864	[1, 0]	130.07491164494735	[1.6710990657774494, 5]
0.0	0	42.696833313857894	[2, 0]	151.60619136845423	[2.812920709164763, 5]
0.0	0	20.96214510661103	[1, 0]	176.60957458931455	[6.649543801202972, 5]
0.0	0	45.47118503327204	[1, 0]	103.47512864375051	[3.7954519585907427, 5]
0.0	0	45.91464596510181	[2, 0]	144.87780488984436	[2.9873831221030382, 5]
0.0	0	44.10805203221849	[2, 0]	164.43973129214862	[4.779310326167203, 5]
0.0	0	17.094226694347423	[1, 0]	135.63413633673184	[3.8932231775539647, 5]
0.0	0	49.042748532427396	[2, 0]	164.73216997379603	[5.254390896062086, 5]
0.0	0	42.386314515757455	[1, 0]	90.91686600534216	[4.760683701566749, 5]
0.0	0	11.351124035238147	[2, 0]	153.62781837343002	[3.3182868233392564, 5]
0.0	0	46.880723601756756	[1, 0]	89.57699309117099	[1.9029613091292295, 5]
0.0	0	23.492466658264043	[2, 0]	176.48025369321266	[6.855621701853056, 5]
0.0	0	19.099701587703702	[2, 0]	175.07700092547066	[7.926857849199802, 5]
0.0	0	33.62301753314285	[2, 0]	106.97066144282397	[5.8356820901948545, 5]
0.0	0	34.62762040930187	[2, 0]	93.1722879401872	[5.604804025685402, 5]
0.0	0	15.750990074607358	[2, 0]	95.78654161941111	[6.343869873149204, 5]
0.0	0	40.44529015162917	[1, 0]	143.18620123710286	[7.248735660636477, 5]
0.0	0	34.839826408355265	[1, 0]	94.4949922316402	[6.055461030077379, 5]
0.0	0	20.185197869419685	[2, 0]	162.36590352342225	[1.6799572376071779, 5]
0.0	0	47.104140872411406	[2, 0]	110.19646770210139	[2.942019931342657, 5]
0.0	0	23.350680903512547	[2, 0]	164.30186690371454	[6.146349210038282, 5]
0.0	0	29.690540529449404	[1, 0]	153.34377806769055	[3.7378075685757763, 5]
0.0	0	23.407346170456655	[1, 0]	165.31032331678796	[7.824278539663241, 5]
0.0	0	20.43955620974572	[1, 0]	121.8273206334088	[3.774950255999438, 5]
0.0	0	22.41025897326447	[1, 0]	132.68307006399635	[6.560319463447556, 5]
0.0	0	37.21213446644862	[2, 0]	138.11524305134594	[2.9322524174476885, 5]
0.0	0	16.02078708147987	[1, 0]	168.7432712479116	[6.295112040744708, 5]
0.0	0	38.92083356401386	[2, 0]	119.66882645670424	[5.08311368991466, 5]
0.0	0	12.426233100964554	[2, 0]	142.458720081483	[4.481299478386954, 5]
0.0	0	41.41819372804866	[1, 0]	169.13837451425724	[7.579383357953187, 5]
0.0	0	34.0790749373105	[2, 0]	93.28982339274579	[4.759402691516742, 5]
0.0	0	34.99697968043229	[1, 0]	93.89615751269713	[2.5086952169922716, 5]
0.0	0	30.425336679763937	[2, 0]	169.52634177603062	[8.010879659230712, 5]
0.0	0	32.98884318636312	[2, 0]	124.22949481594304	[6.130312060798904, 5]
0.0	0	29.1350318086541	[2, 0]	115.52744614339422	[4.709396847265084, 5]
0.0	0	23.713518931658466	[1, 0]	161.5499747714879	[3.535041433083665, 5]
0.0	0	45.87426368847853	[1, 0]	105.32405420809718	[3.3237100265443593, 5]
0.0	0	46.86200879740715	[1, 0]	100.80146251709886	[2.093351784166724, 5]
0.0	0	11.120091449533438	[1, 0]	131.54724271426866	[3.3825253903875465, 5]
0.0	0	19.84471308164511	[2, 0]	115.17121229537437	[6.5372708167878555, 5]
0.0	0	14.619916131448003	[2, 0]	173.12094007626553	[2.066667996296968, 5]
0.0	0	47.346229484528735	[2, 0]	149.61982255365572	[6.61827600016642, 5]
0.0	0	41.43720196752518	[2, 0]	119.31982413940284	[2.262080404190112, 5]
0.0	0	23.865925362280198	[2, 0]	137.2330879431801	[2.932582528540059, 5]
0.0	0	33.04911188731019	[2, 0]	105.68221896068546	[3.904647928386502, 5]
0.0	0	33.71756664431141	[1, 0]	139.01553580425417	[7.232700133176784, 5]
0.0	0	18.35749347235048	[2, 0]	98.39080481850382	[4.290635752175297, 5]
0.0	0	15.064224732983917	[2, 0]	124.43400199371278	[7.262272331794802, 5]
0.0	0	46.97180026852054	[1, 0]	178.78792785333047	[7.1581793645950675, 5]
0.0	0	47.90460492866847	[2, 0]	123.92646088514468	[2.5813119955839783, 5]
0.0	0	13.573089398189866	[2, 0]	132.02955810893363	[2.7777610473712935, 5]
0.0	0	16.87281369822867	[2, 0]	143.9284984982674	[2.5294247196763537, 5]
0.0	0	10.206759146628407	[1, 0]	89.84061137535753	[5.809449798233286, 5]
0.0	0	28.382862857386385	[1, 0]	116.33940688224166	[1.4183127822079542, 5]
0.0	0	42.73785119405735	[1, 0]	146.1841928819173	[7.179480969026168, 5]
0.0	0	26.674773921821956	[2, 0]	94.58051336568431	[7.344075677844023, 5]
0.0	0	13.835709913605614	[2, 0]	113.94209766959611	[3.723927245892418, 5]
0.0	0	41.754034033097405	[2, 0]	156.84277332787127	[2.0740450217189044, 5]
0.0	0	37.65779134884241	[1, 0]	159.8959490133067	[3.3359178165839043, 5]
0.0	0	34.52913190790908	[1, 0]	103.2463064932017	[4.497418029189679, 5]
0.0	0	38.56573463332237	[1, 0]	129.24710952406	[7.11661886791063, 5]
0.0	0	42.911876867950085	[1, 0]	159.776090615253	[1.5242583028333596, 5]
0.0	0	14.639374982910411	[1, 0]	132.46583028344895	[2.0491135257322277, 5]
0.0	0	37.3704372337822	[1, 0]	98.9511004427378	[4.826512100492286, 5]
0.0	0	13.07481417836966	[1, 0]	93.46740541022552	[5.313032587532122, 5]
0.0	0	23.4752400744772	[2, 0]	171.36408403173644	[1.9900384167861611, 5]
0.0	0	29.060846709618627	[2, 0]	174.58353591008688	[3.935293944762522, 5]
0.0	0	16.924667094087987	[1, 0]	102.20979660305592	[6.3586485465112945, 5]
0.0	0	29.22646130807072	[2, 0]	158.34290389629984	[7.0632045239934405, 5]
0.0	0	34.78512291791584	[2, 0]	147.8816225773272	[2.154350135421228, 5]
0.0	0	37.266114729120325	[2, 0]	95.72743113766994	[3.691713025269451, 5]
0.0	0	48.4005514637937	[1, 0]	161.0882412793748	[2.0559924722486063, 5]
0.0	0	19.198802597783153	[2, 0]	158.49215082944457	[6.9885924237070665, 5]
0.0	0	36.461554910168516	[1, 0]	100.51420020672627	[4.467634274107477, 5]
0.0	0	41.57264028281379	[1, 0]	138.12462695794972	[4.715422344675273, 5]
0.0	0	47.60162058289925	[2, 0]	117.18675395564573	[6.238413542284368, 5]
0.0	0	46.800051631053215	[1, 0]	161.2666587773317	[4.966993706959251, 5]
0.0	0	47.43188195412701	[2, 0]	164.11892130272327	[5.106977784620451, 5]
0.0	0	46.70113774320525	[2, 0]	148.13182513627254	[7.142514717031253, 5]
0.0	0	24.47672511594417	[1, 0]	174.19000584341154	[1.5137231376852718, 5]
0.0	0	35.04684545551571	[2, 0]	93.5886344011721	[6.257042664060825, 5]
0.0	0	12.815247884541122	[1, 0]	163.25903676482847	[4.531874967871469, 5]
0.0	0	38.5584384537498	[2, 0]	102.60816303895253	[5.371426572496864, 5]
0.0	0	19.417652286628144	[2, 0]	115.07214736618734	[7.66690438620218, 5]
0.0	0	44.17656803677756	[2, 0]	143.5050075288848	[5.179629638868885, 5]
0.0	0	22.668434783512247	[2, 0]	174.24054892704717	[3.7885053644846827, 5]
0.0	0	43.73719649619979	[2, 0]	129.7547655662341	[6.843336310717909, 5]
0.0	0	11.191679651275425	[1, 0]	128.71052267839394	[6.3965218584926875, 5]
0.0	0	49.079751497626575	[2, 0]	155.41515364622984	[8.247077364200955, 5]
0.0	0	31.447932458898716	[2, 0]	175.13234562875368	[2.0802165049205246, 5]
0.0	0	34.4820239231229	[2, 0]	155.25899841663937	[3.680664398286687, 5]
0.0	0	40.58660866955701	[1, 0]	152.09207993591474	[6.217118927451575, 5]
0.0	0	49.89970750675166	[1, 0]	141.17477012155757	[1.681527128488577, 5]
0.0	0	43.107850893307685	[1, 0]	97.49234503400092	[8.003358875969116, 5]
0.0	0	40.988941074607226	[2, 0]	129.68840626805246	[6.915429698157416, 5]
0.0	0	26.113756843311347	[1, 0]	126.28397838852433	[3.983490318424236, 5]
0.0	0	31.794237715720513	[1, 0]	124.17957049533717	[5.584908887588006, 5]
0.0	0	27.391114127078936	[1, 0]	165.6781078815637	[4.492086924853798, 5]
0.0	0	26.984179488732543	[2, 0]	141.94798865918693	[3.663464209751741, 5]
0.0	0	24.99131270688438	[1, 0]	136.88333339495395	[7.67652617349265, 5]
0.0	0	45.6327112052122	[2, 0]	117.61309174084789	[1.9125406727665006, 5]
0.0	0	47.46284416793308	[2, 0]	140.0256595300005	[6.681270173426548, 5]
0.0	0	43.61105458847458	[1, 0]	126.24695303656944	[6.405618719034639, 5]
0.0	0	22.27760151642317	[2, 0]	178.3233213634164	[3.595474296627494, 5]
0.0	0	44.16066486103187	[1, 0]	132.10304941378917	[4.696437740901792, 5]
0.0	0	22.008053588328696	[2, 0]	126.34970527839376	[7.6521427970402955, 5]
0.0	0	19.93236683837746	[2, 0]	104.14547231827814	[5.345010549972646, 5]
0.0	0	45.900673004654365	[2, 0]	98.75767682203592	[5.197794830813685, 5]
0.0	0	39.21808167274767	[1, 0]	99.41933399183071	[1.855177165753653, 5]
0.0	0	14.440313034452679	[1, 0]	165.20323858621032	[5.8111643053922535, 5]
0.0	0	28.799296947775268	[2, 0]	139.49967457397997	[4.674172570311347, 5]
0.0	0	11.875041729737339	[1, 0]	106.99711835742195	[6.1972422612596265, 5]
0.0	0	10.138734402270353	[1, 0]	138.09487233507286	[5.323664626663285, 5]
0.0	0	37.16105754325483	[1, 0]	144.19671546446588	[5.536117541563854, 5]
0.0	0	43.30285053618586	[1, 0]	160.40663930175134	[5.582774667783002, 5]
0.0	0	26.179391389565616	[1, 0]	118.79055119163144	[2.3303164888830272, 5]
0.0	0	27.41612388247375	[2, 0]	158.43449002220171	[7.155012932844644, 5]
0.0	0	39.572725232824205	[1, 0]	174.6153365710212	[1.5035931378617624, 5]
0.0	0	13.660015518076603	[2, 0]	129.08756946023402	[6.046514302623433, 5]
0.0	0	15.483863345524355	[2, 0]	102.27582905877595	[2.9599672456737047, 5]
0.0	0	11.018880662742117	[2, 0]	94.70395528828418	[7.533787969052604, 5]
0.0	0	19.687866830051995	[1, 0]	178.72894461452825	[4.938945343783619, 5]
0.0	0	28.919665844962893	[1, 0]	99.96814537627701	[4.22175906501482, 5]
0.0	0	37.02148808057743	[1, 0]	93.86964697775603	[3.10124592680824, 5]
0.0	0	11.50747566989982	[2, 0]	111.21647748833647	[4.8249244806168745, 5]
0.0	0	27.72658692123736	[1, 0]	112.96848614865866	[2.266370148019879, 5]
0.0	0	13.609758290309163	[2, 0]	166.36101781855882	[4.916235632871376, 5]
0.0	0	30.79833342610375	[2, 0]	153.76826293736144	[1.9344596287895148, 5]
0.0	0	33.328496628116376	[1, 0]	145.96886177000582	[4.249032426690299, 5]
0.0	0	20.229445057648512	[2, 0]	114.2194016344944	[6.368985958939613, 5]
0.0	0	38.89739288304732	[1, 0]	96.99089063991477	[7.106698682651324, 5]
0.0	0	18.664366015775954	[2, 0]	155.92353816396218	[4.557808266192515, 5]
0.0	0	39.58584688217761	[2, 0]	149.4418116995438	[2.1565856236835135, 5]
0.0	0	40.51564331531965	[2, 0]	100.09353459980056	[4.8809776355559205, 5]
0.0	0	25.749850736553405	[1, 0]	89.75551084838068	[6.467460487038145, 5]
0.0	0	19.008977965688945	[1, 0]	166.4775629416919	[6.088457963415993, 5]
0.0	0	11.199235551935585	[1, 0]	174.21755569833186	[2.3414492803131353, 5]
0.0	0	27.984538521684293	[1, 0]	100.00555053832488	[3.665540398862013, 5]
0.0	0	43.18589240310437	[1, 0]	146.82275118926577	[4.284033174131465, 5]
0.0	0	25.323187496668936	[1, 0]	118.84781179042467	[3.630493682800231, 5]
0.0	0	14.215054306033554	[2, 0]	139.838504680158	[5.147575781317338, 5]
0.0	0	26.369622696118093	[2, 0]	119.54105334995539	[2.688890407331934, 5]
0.0	0	35.83729548717117	[2, 0]	157.18583113980395	[6.363866971729542, 5]
0.0	0	17.489046140610895	[2, 0]	112.86619021777241	[2.5261745559954103, 5]
0.0	0	20.080645747129555	[2, 0]	168.68052366503565	[8.09760137165668, 5]
0.0	0	20.96065825233307	[2, 0]	115.39856858665038	[1.6930034201663697, 5]
0.0	0	16.15714270346097	[2, 0]	109.0982062660667	[1.7063285739981935, 5]
0.0	0	33.70357665084011	[1, 0]	152.41476760381465	[3.9546568845227563, 5]
0.0	0	26.856503315291274	[1, 0]	122.57188887853492	[5.301239263680943, 5]
0.0	0	27.417543270756074	[1, 0]	92.03401251655457	[3.4148944317955485, 5]
0.0	0	29.27785818273964	[2, 0]	114.84938275692092	[4.456913442054084, 5]
0.0	0	24.789684500161954	[1, 0]	143.05829896781972	[1.5517405089758516, 5]
0.0	0	28.760205365472796	[2, 0]	120.69680457256831	[5.789176898434616, 5]
0.0	0	39.0310298331753	[1, 0]	174.87242442418824	[6.99854038517267, 5]
0.0	0	22.78849905640716	[2, 0]	97.38398611053584	[2.765927985659293, 5]
0.0	0	24.03556980809961	[1, 0]	154.22079636188334	[7.512653104183419, 5]
0.0	0	43.598118536720634	[1, 0]	129.25397206148506	[5.162196566541689, 5]
0.0	0	35.74963502843254	[2, 0]	102.31869389018428	[2.542968642163782, 5]
0.0	0	21.09736174956256	[2, 0]	111.11909577089457	[7.342915603167091, 5]
0.0	0	35.037919027703865	[1, 0]	146.17813639484285	[4.681010129950857, 5]
0.0	0	46.29230267496857	[2, 0]	119.81443233340227	[6.619065815341686, 5]
0.0	0	49.918234119969135	[1, 0]	110.32852942878543	[7.9013113438502245, 5]
0.0	0	38.671579429759745	[2, 0]	107.10471991524476	[5.230713119366283, 5]
0.0	0	20.019051606914896	[2, 0]	110.82622597934323	[4.5574326950007595, 5]
0.0	0	44.53334737962636	[1, 0]	154.32347372259915	[7.175605363848427, 5]
0.0	0	35.97519516510932	[1, 0]	175.37598894758023	[4.831750858857377, 5]
0.0	0	25.841592774184704	[1, 0]	126.89010252251373	[3.752190948454326, 5]
0.0	0	12.138071998303374	[2, 0]	136.1168605597455	[4.30928370407642, 5]
0.0	0	10.295574131130936	[2, 0]	150.43141321456392	[4.894673617713589, 5]
0.0	0	13.301985976914287	[2, 0]	92.73341424382149	[3.5949572950136215, 5]
0.0	0	25.587675251787093	[1, 0]	89.91956760388352	[4.773612969301423, 5]
0.0	0	39.57828837784089	[1, 0]	175.68466034478104	[1.6551000505527333, 5]
0.0	0	48.04379697835704	[1, 0]	131.1501265477206	[2.663109759568019, 5]
0.0	0	32.45737510530986	[2, 0]	178.71683550949945	[2.722027253229904, 5]
0.0	0	20.744165363533007	[1, 0]	93.00697572303177	[6.566820625943913, 5]
0.0	0	40.369139482450805	[1, 0]	131.34206236754954	[1.9859657265398032, 5]
0.0	0	29.13740019828588	[1, 0]	163.99822540710903	[4.212167426673883, 5]
0.0	0	16.192424615092254	[2, 0]	90.50957564045885	[6.182511742145983, 5]
0.0	0	31.415983434512732	[2, 0]	157.24629998081147	[8.201892107232098, 5]
0.0	0	19.595375706292554	[1, 0]	114.02836373859051	[6.340012986437151, 5]
0.0	0	34.086628405609595	[2, 0]	127.72502767056488	[3.7005824906629563, 5]
0.0	0	42.11148234616513	[2, 0]	97.19879642880119	[8.058315608950195, 5]
0.0	0	23.59526291666933	[2, 0]	154.71206145833395	[6.427293823289314, 5]
0.0	0	35.88481679440131	[1, 0]	166.26092117088263	[5.639823599141559, 5]
0.0	0	45.41708455444	[1, 0]	89.12713915964933	[2.2492306588311237, 5]
0.0	0	11.978641754210848	[2, 0]	117.85560446437219	[3.7371438487492576, 5]
0.0	0	40.41782812061336	[1, 0]	106.40074299408448	[2.906509729328272, 5]
0.0	0	29.670642520611143	[2, 0]	91.12719542359626	[4.410039207746774, 5]
0.0	0	43.79865922235234	[1, 0]	99.40707557020845	[5.737270148456896, 5]
0.0	0	10.975259230657187	[2, 0]	168.51182203047753	[2.5442537204021263, 5]
0.0	0	19.14423845329957	[2, 0]	176.47153477376636	[3.752957145292996, 5]
0.0	0	28.670557673184938	[2, 0]	93.03697646523717	[2.601264241261936, 5]
0.0	0	42.15469053840191	[1, 0]	108.32619821519242	[5.625914257755738, 5]
0.0	0	48.269100173088816	[1, 0]	122.04391668182959	[4.743650285155015, 5]
0.0	0	43.131409849272174	[1, 0]	104.01823601646278	[1.653999663250015, 5]
0.0	0	31.603899338177907	[2, 0]	130.67358651730518	[5.163300826215432, 5]
0.0	0	41.65279585446116	[2, 0]	170.50597043074032	[2.0958407400595367, 5]
0.0	0	22.28897013673363	[1, 0]	98.90815479914485	[8.331371563047762, 5]
0.0	0	12.658607946387333	[1, 0]	157.88078725916728	[5.9866669805194155, 5]
0.0	0	30.729252845128435	[1, 0]	144.3365018339302	[8.313307235752607, 5]
0.0	0	24.24943332958197	[2, 0]	152.36302419563972	[6.468829450731883, 5]
0.0	0	11.28655967853253	[1, 0]	94.96914498629911	[5.956676158023644, 5]
0.0	0	32.27094329212325	[2, 0]	144.87599642759406	[7.428555100963775, 5]
0.0	0	22.8552812723755	[1, 0]	125.47338347024444	[4.4062003253372986, 5]
0.0	0	27.476816521642007	[1, 0]	139.053376341854	[2.873735088264015, 5]
0.0	0	41.15311856850658	[2, 0]	113.37896493244004	[2.5430211508154237, 5]
0.0	0	26.465535038778548	[2, 0]	97.10661164546417	[4.396160296298778, 5]
0.0	0	25.398122648917685	[2, 0]	158.5784385239039	[7.978479152501136, 5]
0.0	0	36.99907264294466	[1, 0]	141.21378729794034	[8.198644836133214, 5]
0.0	0	17.411190777733694	[2, 0]	92.02709138975084	[5.376720189761748, 5]
0.0	0	11.139800454352804	[2, 0]	105.40040601195594	[8.193765390118202, 5]
0.0	0	38.55374793511989	[1, 0]	138.45549157360685	[6.46365402232062, 5]
0.0	0	45.909285611111144	[1, 0]	115.80888026949097	[2.34338235707231, 5]
0.0	0	44.908996500344124	[2, 0]	101.79964994215955	[1.8704861078042057, 5]
0.0	0	30.702770699675288	[1, 0]	138.37352114873366	[6.717429673166992, 5]
0.0	0	34.646909171312394	[1, 0]	152.3683997707994	[6.589628458335213, 5]
0.0	0	45.62179577409992	[2, 0]	101.59487281688858	[7.949749342639288, 5]
0.0	0	14.879834236733894	[1, 0]	131.35812381752174	[7.6041741877858975, 5]
0.0	0	25.448494425019106	[2, 0]	94.08476701809776	[5.58322303176406, 5]
0.0	0	26.641283853657956	[1, 0]	116.74321732191346	[1.7848033583833958, 5]
0.0	0	13.972199731282663	[2, 0]	137.687240618308	[7.464197300752511, 5]
0.0	0	14.074839033954296	[2, 0]	168.13694824006137	[4.853860867447208, 5]
0.0	0	14.707468646941903	[1, 0]	153.15667454176506	[2.948178434665998, 5]
0.0	0	27.75909668011675	[2, 0]	114.89887777527096	[2.361405249108613, 5]
0.0	0	40.75646069524231	[2, 0]	134.03420130334445	[2.473531467322252, 5]
0.0	0	49.777806768703826	[2, 0]	117.63453316056811	[3.810512383889855, 5]
0.0	0	20.83054571747806	[2, 0]	112.78280816249821	[8.110578153568667, 5]
0.0	0	42.97057649444975	[2, 0]	159.76984759031626	[2.8460108003946796, 5]
0.0	0	31.768111378779373	[2, 0]	90.95807951273626	[4.90263299944966, 5]
0.0	0	48.71128251410255	[2, 0]	148.48132005962967	[1.9502602130895186, 5]
0.0	0	28.646712841161282	[2, 0]	140.24645299113513	[3.908414455701036, 5]
0.0	0	49.39237580859374	[2, 0]	137.9935738096446	[4.963202849922589, 5]
0.0	0	30.271780747281056	[2, 0]	134.54328951264887	[2.394876569216764, 5]
0.0	0	19.582787286218803	[2, 0]	107.4706040704337	[4.246443189426793, 5]
0.0	0	25.268772176050796	[2, 0]	122.68331039625643	[8.141833008419326, 5]
0.0	0	32.64205878483137	[2, 0]	168.81190970795154	[5.2183836033085464, 5]
0.0	0	23.280492918873573	[2, 0]	175.21113276408005	[4.179747239391473, 5]
0.0	0	40.52623529914713	[2, 0]	151.1123243074128	[1.7503485678038007, 5]
0.0	0	20.787136955605316	[2, 0]	151.6467755277282	[3.9264917326483717, 5]
0.0	0	45.671735586164196	[2, 0]	178.40159677956575	[8.326669781077063, 5]
0.0	0	44.64614394096622	[1, 0]	109.13602596523951	[4.751408691210526, 5]
0.0	0	49.63670299099158	[2, 0]	165.88020981678994	[2.2211236272066914, 5]
0.0	0	30.98633048892975	[2, 0]	101.62184234099873	[5.8562105511479405, 5]
0.0	0	20.838204250883688	[2, 0]	159.16866000906458	[1.664942853885244, 5]
0.0	0	39.324567518041405	[2, 0]	133.64575213995295	[8.063832793428459, 5]
0.0	0	30.067956428292888	[2, 0]	144.20631686896107	[7.737654562155215, 5]
0.0	0	33.43266489893179	[1, 0]	117.40317893061643	[8.007557499556793, 5]
0.0	0	34.65391628755944	[1, 0]	94.55646498488883	[2.0341754033217314, 5]
0.0	0	28.222009929775375	[1, 0]	130.32039411529104	[5.959896654985053, 5]
0.0	0	20.087046542242522	[1, 0]	147.05903087217075	[3.7519095621020275, 5]
0.0	0	37.88359264885401	[2, 0]	165.34335321590922	[2.769861907083903, 5]
0.0	0	29.16546390792202	[1, 0]	100.97670350129464	[6.747409414088172, 5]
0.0	0	43.53105401523308	[1, 0]	158.9342000997766	[5.932622566093153, 5]
0.0	0	48.82634289722654	[1, 0]	115.6055918687928	[1.9285381019173942, 5]
0.0	0	40.21260421536912	[1, 0]	108.71800980392084	[7.22588854362672, 5]
0.0	0	24.22868026959232	[1, 0]	127.88542785691229	[4.238265810378296, 5]
0.0	0	33.84307529696372	[2, 0]	99.99467039554571	[6.119458739405329, 5]
0.0	0	38.53209936354755	[1, 0]	174.1941677152946	[2.2417379207409507, 5]
0.0	0	10.130937571255236	[1, 0]	123.50233468701573	[1.455901461189527, 5]
0.0	0	30.004878348900778	[2, 0]	109.5741734978925	[1.8407892872792249, 5]
0.0	0	22.89190947670556	[2, 0]	110.17905277215927	[4.77226948275325, 5]
0.0	0	13.633884643043661	[1, 0]	125.07244423405879	[4.640345109077103, 5]
0.0	0	27.396283918131036	[1, 0]	178.2453856044425	[4.958566045727374, 5]
0.0	0	22.300115640388416	[2, 0]	174.44083535266975	[2.7888746635554407, 5]
0.0	0	20.64975762020444	[2, 0]	114.97634975378669	[3.989067910748517, 5]
0.0	0	31.37908911360487	[1, 0]	163.01019302004772	[7.726792264533465, 5]
0.0	0	46.985695789348554	[2, 0]	129.80647627657277	[1.4297795203671715, 5]
0.0	0	17.837652162656887	[2, 0]	119.83312120326856	[4.0003603457374295, 5]
0.0	0	36.95597562041145	[1, 0]	153.48794553878616	[1.9014380402891942, 5]
0.0	0	29.284703966791522	[2, 0]	161.0015880318435	[4.339260327944013, 5]
0.0	0	11.630720772977261	[2, 0]	138.8974336411767	[1.9597156072701536, 5]
0.0	0	24.632880380408228	[2, 0]	162.2521422644948	[5.560288575215234, 5]
0.0	0	41.20177579834788	[1, 0]	111.28915910777567	[7.53840258381535, 5]
0.0	0	40.13179665740528	[1, 0]	170.75229353328103	[2.363336458637626, 5]
0.0	0	31.567646576666245	[1, 0]	170.61265131744466	[4.197511205108917, 5]
0.0	0	13.675508065739269	[1, 0]	157.01824809166982	[3.3592990398468094, 5]
0.0	0	16.2472555972372	[2, 0]	129.58224355562015	[7.912156172499449, 5]
0.0	0	11.124677687461409	[1, 0]	160.92718852148957	[1.5143024383445445, 5]
0.0	0	21.78090387924706	[1, 0]	174.82293913462294	[6.248858311339867, 5]
0.0	0	49.5122993124918	[2, 0]	177.40435531120482	[7.484020851053161, 5]
0.0	0	20.675636237475707	[2, 0]	99.92741588470885	[3.5513277273374073, 5]
0.0	0	40.29279355367948	[1, 0]	151.49649778999122	[6.0531367326712875, 5]
0.0	0	41.000967173231615	[2, 0]	158.1962040874217	[2.660914681821838, 5]
0.0	0	30.122241650952862	[2, 0]	96.05608035629494	[8.0505133098477, 5]
0.0	0	40.47358241065135	[1, 0]	135.0229675548429	[6.471142950078713, 5]
0.0	0	33.229325487825676	[2, 0]	154.61278543399624	[5.312236476759394, 5]
0.0	0	26.709532267863974	[1, 0]	104.7891593620673	[3.675189224104227, 5]
0.0	0	49.9990588582323	[1, 0]	143.44280943288047	[3.115731656630893, 5]
0.0	0	49.17758935025868	[2, 0]	165.19872643563258	[2.2412982808581283, 5]
0.0	0	46.38986606003472	[2, 0]	110.74081999113949	[6.562068808612785, 5]
0.0	0	20.009793040473276	[2, 0]	98.3708932209398	[2.5019319100437483, 5]
0.0	0	23.055422906041837	[2, 0]	106.13354173119178	[5.466598171167129, 5]
0.0	0	25.310769749799377	[1, 0]	136.562855403328	[4.727848121950355, 5]
0.0	0	22.457792409391995	[2, 0]	104.0693377374252	[7.9415981588277145, 5]
0.0	0	30.995328581145603	[1, 0]	131.7268952720886	[4.41198752358284, 5]
0.0	0	29.78936862108862	[1, 0]	145.4175288608722	[1.992942950687623, 5]
0.0	0	29.712694439760398	[2, 0]	112.09214944676071	[5.358484763127008, 5]
0.0	0	39.647956247533926	[1, 0]	162.84038502515023	[1.5751933572777064, 5]
0.0	0	45.25239553406901	[2, 0]	122.35315209812406	[4.8747092366650255, 5]
0.0	0	16.199750667301714	[1, 0]	120.0116718188707	[8.122928054171847, 5]
0.0	0	31.45612459675922	[1, 0]	93.82232751672426	[6.616374255518797, 5]
0.0	0	33.9107830871384	[2, 0]	125.95300397081596	[6.606953014725, 5]
0.0	0	22.8165989910819	[1, 0]	108.61452611450446	[7.3717787434891315, 5]
0.0	0	29.983240553124514	[2, 0]	119.06487037146536	[3.454830471167267, 5]
0.0	0	33.61518514423893	[2, 0]	113.4893609423635	[3.117570318483573, 5]
0.0	0	31.043941663418828	[1, 0]	162.81100800955727	[4.857651791074537, 5]
0.0	0	13.084032400151768	[1, 0]	147.1755302406519	[1.4398530748630622, 5]
0.0	0	36.32017469540735	[1, 0]	164.12365523336445	[6.09674540196569, 5]
0.0	0	38.12424822826256	[2, 0]	128.2051739446057	[7.87148706490294, 5]
0.0	0	22.070142254293604	[1, 0]	146.4019249661977	[5.243792674668581, 5]
0.0	0	39.40553759528843	[2, 0]	167.4265641256908	[4.236203252242509, 5]
0.0	0	14.00368847894807	[1, 0]	108.53098428525571	[6.940545129254345, 5]
0.0	0	40.722518187104356	[1, 0]	150.8857024515744	[7.721130906358835, 5]
0.0	0	31.12492424505623	[1, 0]	151.15804615778615	[5.546326895592874, 5]
0.0	0	25.330766620881313	[1, 0]	122.9306983943291	[6.299376388096635, 5]
0.0	0	15.96498546573659	[2, 0]	112.96629981787383	[4.473489907641169, 5]
0.0	0	42.49404134973282	[1, 0]	92.82709020758762	[8.327734961665627, 5]
0.0	0	43.965268608870815	[1, 0]	90.95915720126575	[7.0900748155763775, 5]
0.0	0	47.59101039035495	[2, 0]	175.75175809893338	[4.147594234711266, 5]
0.0	0	46.976527431375466	[2, 0]	155.63115467818727	[7.810000952672274, 5]
0.0	0	43.11186085583208	[1, 0]	107.08800184705059	[5.540611040251184, 5]
0.0	0	38.527107201792525	[1, 0]	134.9075213423701	[6.882165538247992, 5]
0.0	0	30.86957524927236	[1, 0]	113.9060701037724	[5.980258215888765, 5]
0.0	0	45.55051518283139	[2, 0]	172.67763867785732	[4.130700929182252, 5]
0.0	0	48.80523857344332	[2, 0]	173.65864092950423	[3.7872530390169192, 5]
0.0	0	45.693408523754485	[2, 0]	160.36900619638232	[3.596690466313335, 5]
0.0	0	32.39288942205882	[1, 0]	122.35136264943259	[5.208084686032278, 5]
0.0	0	13.859629910052115	[1, 0]	166.57770204208504	[4.42986169023258, 5]
0.0	0	46.525513262969525	[1, 0]	112.63320488922915	[1.4973413140905347, 5]
0.0	0	46.83195525514025	[1, 0]	163.05664604749091	[7.950274329012226, 5]
0.0	0	36.56502737979837	[2, 0]	156.2596673636061	[1.5318398210830269, 5]
0.0	0	20.84733725198185	[2, 0]	128.3615687129644	[3.644921617050121, 5]
0.0	0	10.64378473483854	[2, 0]	129.0997813029585	[7.349471245236163, 5]
0.0	0	35.88976226291535	[1, 0]	120.95727701581538	[4.34436190750893, 5]
0.0	0	29.182101939658228	[1, 0]	157.88108636140365	[2.2471061161904036, 5]
0.0	0	30.898277702118	[1, 0]	153.9443321000591	[8.237686670436617, 5]
0.0	0	40.13029614589905	[1, 0]	149.26896731802802	[2.535257311371489, 5]
0.0	0	47.83048214051166	[2, 0]	141.15394467928152	[4.710686401507752, 5]
0.0	0	26.283045382470263	[2, 0]	140.9946510130856	[1.9428531757328629, 5]
0.0	0	47.673063473597544	[1, 0]	165.1893022553762	[1.823256181541758, 5]
0.0	0	34.04160255456688	[1, 0]	155.1382645468526	[4.788828249478966, 5]
0.0	0	39.01528130595867	[2, 0]	171.5450788062464	[3.223784678607831, 5]
0.0	0	33.16798444814743	[1, 0]	115.06735914277692	[4.176881678873642, 5]
0.0	0	31.378164809793493	[1, 0]	115.03190815410949	[5.838426989721703, 5]
0.0	0	13.368521441909934	[1, 0]	136.61936011318198	[2.2245147373519263, 5]
0.0	0	40.998306047135685	[1, 0]	108.33656822503335	[2.4239036884239646, 5]
0.0	0	19.377848934803048	[1, 0]	161.0945768044619	[2.5750239927226897, 5]
0.0	0	36.30610353206147	[1, 0]	145.07650617886873	[6.714049225724384, 5]
0.0	0	28.1152655779097	[1, 0]	110.41050843184344	[3.7283047961024454, 5]
0.0	0	24.41008343104233	[1, 0]	111.43989080091312	[1.9303372222101143, 5]
0.0	0	25.526894871824805	[2, 0]	122.08321324212736	[7.7330922278847085, 5]
0.0	0	16.48226289760464	[1, 0]	149.47015165979462	[3.5170811670926825, 5]
0.0	0	48.76279354060104	[1, 0]	139.88518161626408	[3.928728791627154, 5]
0.0	0	11.244192432754954	[1, 0]	145.129512986826	[2.649954989296501, 5]
0.0	0	31.27936230644231	[2, 0]	110.50503215541438	[1.949668013428029, 5]
0.0	0	27.843658083258703	[1, 0]	113.52022382715592	[1.6831887129677359, 5]
0.0	0	31.330124895648996	[1, 0]	122.64297289145344	[2.974114604802959, 5]
0.0	0	24.88969636645283	[2, 0]	108.19074202560215	[3.0664637337067684, 5]
0.0	0	11.438948604106775	[2, 0]	119.40582960144395	[4.481048517108977, 5]
0.0	0	23.13019142014561	[1, 0]	163.326547065441	[1.8226254911370632, 5]
0.0	0	23.68938170611604	[2, 0]	128.54661992370637	[2.5195568344899626, 5]
0.0	0	17.676963357128127	[2, 0]	128.12965382000533	[8.253705167444538, 5]
0.0	0	30.027915161181483	[1, 0]	101.37221549751877	[8.269115578683529, 5]
0.0	0	42.56257883408781	[1, 0]	109.14138333116105	[7.927815601210576, 5]
0.0	0	49.76356825285585	[2, 0]	161.8870832183909	[6.048800655516619, 5]
0.0	0	37.96532375398538	[2, 0]	135.9876272774855	[6.590321213720668, 5]
0.0	0	12.2999587620611	[1, 0]	92.0513857773877	[4.292094082358201, 5]
0.0	0	37.11275701176911	[1, 0]	161.67256847306686	[7.4264499538749975, 5]
0.0	0	24.08376244784216	[1, 0]	99.52043104596007	[2.167437217510973, 5]
0.0	0	31.486340380835944	[2, 0]	97.64629861910203	[3.89756424368806, 5]
0.0	0	43.46217810124131	[1, 0]	141.31562980532038	[2.1686258314448503, 5]
0.0	0	48.93582069031265	[1, 0]	106.54214647558199	[4.9241252338630925, 5]
0.0	0	19.41209960407779	[1, 0]	126.19934272389332	[4.917208920599249, 5]
0.0	0	29.164310883710698	[2, 0]	144.75279603388512	[8.173795205151125, 5]
0.0	0	20.05711949984686	[1, 0]	163.20916857547854	[4.292509069994836, 5]
0.0	0	32.60765566269678	[1, 0]	97.69221264082567	[4.527529206845594, 5]
0.0	0	13.212312384155767	[2, 0]	133.77622564279113	[6.074790107448223, 5]
0.0	0	15.432028502403837	[1, 0]	161.8079198344153	[7.425579812210953, 5]
0.0	0	42.39099837298918	[2, 0]	142.96591963083753	[2.3304606039169635, 5]
0.0	0	18.450439242124116	[2, 0]	139.90095610531503	[5.9533003190537475, 5]
0.0	0	42.082625365927996	[1, 0]	92.28656246910235	[6.086794321860887, 5]
0.0	0	36.86443374077272	[1, 0]	162.98354787253678	[7.165629183087647, 5]
0.0	0	32.85934334601386	[1, 0]	99.20997890050369	[6.813648847821179, 5]
0.0	0	24.487141730601333	[2, 0]	101.20271256951206	[5.628134477799284, 5]
0.0	0	12.266324498355115	[2, 0]	175.3666593488245	[2.7459687784366995, 5]
0.0	0	19.491890662580573	[2, 0]	157.2509886049172	[8.222563623912562, 5]
0.0	0	46.249233027858615	[1, 0]	149.1496173238174	[6.344643574491047, 5]
0.0	0	42.73941200919898	[1, 0]	159.42111163886545	[6.177217348568123, 5]
0.0	0	35.260222111456635	[1, 0]	121.78671017054364	[4.53865472178681, 5]
0.0	0	25.437037717164877	[2, 0]	147.00075721763275	[6.061273172924327, 5]
0.0	0	48.244454959814504	[2, 0]	95.19430018010961	[4.015342622590303, 5]
0.0	0	44.46011164715051	[2, 0]	100.69855233734826	[6.576157323678316, 5]
0.0	0	13.206749663028958	[2, 0]	112.29411593244396	[2.577368713295188, 5]
0.0	0	23.12479459027941	[2, 0]	177.29583203555555	[4.805379487130678, 5]
0.0	0	46.41602777461574	[1, 0]	162.31222523438493	[5.2569122324720094, 5]
0.0	0	47.19966411660605	[2, 0]	155.67915164397817	[4.7485946021660865, 5]
0.0	0	37.86240336437907	[1, 0]	124.19522485178034	[3.422269900753189, 5]
0.0	0	29.135486173292875	[2, 0]	137.22982503922975	[3.705844047745909, 5]
0.0	0	18.931598365907764	[2, 0]	102.13410171589636	[4.108166548395631, 5]
0.0	0	34.98071058660682	[2, 0]	140.8495949278468	[2.473662692449084, 5]
0.0	0	39.40715557378793	[1, 0]	105.70814768145861	[7.616721796995321, 5]
0.0	0	22.78299328959546	[2, 0]	138.58743330208614	[3.853300687006426, 5]
0.0	0	12.535961410447038	[1, 0]	99.44909490717296	[1.6802319840209057, 5]
0.0	0	14.794324953487786	[2, 0]	136.95285873004065	[3.8062024126028358, 5]
0.0	0	40.10933962258216	[1, 0]	110.39574850092289	[1.7399901891993865, 5]
0.0	0	18.68472809710295	[1, 0]	113.90271184961917	[4.393820388044812, 5]
0.0	0	35.74623343250871	[2, 0]	145.0899611868773	[6.7132540858144205, 5]
0.0	0	28.2957977289024	[1, 0]	93.47105006238951	[6.732122326009642, 5]
0.0	0	13.753898251219653	[2, 0]	91.40839528018053	[4.592098922352013, 5]
0.0	0	14.781957926912755	[2, 0]	178.17203631961598	[2.893395315526796, 5]
0.0	0	23.2972296613266	[1, 0]	115.42939763058969	[6.5330047647745415, 5]
0.0	0	16.072762309565988	[1, 0]	97.3325494238567	[6.09896243929713, 5]
0.0	0	37.5398831544549	[1, 0]	99.18647635902576	[5.669896944473177, 5]
0.0	0	33.47265653029973	[2, 0]	139.6373165241517	[4.627208134714898, 5]
0.0	0	46.430524261207864	[1, 0]	165.43553593609352	[4.134642104075523, 5]
0.0	0	39.24091648432336	[1, 0]	131.63676877269796	[4.197191073607784, 5]
0.0	0	21.036618812697633	[2, 0]	105.37894177242504	[8.007327046827207, 5]
0.0	0	14.717242878401414	[1, 0]	166.3550694625556	[2.01065930389756, 5]
0.0	0	49.55241494220838	[2, 0]	159.4427704068279	[7.972805602414359, 5]
0.0	0	14.488978641300395	[1, 0]	174.2478845272391	[4.167429542131309, 5]
0.0	0	28.908196465188013	[2, 0]	95.9157039105826	[8.063214590768801, 5]
0.0	0	16.000719445435145	[2, 0]	107.77439017381619	[7.849504997253124, 5]
0.0	0	25.71896397621683	[1, 0]	89.24424494394617	[1.9671108631154417, 5]
0.0	0	42.86423140389201	[1, 0]	139.78751071774772	[6.401701368788837, 5]
0.0	0	46.741792678889276	[2, 0]	106.50740281012241	[5.878806396057978, 5]
0.0	0	22.008417320083186	[2, 0]	134.03819402293445	[3.3713498804613256, 5]
0.0	0	18.087231981930785	[2, 0]	109.10177081641949	[5.346349352058805, 5]
0.0	0	23.07482491960014	[2, 0]	177.49594123323058	[4.356174953448299, 5]
0.0	0	43.58999644262039	[2, 0]	114.39703512949971	[3.3911391328277714, 5]
0.0	0	30.86036650343864	[1, 0]	99.2027388175699	[1.5158409309741636, 5]
0.0	0	29.41657348162413	[1, 0]	141.37415534710493	[4.829294539990776, 5]
0.0	0	45.59214862274796	[2, 0]	111.772147910506	[4.969330369970183, 5]
0.0	0	22.509454640213356	[1, 0]	101.13130707330974	[4.928134008128284, 5]
0.0	0	47.874694341971285	[1, 0]	156.7268606096477	[2.5730761715795185, 5]
0.0	0	45.42248464208084	[2, 0]	153.34266837783403	[3.072661212415539, 5]
0.0	0	43.44914953577648	[1, 0]	152.18997253122802	[7.857229278649481, 5]
0.0	0	13.018603193671538	[1, 0]	166.46724418566174	[5.386083267419429, 5]
0.0	0	39.8361514209551	[2, 0]	166.87655570954723	[1.680014361694747, 5]
0.0	0	40.830607744002265	[1, 0]	117.35593125361208	[7.329319579646737, 5]
0.0	0	42.75243825155679	[2, 0]	149.83022628639793	[5.537207128671565, 5]
0.0	0	10.033531470617609	[1, 0]	131.14783519409863	[2.0589926129345697, 5]
0.0	0	23.838118186190144	[1, 0]	171.14692089300394	[7.2433206930083465, 5]
0.0	0	43.854881739527166	[1, 0]	131.67607671661693	[2.92730124651029, 5]
0.0	0	28.598492865173828	[1, 0]	177.50099531616667	[1.765961982329986, 5]
0.0	0	18.31653782608768	[1, 0]	127.16003370523339	[2.2100327966072517, 5]
0.0	0	37.65565015853253	[1, 0]	102.43447415395715	[3.039780692476051, 5]
0.0	0	22.256339079642444	[2, 0]	134.07507296820708	[5.396895977286879, 5]
0.0	0	28.629473920265266	[2, 0]	98.83643530082287	[5.141233718640389, 5]
0.0	0	30.643412151323236	[1, 0]	162.48724321390142	[2.741855600970067, 5]
0.0	0	25.794607067565387	[2, 0]	106.42920124743594	[8.156229903447224, 5]
0.0	0	19.001564682490766	[1, 0]	125.34096185313302	[3.2156335474703055, 5]
0.0	0	39.56230312552287	[1, 0]	102.88474939830125	[1.8838102306300175, 5]
0.0	0	38.97946086748356	[2, 0]	121.03849060377416	[3.1920741005536324, 5]
0.0	0	16.387688864109492	[1, 0]	142.5540159796904	[3.9973222603176293, 5]
0.0	0	17.22044640895752	[1, 0]	127.47374935820673	[8.189834989904265, 5]
0.0	0	38.32459978645388	[1, 0]	110.30627717655968	[2.704803095570497, 5]
0.0	0	27.30759870492919	[1, 0]	155.49758508405336	[7.883998852315071, 5]
0.0	0	42.992415806801944	[1, 0]	178.25822091280725	[5.613923277077511, 5]
0.0	0	33.614355694143406	[1, 0]	90.5377564148329	[7.525755698309291, 5]
0.0	0	10.050145444822443	[1, 0]	112.13006992875202	[6.973059334903232, 5]
0.0	0	19.59355960448182	[2, 0]	168.11913563398798	[6.053664158563332, 5]
0.0	0	21.434782002121693	[2, 0]	108.5882444784505	[4.654412477715961, 5]
0.0	0	47.40526989259965	[1, 0]	108.16106038411124	[2.5960926124398953, 5]
0.0	0	14.379460549332983	[1, 0]	155.85376247816632	[4.180674132692704, 5]
0.0	0	27.455336025383776	[1, 0]	115.58699220318113	[5.618980249121082, 5]
0.0	0	29.252995518885925	[2, 0]	167.1484214008761	[4.262573308989185, 5]
0.0	0	18.19952605863375	[2, 0]	144.36631816871775	[4.63329719354215, 5]
0.0	0	25.238171263714772	[2, 0]	128.2783385152886	[4.02494571388235, 5]
0.0	0	39.97232123657832	[1, 0]	175.17753211856032	[3.7464964679518986, 5]
0.0	0	17.198066807810886	[2, 0]	170.44750911131445	[3.1157930198394146, 5]
0.0	0	46.02828828194161	[2, 0]	118.9355774541445	[3.3289214294416714, 5]
0.0	0	45.461563899554335	[2, 0]	166.46556229438858	[3.9945656050426748, 5]
0.0	0	46.53484236707772	[2, 0]	178.3134509577106	[4.931904443125236, 5]
0.0	0	42.074928854428805	[1, 0]	163.19594511940835	[4.698364786634332, 5]
0.0	0	23.776080107216522	[2, 0]	151.59776176433562	[4.364791400928389, 5]
0.0	0	36.357398355289384	[2, 0]	131.41148219184254	[7.605086247765645, 5]
0.0	0	12.405764497133147	[1, 0]	118.53104974181811	[4.707514250533022, 5]
0.0	0	35.466226756130375	[1, 0]	157.787919586555	[2.329558288563673, 5]
0.0	0	13.333873130916395	[1, 0]	100.86120230166725	[2.3859529418163037, 5]
0.0	0	42.64795456891332	[2, 0]	148.21071797090488	[7.080462673053929, 5]
0.0	0	23.659336247330184	[2, 0]	93.03435358295795	[3.355059736528567, 5]
0.0	0	20.575351029239183	[2, 0]	91.32442736801619	[3.7654113400555946, 5]
0.0	0	32.54877948940359	[1, 0]	104.79602012015765	[3.2527243430630355, 5]
0.0	0	26.1611625022597	[1, 0]	104.4332963628286	[1.6801733583478542, 5]
0.0	0	48.576271006069504	[2, 0]	109.65518683107761	[7.067644958845355, 5]
0.0	0	36.46219190642732	[1, 0]	107.10871329625368	[7.638328904860497, 5]
0.0	0	12.481385107890048	[2, 0]	90.75148998376586	[7.899649308366913, 5]
0.0	0	36.133244395514595	[1, 0]	139.32789734920848	[7.30278113944122, 5]
0.0	0	10.967227964076685	[1, 0]	100.20097735407383	[4.890970836073984, 5]
0.0	0	41.40284783631153	[2, 0]	103.40542758490551	[7.288895589273492, 5]
0.0	0	37.319922876045396	[1, 0]	154.13793460709667	[6.000515044693539, 5]
0.0	0	44.646752885474946	[2, 0]	159.0754787311461	[7.749528363693174, 5]
0.0	0	31.911407100949198	[1, 0]	134.7208169750116	[6.502581266276027, 5]
0.0	0	36.253637879174455	[1, 0]	173.09213669124358	[7.750879363723148, 5]
0.0	0	48.852308512758334	[1, 0]	161.02142956081468	[4.881295143527678, 5]
0.0	0	45.365101649089254	[2, 0]	149.92665583475068	[4.109527726995069, 5]
0.0	0	25.52092094827679	[2, 0]	157.8691512810238	[7.352007099818895, 5]
0.0	0	39.60662435198876	[1, 0]	171.30672660858272	[7.574915154601554, 5]
0.0	0	43.732340690201276	[2, 0]	96.57888148898766	[6.21923914908566, 5]
0.0	0	23.610398400421882	[2, 0]	133.10545902037896	[7.1815839805653905, 5]
0.0	0	46.19803370935109	[2, 0]	163.17103523417262	[4.32933515713246, 5]
0.0	0	16.804363133792364	[2, 0]	171.44202957031774	[2.928112044058388, 5]
0.0	0	43.655127330969265	[2, 0]	103.02706736061616	[2.616481713840624, 5]
0.0	0	27.75073420055991	[1, 0]	138.18474004861235	[7.403139941451789, 5]
0.0	0	19.0211483495219	[1, 0]	158.87372828793866	[4.18609985856892, 5]
0.0	0	28.78504067121713	[2, 0]	139.43128446007378	[2.4848125710105675, 5]
0.0	0	46.76807397794916	[1, 0]	155.25325234963532	[6.228663698672959, 5]
0.0	0	47.8752775809561	[2, 0]	107.35637938831431	[8.08884982782907, 5]
0.0	0	48.631794746232025	[2, 0]	107.63519861636314	[6.780804565237958, 5]
0.0	0	34.05529076752517	[1, 0]	116.00921880877488	[5.952885547516437, 5]
0.0	0	38.919569479872585	[1, 0]	152.5999902840021	[8.269584345572591, 5]
0.0	0	14.77825373738108	[2, 0]	101.09325557687615	[6.036614975553747, 5]
0.0	0	39.241100613618684	[1, 0]	137.3566039242046	[2.9957892791613845, 5]
0.0	0	29.937765840101296	[2, 0]	174.3266383685657	[5.61916047192871, 5]
0.0	0	29.219416090967595	[2, 0]	111.19224506068562	[4.06938364423324, 5]
0.0	0	41.7625964170988	[1, 0]	107.01141770538	[2.680916874746905, 5]
0.0	0	11.941140760318486	[1, 0]	149.2764407803151	[7.695177030593293, 5]
0.0	0	20.156003208388736	[2, 0]	90.9758078874567	[7.362995117479643, 5]
0.0	0	45.99906937566978	[2, 0]	89.27614810714772	[2.191575666081443, 5]
0.0	0	23.18508095213194	[1, 0]	131.2999002894712	[7.010960187374152, 5]
0.0	0	33.02310972153604	[2, 0]	137.463162262945	[1.5353636705703924, 5]
0.0	0	25.243937017170104	[1, 0]	101.93067878460312	[3.425288484735815, 5]
0.0	0	23.237499987635182	[1, 0]	89.97795511552515	[4.140122820381374, 5]
0.0	0	26.344992394542253	[1, 0]	128.14540351000565	[2.160819467757976, 5]
0.0	0	29.747657827200385	[2, 0]	91.81473102712296	[3.8297321899834538, 5]
0.0	0	27.451153232386805	[2, 0]	178.20825042474894	[8.07639020243321, 5]
0.0	0	40.9546849853837	[2, 0]	103.22613662423367	[6.7402680539164805, 5]
0.0	0	19.357879931462342	[1, 0]	132.9226922195445	[3.8711507628283406, 5]
0.0	0	32.389530683719244	[2, 0]	100.40046489096977	[2.8967136886883926, 5]
0.0	0	47.67126654842733	[2, 0]	127.02972703093167	[3.8473082945213335, 5]
0.0	0	14.69750209657704	[1, 0]	117.03903590825425	[7.076278874889886, 5]
0.0	0	36.74831733134982	[1, 0]	93.30124037638546	[7.026967187672309, 5]
0.0	0	14.656450443768959	[2, 0]	111.65092462768422	[2.236539888643783, 5]
0.0	0	18.358190427134858	[2, 0]	133.77471465892896	[5.0247128382252155, 5]
0.0	0	30.461042474833317	[1, 0]	93.94177411056478	[7.905715103954448, 5]
0.0	0	35.750535625012745	[1, 0]	129.1848168586529	[3.9506694153179724, 5]
0.0	0	19.77091191221636	[2, 0]	138.82056287373746	[5.547120445418008, 5]
0.0	0	19.94673968450048	[2, 0]	138.07371691689315	[4.591720712022886, 5]
0.0	0	46.3493962171346	[2, 0]	93.12474966870427	[6.52422619464264, 5]
0.0	0	43.80537968216385	[2, 0]	160.7099573710188	[5.073544906501251, 5]
0.0	0	35.63794148683782	[2, 0]	140.60064905782235	[6.0825596642204225, 5]
0.0	0	35.42047934331932	[1, 0]	165.39029280987086	[4.589642369713483, 5]
0.0	0	49.62822857662679	[1, 0]	117.23133461920844	[6.164627189389928, 5]
0.0	0	30.148402563670214	[1, 0]	105.56251762017659	[6.741096229737459, 5]
0.0	0	13.608097907523826	[2, 0]	114.03811538121772	[1.4555007841781602, 5]
0.0	0	23.256745035244506	[1, 0]	165.58225034154708	[4.663099798603802, 5]
0.0	0	38.95773415303555	[2, 0]	111.51323635817599	[5.020813063348566, 5]
0.0	0	27.06102591785541	[1, 0]	104.83096160573412	[3.1198124432694763, 5]
0.0	0	22.43821328649154	[2, 0]	104.27715831996484	[4.8526871149728, 5]
0.0	0	25.710417898475324	[1, 0]	101.27294822791559	[5.855903047640379, 5]
0.0	0	14.630051682690336	[2, 0]	158.026044203808	[1.467923540019029, 5]
0.0	0	23.742128414531436	[2, 0]	89.56939562737374	[8.23049755126398, 5]
0.0	0	22.150963498086735	[2, 0]	141.76449264807184	[7.5185378843079995, 5]
0.0	0	40.36364255465727	[1, 0]	105.40718806763965	[4.774627689353773, 5]
0.0	0	37.80766976337889	[1, 0]	147.88740952598684	[2.2873305275761213, 5]
0.0	0	36.731045445336505	[2, 0]	115.53095614279493	[5.342302767811712, 5]
0.0	0	34.42673965017039	[1, 0]	145.40287802797627	[5.808316601537908, 5]
0.0	0	35.133546173258516	[2, 0]	93.43487224095121	[3.221644310683058, 5]
0.0	0	43.94143829655352	[1, 0]	152.99124301340802	[4.859575835862538, 5]
0.0	0	12.019646107327457	[1, 0]	143.05174302753215	[5.977391358000739, 5]
0.0	0	46.794124197381045	[2, 0]	90.33951054069654	[4.6219551844081055, 5]
0.0	0	15.289183172095896	[1, 0]	171.22780471097184	[7.9721777981812965, 5]
0.0	0	25.108594235369644	[2, 0]	110.02497143090974	[6.8589854513038215, 5]
0.0	0	20.57236147458085	[2, 0]	125.89832014856674	[4.611296857445441, 5]
0.0	0	36.78518826838137	[2, 0]	109.3935537302676	[3.846169567306043, 5]
0.0	0	13.684209440883555	[1, 0]	95.31407206814264	[4.225683368857533, 5]
0.0	0	28.297734351279587	[2, 0]	90.35790729887951	[4.697161636532014, 5]
0.0	0	38.47825000247782	[2, 0]	144.4372754628561	[4.875084732249646, 5]
0.0	0	46.31343040160133	[2, 0]	116.38390145279607	[6.944632630958364, 5]
0.0	0	40.18737633270677	[2, 0]	175.33819092279896	[3.5834968719116995, 5]
0.0	0	35.62732845672419	[2, 0]	172.8233094564065	[7.648755559980049, 5]
0.0	0	34.50679215494459	[2, 0]	176.70321054332038	[5.164915695022631, 5]
0.0	0	36.54461438483631	[2, 0]	146.02144830657903	[4.028511494903215, 5]
0.0	0	28.99846531235777	[2, 0]	113.53139542664881	[6.188933594647391, 5]
0.0	0	39.270608868087066	[2, 0]	124.33495854917904	[2.5988283576835203, 5]
0.0	0	48.88069308171527	[1, 0]	161.28616272445316	[2.7870676850361327, 5]
0.0	0	45.62574783741948	[1, 0]	131.18470357417996	[7.346941848293188, 5]
0.0	0	33.587692427652925	[2, 0]	119.48540462041024	[5.466049031630621, 5]
0.0	0	37.17812151595918	[1, 0]	102.35118660981466	[2.771032173028279, 5]
0.0	0	45.69639729501071	[1, 0]	91.49031957784703	[3.0588201476516614, 5]
0.0	0	31.838452409803427	[2, 0]	171.91182277911435	[8.091385419409407, 5]
0.0	0	21.016912061799196	[1, 0]	168.81292573401757	[8.150374014601358, 5]
0.0	0	13.344813346644337	[1, 0]	93.29939030065987	[6.8730100063094515, 5]
0.0	0	33.43207254610263	[2, 0]	92.92388421727402	[1.5836164693256325, 5]
0.0	0	44.73330352664569	[2, 0]	113.28367164285883	[7.207242424421908, 5]
0.0	0	47.80588618798034	[2, 0]	97.55526470111803	[3.199073836050385, 5]
0.0	0	46.41686024413562	[1, 0]	114.28564932718567	[1.7962883671670788, 5]
0.0	0	37.301168926797075	[2, 0]	96.82150368156428	[3.57683479625704, 5]
0.0	0	16.041058497518904	[1, 0]	111.56010620186618	[7.157373475184655, 5]
0.0	0	49.47783705012331	[2, 0]	135.38272600057877	[3.997969982621198, 5]
0.0	0	39.214424518298586	[2, 0]	140.0558700628593	[7.7588158764751, 5]
0.0	0	21.379072583139727	[1, 0]	133.54475735633278	[2.4510279477755734, 5]
0.0	0	47.733892214163276	[2, 0]	142.74584382517097	[7.840409376043077, 5]
0.0	0	25.12675783243926	[2, 0]	124.0287437287976	[5.50429096395618, 5]
0.0	0	19.155519905272683	[1, 0]	134.11397187014396	[7.482141644374708, 5]
0.0	0	32.286528807324196	[2, 0]	155.929809235496	[5.832375472482089, 5]
0.0	0	22.31908722683372	[2, 0]	159.93012674950097	[6.843790074247591, 5]
0.0	0	36.40925783072507	[1, 0]	149.53377075678287	[4.884805904209651, 5]
0.0	0	17.122015228080137	[1, 0]	120.51892260013983	[1.9974437146859458, 5]
0.0	0	10.09715159791	[2, 0]	153.03802098793125	[7.91385082808733, 5]
0.0	0	24.09844034812024	[1, 0]	173.85932592691975	[2.1835100261946083, 5]
0.0	0	20.77667527038225	[1, 0]	169.25730521947412	[2.9355584924275187, 5]
0.0	0	18.399456904715286	[2, 0]	111.81436598077786	[3.217199144295676, 5]
0.0	0	46.93227544558725	[2, 0]	148.18834921351112	[3.3696510839330474, 5]
0.0	0	40.67894797828054	[2, 0]	111.69517747754588	[5.29706723737039, 5]
0.0	0	40.099382367272106	[2, 0]	135.02963451199847	[7.623158960210634, 5]
0.0	0	21.97213675427591	[1, 0]	154.27806760056384	[7.58244334843023, 5]
0.0	0	10.575341769207167	[1, 0]	97.2591272453311	[6.5398344415519905, 5]
0.0	0	42.00243017822111	[2, 0]	133.14410378697266	[7.965824725536617, 5]
0.0	0	36.279209450827274	[1, 0]	163.72733646818705	[5.642774697774466, 5]
0.0	0	44.5394656847307	[1, 0]	161.88597841664716	[7.666091068149797, 5]
0.0	0	37.31330928311207	[2, 0]	131.0044811444199	[3.7092872266390455, 5]
0.0	0	16.98968266967785	[2, 0]	170.31873759683378	[3.0891388687867227, 5]
0.0	0	39.03703388064555	[1, 0]	148.31365947916373	[7.746222460452245, 5]
0.0	0	32.93155664083881	[2, 0]	108.09307378534537	[7.208840048985651, 5]
0.0	0	16.603987827429638	[2, 0]	119.26663305427857	[3.8401023104702485, 5]
0.0	0	41.939006138360604	[1, 0]	164.4919727560848	[2.8764156653359576, 5]
0.0	0	10.008866384168119	[1, 0]	99.66333347916573	[5.533863930179717, 5]
0.0	0	26.255623382564337	[1, 0]	120.97179304885445	[3.4899529439734542, 5]
0.0	0	34.52467920784009	[1, 0]	121.61604254797498	[4.330907926255506, 5]
0.0	0	37.34673860449571	[1, 0]	171.05559992324788	[5.717065520643579, 5]
0.0	0	14.124155799568406	[1, 0]	109.16777554615841	[6.576272565293105, 5]
0.0	0	45.16306748284442	[2, 0]	136.87100635789062	[8.030263197796343, 5]
0.0	0	34.783338940955645	[1, 0]	105.30211310099858	[7.937221012503251, 5]
0.0	0	46.39306455070036	[2, 0]	168.7625258790378	[3.29518955150864, 5]
0.0	0	14.61013784688653	[2, 0]	123.91497795232254	[7.877066605777497, 5]
0.0	0	23.36936453331097	[2, 0]	132.46535339419458	[6.23981163008571, 5]
0.0	0	43.86180119083915	[1, 0]	175.14023141999516	[4.711727795141378, 5]
0.0	0	16.562610197574198	[2, 0]	165.93206712847746	[5.969975079088901, 5]
0.0	0	31.446973521533575	[2, 0]	151.91081120315417	[8.07650803864646, 5]
0.0	0	47.799260746312314	[2, 0]	89.58944273301653	[1.7584177967406898, 5]
0.0	0	30.143738749407326	[2, 0]	159.9273112367889	[7.387916268244189, 5]
0.0	0	48.596285668975966	[2, 0]	91.22831707669283	[1.5002695156832382, 5]
0.0	0	48.3143690427097	[2, 0]	92.46216340188975	[7.218999806801385, 5]
0.0	0	40.02403655508733	[2, 0]	109.66042313359075	[8.197159117580071, 5]
0.0	0	37.92551900797763	[2, 0]	132.76809924096207	[4.270021975281344, 5]
0.0	0	30.52650205905042	[2, 0]	134.96187168329772	[4.535761816818955, 5]
0.0	0	26.95495759685468	[2, 0]	99.18656312786561	[5.069487262570635, 5]
0.0	0	23.2743981372218	[2, 0]	137.18623947278493	[7.414424381648044, 5]
0.0	0	33.49732720446928	[2, 0]	133.22088147047884	[7.949443858058366, 5]
0.0	0	12.100061748958952	[2, 0]	133.36309977431455	[3.402994369174232, 5]
0.0	0	45.41386194358657	[2, 0]	164.18461241510425	[2.024734034043511, 5]
0.0	0	32.47891353486543	[2, 0]	170.37713033137788	[7.8159434577979905, 5]
0.0	0	20.53566562237964	[1, 0]	127.84075731133149	[1.5296660942653488, 5]
0.0	0	21.957894698817366	[2, 0]	89.68240557432033	[6.344849398967145, 5]
0.0	0	15.715493515245205	[2, 0]	151.52964818611676	[2.110149711478259, 5]
0.0	0	42.26884696777177	[2, 0]	138.03517873198547	[5.91965884065839, 5]
0.0	0	11.152767671892427	[1, 0]	166.41474178175218	[1.4906615132914418, 5]
0.0	0	26.243877204598185	[1, 0]	156.9267055894985	[7.768460751996604, 5]
0.0	0	11.766198128083381	[2, 0]	159.170711333981	[5.1604624332750815, 5]
0.0	0	14.588692785138889	[2, 0]	157.51994216995627	[2.5171594786339146, 5]
0.0	0	28.715686469561277	[2, 0]	151.06949578232917	[2.9129149816186457, 5]
0.0	0	20.130442469972238	[2, 0]	136.44209855251916	[3.582823111319156, 5]
0.0	0	26.96263702933685	[1, 0]	165.64169880966972	[6.069060316443303, 5]
0.0	0	33.663228106312516	[1, 0]	166.67651773546288	[2.649576657388094, 5]
0.0	0	31.93147642842583	[1, 0]	129.7554303366391	[2.1886700878361145, 5]
0.0	0	44.85377090584481	[2, 0]	117.28320751038947	[6.835991369525599, 5]
0.0	0	18.685523868713553	[2, 0]	144.58677845100448	[8.246267391223745, 5]
0.0	0	15.296397610026219	[2, 0]	133.2356436908404	[4.205977675928485, 5]
0.0	0	23.111040364788362	[2, 0]	158.65935236660115	[7.280415635915904, 5]
0.0	0	13.741499339278171	[2, 0]	156.97423094413386	[3.9418829739469015, 5]
0.0	0	20.011819019600747	[1, 0]	176.1684618784783	[3.7495924798701066, 5]
0.0	0	14.704614933758151	[2, 0]	120.8608709147086	[8.04980696439193, 5]
0.0	0	29.38404106615347	[2, 0]	135.57517831316886	[6.072713603849787, 5]
0.0	0	23.977292599301144	[2, 0]	177.03984160145518	[2.100460515993971, 5]
0.0	0	46.427111190060266	[1, 0]	89.81057358302961	[4.477976697568717, 5]
0.0	0	15.832907072901572	[1, 0]	117.85205937204307	[4.128858182846911, 5]
0.0	0	24.54494766256362	[2, 0]	172.79070704191724	[3.160346164681392, 5]
0.0	0	31.79960702611938	[2, 0]	122.9567009124464	[3.8799711519659366, 5]
0.0	0	36.06713095139699	[2, 0]	171.1048255891775	[6.080570537851481, 5]
0.0	0	23.644872254519186	[1, 0]	148.8803179632408	[4.10112030638148, 5]
0.0	0	30.665060936628418	[1, 0]	139.1981085701145	[3.2163962883576236, 5]
0.0	0	10.474462952808503	[1, 0]	92.41800126733557	[2.9694966252156205, 5]
0.0	0	33.825749924446114	[1, 0]	161.40644818569044	[3.068591388293839, 5]
0.0	0	49.03705101918219	[1, 0]	111.4678529882641	[3.3992702956695378, 5]
0.0	0	47.45185521847052	[2, 0]	140.75802810658485	[2.9909051466133967, 5]
0.0	0	22.872111894649933	[1, 0]	160.48668014705277	[2.187475980594503, 5]
0.0	0	15.961059001354325	[1, 0]	102.75739609443862	[5.260771998177367, 5]
0.0	0	25.158642158385646	[1, 0]	123.01619392206493	[7.238580308375187, 5]
0.0	0	15.283998535344148	[2, 0]	115.68048891061011	[2.8134699371866074, 5]
0.0	0	28.17178740102783	[2, 0]	102.61010590584495	[7.884233790323846, 5]
0.0	0	24.00826735590688	[1, 0]	97.77927170848214	[6.0949270805171425, 5]
0.0	0	39.43969486124766	[2, 0]	99.65004012792278	[7.221356519184199, 5]
0.0	0	33.214791840875826	[1, 0]	130.91210623966023	[2.036176960526542, 5]
0.0	0	34.94617494957593	[1, 0]	102.93704960560648	[6.557768375287184, 5]
0.0	0	16.248499722731435	[2, 0]	131.7451848569029	[4.887760493937346, 5]
0.0	0	19.207216668370727	[2, 0]	135.99145132861184	[7.797518022754751, 5]
0.0	0	24.514250390936272	[1, 0]	132.91484678890657	[2.6120004308363933, 5]
0.0	0	20.73064470318901	[2, 0]	147.22920877488374	[5.1630658083656655, 5]
0.0	0	18.88682006133175	[2, 0]	149.931361425257	[1.5029557758466514, 5]
0.0	0	15.980205550401228	[2, 0]	163.65209827481476	[1.7053101331250962, 5]
0.0	0	23.77050674122744	[1, 0]	130.63290844172178	[7.357381315143114, 5]
0.0	0	47.7402640820894	[1, 0]	140.17803052649217	[1.883127299432318, 5]
0.0	0	38.62541045410678	[1, 0]	98.68364626762725	[7.56471778220606, 5]
0.0	0	36.65767526331611	[2, 0]	134.89619598669842	[6.298118192931399, 5]
0.0	0	43.20525298661497	[1, 0]	150.3760048043488	[5.001015347831359, 5]
0.0	0	44.9076321595004	[2, 0]	156.0225806596568	[7.554101473524891, 5]
0.0	0	15.403651457999118	[2, 0]	164.6337796181556	[1.9153802145271368, 5]
0.0	0	36.23849880308473	[2, 0]	115.50404129595009	[3.668365660972483, 5]
0.0	0	32.6947264003958	[1, 0]	99.81164608137921	[4.953078048524759, 5]
0.0	0	15.78681016479227	[1, 0]	138.0860235049975	[6.96677943013797, 5]
0.0	0	45.75002341658202	[1, 0]	123.7520380780982	[1.8179307353233936, 5]
0.0	0	43.99562389533541	[2, 0]	110.7807241467341	[3.804448038053791, 5]
0.0	0	46.564917289502645	[2, 0]	147.6063328891973	[2.8426246458735074, 5]
0.0	0	20.505882993115907	[1, 0]	148.4967576187541	[4.699658440286887, 5]
0.0	0	17.35240975598732	[2, 0]	174.42945462498852	[1.9527206314874226, 5]
0.0	0	47.34537125093063	[1, 0]	131.9828996629259	[7.528588230021763, 5]
0.0	0	13.329097556401319	[1, 0]	173.63708868939565	[7.713256155737094, 5]
0.0	0	17.20902420531769	[1, 0]	155.35807380739632	[5.589198579445916, 5]
0.0	0	41.55182633714127	[1, 0]	126.57413557267928	[4.260818680902988, 5]
0.0	0	22.97334865831445	[1, 0]	143.68525008366097	[5.455499891752352, 5]
0.0	0	41.73186404712524	[2, 0]	95.69814472777445	[2.393473274357456, 5]
0.0	0	38.79400164296463	[2, 0]	133.53944992586588	[1.8192716517695036, 5]
0.0	0	34.37671023628319	[1, 0]	107.63384195847487	[2.68932335357192, 5]
0.0	0	24.25251145387729	[1, 0]	95.38143229879304	[3.767051535495351, 5]
0.0	0	35.00562760164352	[2, 0]	155.75467909325045	[6.089427626943605, 5]
0.0	0	24.427038266968903	[2, 0]	125.24847134880315	[2.456868580289508, 5]
0.0	0	14.757880821868719	[1, 0]	159.7998028857704	[2.565340145499404, 5]
0.0	0	38.97537990170839	[2, 0]	111.27673871639927	[2.5008340438670937, 5]
0.0	0	16.044828581753066	[1, 0]	167.78196063639268	[4.044649370229256, 5]
0.0	0	41.68359471625759	[1, 0]	172.93066762471534	[3.8311876839583796, 5]
0.0	0	29.245029741703284	[1, 0]	158.7505998763516	[6.14468387432425, 5]
0.0	0	28.11897946194958	[1, 0]	92.72935413572858	[2.0732036940661165, 5]
0.0	0	13.10231599566341	[1, 0]	128.8450030750514	[3.380453942299959, 5]
0.0	0	41.636166219113946	[2, 0]	141.29716166903845	[4.20491010197572, 5]
0.0	0	32.6106670969554	[2, 0]	134.07097334861476	[4.584747434287283, 5]
0.0	0	17.765624164876037	[2, 0]	178.69351668414015	[2.5544397550996907, 5]
0.0	0	27.77205378832824	[2, 0]	170.1045280848184	[5.702801986096698, 5]
0.0	0	26.58157874290755	[2, 0]	129.5885443081304	[4.309310400455484, 5]
0.0	0	25.869350378908294	[2, 0]	158.7161046110264	[5.660986015321965, 5]
0.0	0	29.829501425032042	[1, 0]	132.05758848024797	[4.114640829012909, 5]
0.0	0	32.89348248158138	[1, 0]	114.57634622561022	[4.705280203196662, 5]
0.0	0	17.381918033965324	[1, 0]	97.97100861640962	[1.869203012054434, 5]
0.0	0	20.136572675561062	[1, 0]	178.0492434626177	[5.798663267285845, 5]
0.0	0	45.74551227060754	[2, 0]	162.4356099640599	[3.2132260260663315, 5]
0.0	0	16.646051535553987	[2, 0]	89.66631239951299	[3.995684962015309, 5]
0.0	0	13.36777335792309	[2, 0]	108.50897629300664	[4.284463201781258, 5]
0.0	0	49.11462022952555	[1, 0]	105.84326886315579	[1.4428298544477836, 5]
0.0	0	49.1327427269403	[2, 0]	91.22232190027162	[1.6964918969335485, 5]
0.0	0	32.36764518944925	[1, 0]	117.26050741847493	[6.89766070903999, 5]
0.0	0	18.35750080020026	[2, 0]	154.51702881387035	[5.802160560623274, 5]
0.0	0	22.481357877870455	[2, 0]	98.58931317102022	[7.448841115431009, 5]
0.0	0	11.754882727605654	[2, 0]	106.43397742241258	[7.281806703038694, 5]
0.0	0	21.026479503650695	[2, 0]	123.42023581857522	[5.451094552723238, 5]
0.0	0	28.40315311190807	[1, 0]	176.35442925585744	[7.0130800097251935, 5]
0.0	0	40.855624448650445	[1, 0]	117.28995508816936	[7.362639498357751, 5]
0.0	0	14.065681246778245	[1, 0]	177.70667539142846	[5.509521499495151, 5]
0.0	0	16.837750039815848	[1, 0]	111.13813105278987	[3.1399922680836463, 5]
0.0	0	32.82591747768014	[1, 0]	163.5482762115318	[7.525611326258423, 5]
0.0	0	20.217300072856293	[1, 0]	90.29478962461725	[4.772591155692716, 5]
0.0	0	35.972165565534006	[1, 0]	153.54969826043492	[2.9565332768545978, 5]
0.0	0	19.70652186106243	[2, 0]	122.75170398815519	[1.7897356137800586, 5]
0.0	0	26.85467438488851	[2, 0]	129.4851260470042	[3.9604389622539107, 5]
0.0	0	15.752706663715164	[2, 0]	163.07943873064642	[6.548092093374627, 5]
0.0	0	13.12996841657729	[2, 0]	165.91628039041615	[2.2707759904266767, 5]
0.0	0	16.078845868533385	[1, 0]	119.35863768089229	[6.2634528011354185, 5]
0.0	0	23.922939840837163	[2, 0]	152.0618203792901	[2.847036785613288, 5]
0.0	0	22.06449930153591	[1, 0]	178.10702578317915	[8.084330793502506, 5]
0.0	0	40.56910064370445	[1, 0]	163.82599727966019	[4.2485359619359935, 5]
0.0	0	32.294387416341635	[1, 0]	121.46070937290438	[8.020476076375356, 5]
0.0	0	47.68706377909995	[2, 0]	141.95704641722168	[6.251789917443978, 5]
0.0	0	25.230791130591346	[2, 0]	128.96794898868816	[2.265297631088827, 5]
0.0	0	12.005458192764545	[2, 0]	127.63044988159257	[6.320993091941854, 5]
0.0	0	29.48568071859026	[2, 0]	97.49648124129524	[3.592670515865741, 5]
0.0	0	13.863330254600378	[1, 0]	126.62653636285273	[7.732208598416718, 5]
0.0	0	23.537122694410012	[1, 0]	158.09708940571943	[1.4350797364293975, 5]
0.0	0	34.90603949029443	[2, 0]	175.3912154443023	[2.1475043514511354, 5]
0.0	0	41.41390496833457	[1, 0]	130.9765314546721	[5.010784738855348, 5]
0.0	0	32.448209323532375	[1, 0]	175.6499069360611	[3.9295518952517723, 5]
0.0	0	25.52973706274105	[1, 0]	139.36901909777492	[3.711363754074179, 5]
0.0	0	20.359099228668573	[2, 0]	116.2094710959723	[6.912536301084997, 5]
0.0	0	24.645088127150174	[1, 0]	137.37782165279236	[5.361147191642368, 5]
0.0	0	22.222864167155777	[1, 0]	111.54560985243738	[2.9936521881317355, 5]
0.0	0	39.01565053007056	[1, 0]	120.19685743741552	[5.602857760600176, 5]
0.0	0	38.84789113946976	[1, 0]	91.17228346871359	[2.8359462749234905, 5]
0.0	0	19.29113777261907	[1, 0]	91.67914866251361	[1.6404088177713838, 5]
0.0	0	23.32874666071037	[2, 0]	157.24480903272166	[1.6088805564526738, 5]
0.0	0	22.948013136846438	[2, 0]	102.88499842152251	[2.6627017504968906, 5]
0.0	0	47.96917313379879	[2, 0]	119.02456311229753	[7.467682361564024, 5]
0.0	0	44.867746420423394	[1, 0]	134.42898679332754	[2.9856871347812253, 5]
0.0	0	45.47943379690134	[1, 0]	97.71874393339539	[2.1543893177246054, 5]
0.0	0	22.04802185912161	[2, 0]	178.05733381397982	[7.618415693205601, 5]
0.0	0	39.281502882525814	[1, 0]	114.54470080850956	[7.290726518524038, 5]
0.0	0	29.94637300493054	[2, 0]	103.30135363064157	[1.5146482592504567, 5]
0.0	0	31.72362928967044	[2, 0]	173.53508522813456	[6.083750012661134, 5]
0.0	0	46.38795538452367	[2, 0]	117.39063365548049	[5.73285480349363, 5]
0.0	0	23.609728479973345	[1, 0]	139.7459566182159	[6.864790531864744, 5]
0.0	0	18.643012929941758	[2, 0]	146.08609808820762	[7.971599313406725, 5]
0.0	0	43.076346328047	[1, 0]	154.51096380548364	[2.357906471440182, 5]
0.0	0	44.469328789305735	[2, 0]	113.0413630507894	[4.6163072547594455, 5]
0.0	0	20.057038930384806	[2, 0]	92.42959537126524	[5.449008701483401, 5]
0.0	0	26.834509880306157	[1, 0]	115.50945535812151	[4.996195245944474, 5]
0.0	0	10.448609640060653	[1, 0]	90.30239298699259	[2.8613068084610274, 5]
0.0	0	23.962260759089784	[2, 0]	159.31210995932764	[4.779813929240463, 5]
0.0	0	23.277491934102127	[2, 0]	130.25820462576533	[2.2208032122593453, 5]
0.0	0	23.900303006827755	[2, 0]	114.26137378233685	[5.669675713029976, 5]
0.0	0	39.29104391107545	[1, 0]	92.06004346172503	[5.559195356779923, 5]
0.0	0	32.03115392832595	[2, 0]	98.41025736657062	[5.268284761127563, 5]
0.0	0	17.821473851344066	[2, 0]	97.52411744231264	[3.663440189711384, 5]
0.0	0	29.607632842276963	[1, 0]	152.50530748922395	[8.227864310427634, 5]
0.0	0	35.010378034756584	[1, 0]	132.30881227943917	[5.428294879347415, 5]
0.0	0	35.9158010143751	[2, 0]	114.83237113888018	[7.169286598706724, 5]
0.0	0	30.41864193458587	[1, 0]	107.35362713298427	[4.0290537066430785, 5]
0.0	0	39.0404762219719	[1, 0]	170.8775678447288	[7.241818973842707, 5]
0.0	0	39.76272158096732	[1, 0]	137.80767192399867	[3.738579526274494, 5]
0.0	0	42.22864296481993	[1, 0]	175.96017697480937	[4.330200549026713, 5]
0.0	0	20.112406399613846	[2, 0]	165.77501150649664	[6.183304647123493, 5]
0.0	0	45.01634772311452	[2, 0]	101.78603368569172	[5.121558903865948, 5]
0.0	0	32.15957983106964	[2, 0]	134.5026925202307	[3.1141747146800016, 5]
0.0	0	41.7325734817667	[2, 0]	139.50863078102032	[7.495340226027849, 5]
0.0	0	22.538656820402334	[1, 0]	167.41249383844067	[3.8148684509815185, 5]
0.0	0	33.581307138147665	[2, 0]	157.60541487083339	[2.450850336570012, 5]
0.0	0	12.00143712652865	[2, 0]	138.20197431959681	[3.61694075151189, 5]
0.0	0	10.904693494276435	[1, 0]	147.56326041022365	[7.334226195397345, 5]
0.0	0	13.742161146319434	[1, 0]	91.91882149667357	[1.707800746579965, 5]
0.0	0	38.7612014230024	[1, 0]	110.13948836931901	[3.785069523109705, 5]
0.0	0	48.90258793156819	[2, 0]	177.88889542713196	[4.259099464417836, 5]
0.0	0	41.28459575448031	[2, 0]	144.3523811569364	[2.0826239674142597, 5]
0.0	0	28.084126585752248	[1, 0]	160.13710147470863	[3.433162188397846, 5]
0.0	0	28.443452937640412	[1, 0]	92.85321445903332	[5.814496167393907, 5]
0.0	0	17.59623167913921	[2, 0]	114.9660144481954	[5.954765234943346, 5]
0.0	0	20.91850311677501	[2, 0]	161.18222135959337	[8.218032366395745, 5]
0.0	0	28.068867018683363	[1, 0]	165.33383348869825	[4.624125735460678, 5]
0.0	0	28.408137207993736	[2, 0]	97.58603543788418	[2.8323684957591717, 5]
0.0	0	47.85750907283428	[2, 0]	160.90757575384646	[5.532710124080324, 5]
0.0	0	21.501946485024423	[2, 0]	125.81707981447514	[4.11350278944077, 5]
0.0	0	46.874765748202904	[1, 0]	135.59931743730195	[6.561008949743078, 5]
0.0	0	29.53593857081827	[1, 0]	131.47432788827965	[8.165948890070764, 5]
0.0	0	42.19507106363808	[1, 0]	107.57696383401624	[6.7853229913804265, 5]
0.0	0	49.250384780810954	[1, 0]	118.72460855277654	[5.020896726137778, 5]
0.0	0	48.34118764667763	[2, 0]	147.40731251208513	[5.495945973120041, 5]
0.0	0	21.307740844340675	[2, 0]	140.77432865116745	[6.337530944307311, 5]
0.0	0	45.723652648634584	[1, 0]	141.41165888279033	[5.588802130836904, 5]
0.0	0	29.39381949852217	[1, 0]	157.30121951662602	[3.8298467566711354, 5]
0.0	0	10.359803838509684	[1, 0]	128.79800225283338	[1.9124751693781368, 5]
0.0	0	47.305170657585165	[1, 0]	127.44494741197038	[1.4226771690072033, 5]
0.0	0	20.6064636051061	[1, 0]	103.62379760904558	[4.675521469797844, 5]
0.0	0	37.03712954861073	[2, 0]	150.5299291833768	[2.5369909023525787, 5]
0.0	0	28.900766190256313	[1, 0]	161.661336864571	[4.999533936338146, 5]
0.0	0	32.9272244345237	[1, 0]	125.87297808553069	[8.001034652699552, 5]
0.0	0	18.385695618495408	[1, 0]	170.8093403913187	[5.244281318523514, 5]
0.0	0	21.92827696164366	[2, 0]	154.17430881604022	[8.092837631058243, 5]
0.0	0	14.008869555844493	[2, 0]	167.9044602673926	[6.534595856489788, 5]
0.0	0	46.76541174284464	[1, 0]	127.54499046932762	[2.325194577287054, 5]
0.0	0	25.572321070928272	[1, 0]	158.07722764399767	[6.386404253281523, 5]
0.0	0	31.020326092828817	[1, 0]	120.56218608101145	[7.917501035454102, 5]
0.0	0	26.868403831872335	[1, 0]	152.20586202777153	[2.1165309257237164, 5]
0.0	0	48.979660294149866	[2, 0]	155.09721384581357	[1.6693039643768166, 5]
0.0	0	38.230895259088804	[2, 0]	158.92205752669327	[8.292295074535943, 5]
0.0	0	45.221820574481974	[2, 0]	89.27551033582486	[5.628480149332312, 5]
0.0	0	28.19579551466197	[1, 0]	100.41114835653117	[7.463754208680497, 5]
0.0	0	32.56896025104557	[1, 0]	177.58328667013689	[4.850135079667134, 5]
0.0	0	40.887097275259926	[2, 0]	159.70757243634694	[6.9765021961172335, 5]
0.0	0	35.20876708422798	[2, 0]	138.4984191428314	[7.56614927959141, 5]
0.0	0	46.3974355647741	[2, 0]	90.38328821861559	[4.463815416990104, 5]
0.0	0	39.67936596807576	[1, 0]	122.87574448801138	[4.263447221575171, 5]
0.0	0	29.108635531513038	[2, 0]	109.67184820681062	[2.199068201993326, 5]
0.0	0	36.20584533977085	[1, 0]	170.75949311863474	[7.3154288070101305, 5]
0.0	0	48.41130040120457	[1, 0]	147.3168555593171	[3.991087447548335, 5]
0.0	0	48.669125134133154	[2, 0]	154.0040261608882	[6.427109396839075, 5]
0.0	0	38.53083093874916	[2, 0]	149.36083550030787	[5.883024595118747, 5]
0.0	0	15.454073413256605	[1, 0]	176.35981429475817	[2.5654671772400666, 5]
0.0	0	16.78504696448927	[1, 0]	119.54147268227078	[4.309401067397193, 5]
0.0	0	23.704065933628428	[1, 0]	98.80568097819902	[6.390938988732638, 5]
0.0	0	25.684151956309616	[1, 0]	143.38069355511846	[5.990668616979862, 5]
0.0	0	20.460593054209866	[2, 0]	94.23355308381007	[7.706872341529832, 5]
0.0	0	34.056748002689716	[1, 0]	119.4184297774715	[4.995568672830645, 5]
0.0	0	18.220451969259155	[2, 0]	121.0185584300093	[7.77543202780129, 5]
0.0	0	25.732093813635284	[1, 0]	129.94659494383004	[3.1559406998190958, 5]
0.0	0	20.017970559837632	[1, 0]	135.87739092810654	[8.186431896967761, 5]
0.0	0	42.7206614162821	[2, 0]	120.9401729515468	[7.026202262353648, 5]
0.0	0	41.783759616282175	[2, 0]	122.28892314214022	[4.482993010893913, 5]
0.0	0	30.40835090894364	[2, 0]	167.84048776876216	[2.440136090942525, 5]
0.0	0	20.365635833478866	[1, 0]	103.70551006631325	[3.7997458824293715, 5]
0.0	0	24.65033505437139	[1, 0]	110.53191432546618	[6.661546009349209, 5]
0.0	0	40.144966004061835	[2, 0]	140.90749635907977	[3.1518193643753327, 5]
0.0	0	11.439456934815054	[2, 0]	159.10658427728347	[7.280260025598639, 5]
0.0	0	45.99228716035872	[2, 0]	115.79388134308505	[2.411667109170617, 5]
0.0	0	44.60061691258647	[2, 0]	112.77364954593187	[2.1002048734230634, 5]
0.0	0	41.683770075202716	[1, 0]	120.21883751175389	[7.137635628254005, 5]
0.0	0	47.273393462130265	[1, 0]	165.89040882513115	[3.1931249496729412, 5]
0.0	0	12.983241736188727	[1, 0]	137.0003324264037	[3.2842252652319366, 5]
0.0	0	33.32447197205723	[1, 0]	119.3065582583486	[5.155264988843342, 5]
0.0	0	28.23033725958041	[1, 0]	125.88148650157555	[6.657658402991861, 5]
0.0	0	44.46266613912006	[2, 0]	136.55069926638862	[6.814290547437748, 5]
0.0	0	43.617180486691105	[2, 0]	110.33634349456577	[7.555520250422268, 5]
0.0	0	17.53579906186485	[1, 0]	138.20175461962822	[2.7755038919138584, 5]
0.0	0	15.22096962260243	[2, 0]	114.49418745947101	[2.2853876066775145, 5]
0.0	0	31.699922994631734	[2, 0]	113.17201546419355	[1.5705437412756937, 5]
0.0	0	19.364953759384147	[1, 0]	168.30180875502253	[2.552180991932364, 5]
0.0	0	37.84734626419691	[1, 0]	175.42682519794596	[2.274835498628635, 5]
0.0	0	29.389165134632343	[2, 0]	127.3367020392957	[3.53807097890837, 5]
0.0	0	44.94304964715511	[2, 0]	107.33480866488173	[6.5000986520157875, 5]
0.0	0	46.75455680180998	[2, 0]	168.53807192723127	[2.1959886823166554, 5]
0.0	0	48.748564484876916	[1, 0]	160.57759428965056	[7.972525562728369, 5]
0.0	0	46.234120101688404	[1, 0]	169.41323151603	[2.4137007778785105, 5]
0.0	0	19.18372504476764	[2, 0]	138.7646305974351	[4.7685742245347384, 5]
0.0	0	35.6488434065967	[1, 0]	103.89334714611127	[6.590237736641312, 5]
0.0	0	34.28007537410758	[1, 0]	91.38725325584939	[5.2214638289188535, 5]
0.0	0	14.57101971421955	[2, 0]	178.69525985467314	[3.4469597625563497, 5]
0.0	0	17.2678218325866	[1, 0]	134.14759823598277	[7.255376774481757, 5]
0.0	0	17.389537715597534	[2, 0]	154.3786844245082	[7.070205096540905, 5]
0.0	0	22.472819448812704	[1, 0]	128.98908302927444	[6.09118667121224, 5]
0.0	0	33.93248521465357	[1, 0]	122.66636397100832	[6.779359639804426, 5]
0.0	0	48.79006744407633	[2, 0]	169.28423010282592	[2.019831105712798, 5]
0.0	0	47.79203707268344	[1, 0]	136.03178135536177	[8.29269314640133, 5]
0.0	0	25.116049982923165	[1, 0]	101.10119449020601	[4.103182490353001, 5]
0.0	0	25.612156227591655	[2, 0]	99.6869480764187	[5.001198597274871, 5]
0.0	0	40.2836341053737	[2, 0]	146.52784625399102	[8.015769316981764, 5]
0.0	0	10.904756211996013	[2, 0]	106.80048981401045	[2.1697933553132436, 5]
0.0	0	43.182433909208	[2, 0]	171.03890695029236	[2.183882304558998, 5]
0.0	0	30.40358930783357	[2, 0]	174.89053562857072	[3.0642346442531134, 5]
0.0	0	33.410633037536904	[2, 0]	166.3121068991311	[6.243296645180087, 5]
0.0	0	40.039813516018114	[1, 0]	121.96168030220146	[4.289389276209092, 5]
0.0	0	25.849516779867198	[2, 0]	162.94994805398454	[5.773093919213809, 5]
0.0	0	39.47211953842609	[1, 0]	109.13404348243395	[3.0953820378205665, 5]
0.0	0	16.05453475961653	[1, 0]	133.43411755316595	[2.243891663716879, 5]
0.0	0	46.77962878290815	[2, 0]	94.69205178826951	[7.173627824226362, 5]
0.0	0	25.336176616929492	[2, 0]	126.883740874599	[1.5439186808560186, 5]
0.0	0	37.95284555379863	[1, 0]	134.4144223088886	[8.09444453913371, 5]
0.0	0	45.96271426153869	[1, 0]	103.34363611099715	[5.658270265458865, 5]
0.0	0	26.886500020099998	[1, 0]	131.68211759648077	[7.763545516565528, 5]
0.0	0	20.17168867533666	[1, 0]	163.09578124430197	[3.684894496904504, 5]
0.0	0	20.950512983050356	[2, 0]	93.66136053505495	[5.505329588463526, 5]
0.0	0	41.84643432326448	[1, 0]	115.56400711353454	[6.82991300997049, 5]
0.0	0	30.00147091443501	[2, 0]	107.1518525843417	[3.7950578198605163, 5]
0.0	0	38.142801063831186	[2, 0]	169.04858390854156	[4.863989329632934, 5]
0.0	0	26.660933177572378	[2, 0]	161.1113138367361	[1.531174169495749, 5]
0.0	0	37.21303297572767	[1, 0]	109.38418645276901	[4.377936120027145, 5]
0.0	0	16.100533066098937	[1, 0]	112.46306963396978	[1.556772268691238, 5]
0.0	0	37.64375777816288	[1, 0]	112.93391407364558	[5.47924294280277, 5]
0.0	0	36.275295976768916	[2, 0]	159.30466417264097	[4.1447702809386895, 5]
0.0	0	10.491346747662417	[1, 0]	104.5332216995854	[7.096070686062298, 5]
0.0	0	35.22746873593274	[1, 0]	145.52329694073094	[2.2218874421424584, 5]
0.0	0	36.34891099770302	[2, 0]	162.35922481162788	[5.795571183190997, 5]
0.0	0	37.670108771278045	[2, 0]	164.43070657406003	[4.4392308458006955, 5]
0.0	0	14.681078429274645	[1, 0]	164.76373476708812	[5.212022995497973, 5]
0.0	0	32.79119892185295	[2, 0]	161.03845393194752	[6.840435888009987, 5]
0.0	0	37.55946791375861	[1, 0]	162.3504809044683	[4.779528236898169, 5]
0.0	0	27.79952025647322	[2, 0]	126.74905568297402	[2.5938257637522133, 5]
0.0	0	42.6230529446299	[1, 0]	113.65602304585389	[5.242764557111364, 5]
0.0	0	47.55235441251438	[2, 0]	174.4041351010999	[2.5379220272749645, 5]
0.0	0	28.486323754993172	[1, 0]	141.02400037597596	[6.499882415278804, 5]
0.0	0	47.07060548607871	[2, 0]	116.16720780125979	[6.15163133449587, 5]
0.0	0	40.42926142338908	[1, 0]	167.9194313034254	[1.556376865366564, 5]
0.0	0	28.803328612901534	[1, 0]	138.7688454793323	[1.8808823971818454, 5]
0.0	0	47.616411857767254	[1, 0]	170.07836114993503	[5.176145780205112, 5]
0.0	0	39.20394266340059	[1, 0]	137.33787460038377	[3.3465754444403064, 5]
0.0	0	32.14875887581646	[1, 0]	128.25627103602338	[3.6291806129146624, 5]
0.0	0	41.12525848954671	[1, 0]	165.80399154274556	[6.974543183947712, 5]
0.0	0	24.239039059678834	[1, 0]	147.9224981619772	[4.110811336420436, 5]
0.0	0	13.365582409770065	[2, 0]	97.65690868459633	[4.635335601417973, 5]
0.0	0	27.61891517503538	[1, 0]	112.80613653000034	[5.200305520323481, 5]
0.0	0	17.677644670865202	[2, 0]	139.49901380213956	[3.557096607088062, 5]
0.0	0	23.860559767601433	[1, 0]	89.94868594207914	[3.425029425553159, 5]
0.0	0	41.27850431603965	[2, 0]	167.8389267426144	[2.8639392987691097, 5]
0.0	0	28.83006263853108	[1, 0]	162.6202692856114	[4.349746099795054, 5]
0.0	0	33.056212149726484	[2, 0]	139.80781684589303	[2.792858904706219, 5]
0.0	0	23.821093604051992	[2, 0]	101.06581338392871	[1.9508506069280993, 5]
0.0	0	25.37718695828086	[1, 0]	176.34691949323584	[4.796127579325814, 5]
0.0	0	10.981107569102274	[2, 0]	177.17518271571703	[3.5412470903638864, 5]
0.0	0	39.1364638635193	[2, 0]	90.21229104250523	[4.910191188191979, 5]
0.0	0	28.199646063023053	[1, 0]	177.64499986619745	[2.3415947964650483, 5]
0.0	0	17.479333863635784	[2, 0]	161.30327138579156	[5.432863908746558, 5]
0.0	0	29.12475791239747	[2, 0]	122.56631241931387	[4.501646593671778, 5]
0.0	0	20.389222610792537	[2, 0]	175.70471957016565	[4.51245557717824, 5]
0.0	0	30.799142322296607	[2, 0]	136.96530985670262	[3.6268569877673262, 5]
0.0	0	43.29500968173695	[2, 0]	103.47805330126141	[1.770484294697986, 5]
0.0	0	20.782117143099498	[1, 0]	118.60657339057357	[2.3677332805736495, 5]
0.0	0	13.775200846092982	[1, 0]	100.83913928589084	[2.4167100211892243, 5]
0.0	0	45.774385262873814	[2, 0]	152.12215997105906	[2.4011872325809147, 5]
0.0	0	30.17432865168076	[2, 0]	121.72456677515716	[7.596778427931912, 5]
0.0	0	16.94877146584767	[2, 0]	167.22975767267943	[4.220967548870399, 5]
0.0	0	23.364193329898633	[1, 0]	168.12208811268368	[7.302372087956301, 5]
0.0	0	18.378665758423697	[1, 0]	157.66430729412494	[8.329969842050854, 5]
0.0	0	14.229568695735006	[1, 0]	147.58221982626696	[5.256947662548059, 5]
0.0	0	30.77008940510326	[2, 0]	104.92983511652646	[1.9379649166028894, 5]
0.0	0	23.238993535702402	[2, 0]	112.63463171955728	[6.4164858300144445, 5]
0.0	0	12.726053814120624	[2, 0]	126.3918117477269	[2.325127973538989, 5]
0.0	0	18.317909422810644	[1, 0]	166.24041531778775	[4.596226526180875, 5]
0.0	0	16.475568466085893	[1, 0]	107.82363579924709	[2.2233899919630624, 5]
0.0	0	29.23410665208982	[1, 0]	95.22126862567477	[4.095008922276563, 5]
0.0	0	27.894582296266726	[2, 0]	112.18727672264514	[2.3411180677022427, 5]
0.0	0	32.56386846366683	[1, 0]	173.2291366741284	[4.88293595998134, 5]
0.0	0	31.863849989894945	[1, 0]	150.44928622494464	[1.860890440041232, 5]
0.0	0	15.290144162944745	[2, 0]	137.02728270181967	[4.31552231234826, 5]
0.0	0	45.63639260950693	[1, 0]	171.1370379616878	[5.304425758980346, 5]
0.0	0	27.575328477398656	[1, 0]	175.96410785321325	[1.6512390002853814, 5]
0.0	0	19.709024903709775	[1, 0]	145.94686349188086	[7.627387690440823, 5]
0.0	0	31.278398469176118	[2, 0]	118.55682772376984	[4.960909259115595, 5]
0.0	0	43.65902537767524	[2, 0]	162.94288672666332	[5.872090208355577, 5]
0.0	0	18.67615872121872	[2, 0]	101.0152834778871	[5.704098578626984, 5]
0.0	0	22.594366110149366	[1, 0]	111.30917024015858	[1.9404938539476722, 5]
0.0	0	38.34308111045054	[2, 0]	101.169758528516	[5.648631774403027, 5]
0.0	0	21.637729784252464	[2, 0]	126.8446687855276	[5.363510239160528, 5]
0.0	0	29.70868827099951	[1, 0]	136.09397807740837	[3.121184802546386, 5]
0.0	0	12.282267464542219	[1, 0]	168.54036899933965	[6.185785142861254, 5]
0.0	0	35.0987427968152	[1, 0]	135.04339031157824	[1.6488636361001177, 5]
0.0	0	31.037423709847747	[1, 0]	106.7668862593496	[2.8350666661278012, 5]
0.0	0	32.277669097127145	[2, 0]	104.65636966941207	[4.163971737976373, 5]
0.0	0	34.893993118886584	[1, 0]	114.57910722635643	[3.229585127024778, 5]
0.0	0	43.55332072530387	[1, 0]	173.80585248410455	[2.065528461918335, 5]
0.0	0	38.11741621076879	[2, 0]	92.29269339615443	[2.0489442876429758, 5]
0.0	0	44.653297673946284	[1, 0]	119.42431694696597	[6.78138237652781, 5]
0.0	0	30.454813608380935	[1, 0]	176.96581420698166	[3.428966005818741, 5]
0.0	0	26.885131793219124	[1, 0]	136.12307138883943	[4.865041137326989, 5]
0.0	0	24.069265647794687	[1, 0]	166.73674197566442	[3.1957116033437303, 5]
0.0	0	14.420881964193898	[2, 0]	110.27610621539046	[1.8804729011319143, 5]
0.0	0	20.61640229986894	[1, 0]	158.02112702712503	[2.9379659400036306, 5]
0.0	0	35.73242417621449	[2, 0]	104.11665374322017	[6.71737504247086, 5]
0.0	0	16.720282663783873	[2, 0]	95.57298386845282	[2.806610644228038, 5]
0.0	0	44.06826691073381	[2, 0]	139.7247504828404	[5.162831253610393, 5]
0.0	0	17.258956685289576	[1, 0]	140.931475902411	[7.7597964231937535, 5]
0.0	0	26.88361129849213	[2, 0]	104.9363729016454	[6.215826419020747, 5]
0.0	0	16.21802011959328	[1, 0]	94.35335053122404	[6.0115452853805085, 5]
0.0	0	38.34256200291742	[2, 0]	108.68694496268569	[7.077048335332033, 5]
0.0	0	32.35485741416109	[2, 0]	95.8016259537195	[2.7126546683926507, 5]
0.0	0	41.49298285354392	[2, 0]	154.17019817261445	[3.981684997828269, 5]
0.0	0	15.154663885100273	[2, 0]	130.39926060707342	[7.62102550945542, 5]
0.0	0	27.620727960947182	[2, 0]	168.5291041650557	[2.6710496994968818, 5]
0.0	0	37.28500437902814	[1, 0]	98.93265645195847	[2.3243233083541144, 5]
0.0	0	46.840065234085515	[1, 0]	156.24209533604477	[5.24325249486533, 5]
0.0	0	18.546032439382337	[2, 0]	112.44714778872464	[2.309434216036408, 5]
0.0	0	28.101181526210908	[2, 0]	123.12452983927655	[6.138556704464924, 5]
0.0	0	23.359906555815748	[2, 0]	145.38967007451654	[3.591143299378312, 5]
0.0	0	21.849751903622206	[2, 0]	99.13681989336608	[5.55086209253125, 5]
0.0	0	26.990075943197855	[2, 0]	178.7128883640072	[5.4160364344364, 5]
0.0	0	36.259275386313874	[2, 0]	136.80152545621462	[2.4108088697560204, 5]
0.0	0	20.44053806008816	[2, 0]	137.08933051064693	[4.819637975188595, 5]
0.0	0	17.748729429283678	[1, 0]	99.35511421399528	[6.731634845411371, 5]
0.0	0	49.47470213515555	[1, 0]	98.64532164023815	[2.225833637436212, 5]
0.0	0	44.61149187272425	[2, 0]	93.41396960623119	[7.405468893794173, 5]
0.0	0	49.058589718799205	[2, 0]	173.26513744662626	[6.698075382962947, 5]
0.0	0	49.316878641168884	[1, 0]	171.40370467474287	[5.703411395436919, 5]
0.0	0	27.412083053305068	[1, 0]	144.16341188721645	[2.748723187429803, 5]
0.0	0	13.374633396392607	[2, 0]	167.9372433676577	[5.068994232264609, 5]
0.0	0	26.863274192357594	[1, 0]	135.88382745567364	[6.842945501168345, 5]
0.0	0	32.068266040363746	[2, 0]	159.63756979916099	[6.692332671491967, 5]
0.0	0	20.65965977736255	[2, 0]	137.12645555467333	[3.9191120039929586, 5]
0.0	0	40.483710710375554	[2, 0]	99.6534438485211	[7.996214738455615, 5]
0.0	0	38.825875259676565	[1, 0]	106.25872678961949	[3.0618361516441994, 5]
0.0	0	41.807264268735395	[1, 0]	105.15050168405484	[2.927782965102835, 5]
0.0	0	43.89842513817565	[1, 0]	89.36396064415281	[2.7496088495379016, 5]
0.0	0	18.761094478426404	[2, 0]	163.09916436101318	[2.3592566085294258, 5]
0.0	0	17.641234817079624	[2, 0]	150.73887607269887	[6.2181354642486575, 5]
0.0	0	32.9029493495332	[1, 0]	155.44250920190277	[5.988156993792994, 5]
0.0	0	20.863192438668985	[1, 0]	120.7084615600525	[2.501415384049225, 5]
0.0	0	46.77495935822059	[2, 0]	134.8613141693963	[2.926705414273525, 5]
0.0	0	21.696151274676136	[1, 0]	167.32309749636292	[4.037984358049344, 5]
0.0	0	34.66742449823473	[2, 0]	122.56442158124507	[7.53039372401358, 5]
0.0	0	24.63712816334818	[2, 0]	120.60546922038688	[1.4324735421472177, 5]
0.0	0	32.36273596793369	[2, 0]	96.45004058891405	[4.87279821933887, 5]
0.0	0	11.51704218749635	[1, 0]	148.65188152977748	[8.051966490023128, 5]
0.0	0	16.258597415990046	[2, 0]	158.9078117940479	[1.4270378779234456, 5]
0.0	0	31.189710558567985	[2, 0]	122.551092232929	[2.0184185635309935, 5]
0.0	0	42.618058285888765	[1, 0]	143.43922537574144	[4.153862320321924, 5]
0.0	0	33.44608915051139	[2, 0]	126.36205198341408	[3.594194954077864, 5]
0.0	0	22.618049541157824	[2, 0]	138.31913841122207	[6.646506569935889, 5]
0.0	0	11.377411191646722	[2, 0]	176.0281256331886	[6.8348891784847, 5]
0.0	0	27.031352390938398	[1, 0]	95.57456866950173	[5.74842319569227, 5]
0.0	0	40.936065786901324	[1, 0]	176.24251010970593	[3.886567596208789, 5]
0.0	0	29.02078315234695	[2, 0]	109.19123294013353	[6.7318524136791025, 5]
0.0	0	33.95460010094779	[1, 0]	145.02379475972995	[8.09149264270496, 5]
0.0	0	43.745140826224045	[1, 0]	157.12828149098584	[5.383614795789935, 5]
0.0	0	32.4803540945276	[1, 0]	122.56859241104488	[7.270659850853536, 5]
0.0	0	17.04358522955549	[1, 0]	168.10350139821904	[1.7430390457217628, 5]
0.0	0	44.44364175001134	[2, 0]	145.14400638958855	[8.125061962405876, 5]
0.0	0	24.95510196043737	[2, 0]	128.5230955530643	[4.555417875499693, 5]
0.0	0	26.386647131782524	[2, 0]	122.15064956088551	[7.324462527049293, 5]
0.0	0	33.02037841038355	[1, 0]	98.85803237044863	[4.632466912777943, 5]
0.0	0	47.31291801040547	[2, 0]	131.02050082943293	[6.935938929257132, 5]
0.0	0	47.3566673778023	[1, 0]	105.95129192061808	[6.5521694361258, 5]
0.0	0	43.282280279333364	[1, 0]	140.3499676204406	[1.9961321117153332, 5]
0.0	0	11.063484470034348	[1, 0]	175.31314350063386	[2.5114705642288273, 5]
0.0	0	32.34722945552131	[1, 0]	176.15124007153497	[5.146127284063489, 5]
0.0	0	31.403169097747472	[1, 0]	106.15427863226486	[5.317848286101189, 5]
0.0	0	34.0973064975048	[1, 0]	147.21122580969978	[3.04511129812702, 5]
0.0	0	21.18048089967937	[1, 0]	91.98838802833289	[7.634734223397416, 5]
0.0	0	15.911035829246018	[2, 0]	103.03117803778963	[6.738643797845671, 5]
0.0	0	44.57085784393121	[2, 0]	134.93063419080792	[7.2622907123814135, 5]
0.0	0	44.85998788615863	[2, 0]	97.32639021451239	[4.796566671214966, 5]
0.0	0	30.377013050087175	[2, 0]	89.80713372115714	[2.623592158704673, 5]
0.0	0	18.68816847088034	[1, 0]	146.2968018994944	[4.06128522615342, 5]
0.0	0	13.857425631705983	[1, 0]	109.2765460927961	[7.650137650881993, 5]
0.0	0	13.038233079829473	[1, 0]	146.47507266100965	[3.1376409996065955, 5]
0.0	0	46.97213458860695	[1, 0]	143.7055507865466	[7.177314677443322, 5]
0.0	0	20.05848180564354	[2, 0]	112.5789550370235	[2.1922892323396304, 5]
0.0	0	33.67206944053401	[1, 0]	116.46575250462142	[4.8124638553368335, 5]
0.0	0	40.129702522986236	[2, 0]	117.61563219197579	[7.1706581997975825, 5]
0.0	0	32.19495249992089	[2, 0]	173.61383511049348	[3.347254678761721, 5]
0.0	0	30.175139835538573	[2, 0]	125.79417503433037	[1.9339586802892732, 5]
0.0	0	23.108610064567735	[2, 0]	121.47452788059563	[1.5328739175225332, 5]
0.0	0	18.960158351653686	[2, 0]	134.79239530867014	[7.246749601824343, 5]
0.0	0	46.41281994224064	[1, 0]	115.23774613325395	[6.715004046212997, 5]
0.0	0	47.954102560686884	[1, 0]	134.3979997277584	[3.141569817912461, 5]
0.0	0	41.395555535687954	[1, 0]	178.07480299634705	[7.611323733651036, 5]
0.0	0	22.271201531802454	[2, 0]	152.66999453568621	[6.500393784427565, 5]
0.0	0	34.76941908779796	[2, 0]	152.84415063426673	[5.554135419124461, 5]
0.0	0	28.380857567586055	[1, 0]	91.63515806826513	[4.5657985484009505, 5]
0.0	0	22.18359158245797	[1, 0]	141.06461540550583	[7.486197510824168, 5]
0.0	0	10.821650650130188	[1, 0]	114.27437836169706	[8.12131177245517, 5]
0.0	0	39.23598194999643	[1, 0]	122.28439580843205	[6.716474542444559, 5]
0.0	0	14.075590088734376	[1, 0]	169.6634809061313	[6.5735689449692725, 5]
0.0	0	35.22996959755076	[1, 0]	162.85870514077453	[6.743761057575881, 5]
0.0	0	31.850479123723478	[1, 0]	154.30237367190315	[7.56571389913446, 5]
0.0	0	36.42925336928598	[1, 0]	125.02278586005576	[4.659368888838298, 5]
0.0	0	33.213141077368526	[1, 0]	174.1350201940083	[6.599408239629322, 5]
0.0	0	40.284256426547046	[2, 0]	154.381433852824	[7.964028199655601, 5]
0.0	0	41.9105422870837	[1, 0]	134.48077145938362	[5.8042582403657965, 5]
0.0	0	32.2622886791376	[2, 0]	168.4627062675507	[1.626106957188719, 5]
0.0	0	10.621116950274839	[2, 0]	114.87289051586055	[6.993877069064097, 5]
0.0	0	13.22473192085054	[2, 0]	93.66524817857545	[3.7194406204876187, 5]
0.0	0	26.36697154556527	[1, 0]	94.66160022995463	[2.9464174070566496, 5]
0.0	0	38.02926383765428	[2, 0]	104.1072297079908	[1.4879472492891594, 5]
0.0	0	49.110584517618335	[1, 0]	134.91112709527462	[5.832252383620266, 5]
0.0	0	49.92744792376196	[2, 0]	161.62098863938294	[7.924437334200796, 5]
0.0	0	48.08926182770323	[1, 0]	149.1030529856861	[4.307449462026739, 5]
0.0	0	17.780593998586234	[2, 0]	92.19020351663582	[4.850854158659347, 5]
0.0	0	22.95784434061229	[1, 0]	109.27488506439282	[2.6181478631967665, 5]
0.0	0	36.21467305136485	[2, 0]	171.90812874660776	[8.000021004723576, 5]
0.0	0	44.17281693773315	[2, 0]	152.03467552983713	[3.1621712717690844, 5]
0.0	0	33.927091273752076	[2, 0]	173.76403235227258	[6.103835962084685, 5]
0.0	0	16.01087535587626	[2, 0]	144.8454365290616	[3.6256081082144656, 5]
0.0	0	12.436374613169123	[1, 0]	136.10356149651528	[4.820977806904931, 5]
0.0	0	27.379373232394165	[2, 0]	132.84742919452583	[4.5266089970159555, 5]
0.0	0	25.228520722968025	[2, 0]	150.27567249805324	[7.694855293084179, 5]
0.0	0	10.49993038477987	[1, 0]	132.13435333687184	[6.17065372642707, 5]
0.0	0	16.482220584577412	[1, 0]	144.77909433328045	[6.280115625575734, 5]
0.0	0	14.99805683660215	[1, 0]	96.62954773836844	[8.223318512486104, 5]
0.0	0	20.66044903647186	[1, 0]	176.5821511214079	[5.4413988567841525, 5]
0.0	0	42.740479670939756	[1, 0]	177.67935351487165	[1.3952108142952868, 5]
0.0	0	36.15851960334215	[2, 0]	145.46267537456805	[5.127895477344128, 5]
0.0	0	20.984020844725674	[2, 0]	115.58002896162166	[7.87923316342028, 5]
0.0	0	46.196667384318204	[1, 0]	109.80561706114716	[4.3378798351654435, 5]
0.0	0	32.6494978840704	[1, 0]	148.61423827407054	[3.927486851139673, 5]
0.0	0	40.17036646830745	[1, 0]	129.83917008163496	[6.076304043862722, 5]
0.0	0	28.227041339480042	[2, 0]	160.72712614737014	[4.598821632558942, 5]
0.0	0	28.38538549950331	[1, 0]	137.1827053941383	[6.4930557946373595, 5]
0.0	0	21.471739441379025	[2, 0]	108.66267451180042	[8.141559386924158, 5]
0.0	0	49.05114826697194	[2, 0]	142.1868924741716	[6.816797210822394, 5]
0.0	0	23.404631855681497	[1, 0]	102.85700147145567	[6.186205075271249, 5]
0.0	0	24.83727464532947	[1, 0]	113.75732225986253	[3.1716386246731454, 5]
0.0	0	22.424563561045453	[2, 0]	160.7728889384896	[7.083351494563322, 5]
0.0	0	28.056743056168123	[1, 0]	95.21095355996043	[6.419419067986876, 5]
0.0	0	43.302371584155885	[1, 0]	91.24020035521939	[4.053321797926555, 5]
0.0	0	30.857771376007683	[2, 0]	148.02873237891336	[6.363615604054391, 5]
0.0	0	27.03994799154998	[2, 0]	162.5569314958091	[3.745681319887511, 5]
0.0	0	38.72826335427472	[2, 0]	133.77885200309316	[5.293557334780614, 5]
0.0	0	25.472347115169978	[2, 0]	153.63272534204964	[3.7767362243163864, 5]
0.0	0	41.413449004031634	[1, 0]	174.84280468437473	[7.086126776343694, 5]
0.0	0	34.72007008964294	[1, 0]	119.67755331736873	[6.713977861159602, 5]
0.0	0	33.88978986329344	[2, 0]	164.3909122948553	[7.433256669323499, 5]
0.0	0	39.78017380739421	[1, 0]	162.70331459625268	[2.655375488126084, 5]
0.0	0	32.520198755340225	[2, 0]	121.15765766303292	[5.551660298284301, 5]
0.0	0	37.575295396675536	[1, 0]	177.04527372598426	[2.5582762745710075, 5]
0.0	0	25.02526374635262	[2, 0]	144.43539698654538	[6.062181654134201, 5]
0.0	0	30.507974584430958	[2, 0]	115.76520599938638	[5.507151409598609, 5]
0.0	0	11.057723920525865	[1, 0]	150.10264565987808	[4.978048081940631, 5]
0.0	0	28.432531281379557	[2, 0]	89.8846030534053	[2.2179647675619925, 5]
0.0	0	22.3844482536831	[2, 0]	139.25747379944534	[3.0542737906952175, 5]
0.0	0	36.55544018734825	[1, 0]	117.73377935678997	[8.046104313789169, 5]
0.0	0	15.890013495091997	[2, 0]	154.63617449663326	[5.24685035326279, 5]
0.0	0	27.4589020308919	[1, 0]	150.37801837948416	[7.12417365526665, 5]
0.0	0	48.96433601784415	[2, 0]	140.7783177588207	[6.2599136525230294, 5]
0.0	0	42.51642619257524	[2, 0]	97.44191726265123	[2.0652916220371127, 5]
0.0	0	29.56835903769104	[2, 0]	104.87407559874669	[7.694124836896746, 5]
0.0	0	28.5151679640402	[2, 0]	96.11125459322284	[1.4370177130690251, 5]
0.0	0	19.40356645391523	[1, 0]	90.08445247995274	[2.211234576147581, 5]
0.0	0	45.11058510896404	[2, 0]	96.620007492466	[3.8079621445018557, 5]
0.0	0	47.1780275848142	[2, 0]	147.8169516632268	[5.247022432241437, 5]
0.0	0	18.80892772582257	[2, 0]	109.53507154117193	[2.6832905946996095, 5]
0.0	0	29.4170216539557	[2, 0]	95.37324526836139	[5.069533258898873, 5]
0.0	0	12.168053967611112	[2, 0]	101.39396253856725	[1.462828834195144, 5]
0.0	0	11.688659987810112	[2, 0]	166.9194213280693	[2.8756135415516315, 5]
0.0	0	23.974101243210665	[2, 0]	108.0581823536759	[3.6174893832055126, 5]
0.0	0	31.853044468105526	[1, 0]	131.9803621714947	[4.818200207654558, 5]
0.0	0	25.450270658884122	[1, 0]	94.38537090167252	[2.224028594887412, 5]
0.0	0	48.09722945887993	[2, 0]	105.13340922908966	[4.155546967361709, 5]
0.0	0	21.19212054634915	[1, 0]	177.29682335441754	[3.2158623096001384, 5]
0.0	0	38.014267994959155	[2, 0]	127.22419442952568	[2.8279228514909476, 5]
0.0	0	30.82864261581175	[1, 0]	128.23327243616248	[5.965150441246124, 5]
0.0	0	15.457693333573845	[2, 0]	150.0937650353652	[3.3121049075110243, 5]
0.0	0	24.69533759400179	[2, 0]	141.5781204079706	[4.12250826552594, 5]
0.0	0	31.778471184602076	[1, 0]	99.6042900053423	[2.7736114777475356, 5]
0.0	0	15.953465718583717	[1, 0]	89.56414582272863	[6.465867020405448, 5]
0.0	0	28.00983654711899	[2, 0]	151.80605173411104	[6.066778690453653, 5]
0.0	0	10.07203919085817	[1, 0]	124.43577000411497	[3.278197404507194, 5]
0.0	0	10.349235141723367	[1, 0]	158.9863096791109	[7.746347118763517, 5]
0.0	0	40.34739730565988	[1, 0]	139.0891744039949	[1.415660879730952, 5]
0.0	0	29.99427079537653	[2, 0]	128.07981006114113	[7.5740846081636946, 5]
0.0	0	29.245646243349146	[2, 0]	170.7459452344627	[5.94473722214792, 5]
0.0	0	26.42384884988634	[1, 0]	123.75966511005844	[1.4004163954765338, 5]
0.0	0	44.95113681168364	[1, 0]	117.76063329455872	[7.256713918588087, 5]
0.0	0	31.058474900739732	[2, 0]	153.38368382682762	[8.12533667444125, 5]
0.0	0	11.566239887943828	[2, 0]	133.73134112599615	[6.404684069536042, 5]
0.0	0	31.212048855749597	[1, 0]	156.11720624218464	[2.0074114297542462, 5]
0.0	0	18.576360090574404	[1, 0]	129.82930289512814	[4.63733245942006, 5]
0.0	0	48.87556867409784	[1, 0]	177.18725283155135	[7.085621074485929, 5]
0.0	0	19.981311882316497	[2, 0]	126.18780947121815	[6.241032248433889, 5]
0.0	0	46.14024113217331	[2, 0]	139.9797793484163	[6.099822173461551, 5]
0.0	0	43.427866083484275	[1, 0]	102.2926588907495	[5.973225588008253, 5]
0.0	0	24.467704422215796	[1, 0]	142.4306648584099	[4.341154068477318, 5]
0.0	0	20.658031772869755	[2, 0]	141.27411904792461	[4.20101743423735, 5]
0.0	0	11.70542318681287	[1, 0]	89.47792010862825	[7.309475523993179, 5]
0.0	0	22.82071847440414	[2, 0]	144.12272938807456	[4.183508116207058, 5]
0.0	0	36.05196341172238	[1, 0]	160.9229460002347	[4.329412635618023, 5]
0.0	0	31.126661977126208	[1, 0]	117.53593109755707	[6.409840381928, 5]
0.0	0	42.80910682490196	[1, 0]	162.98381174752726	[6.733429817812503, 5]
0.0	0	18.65662032381737	[1, 0]	123.12718169474137	[2.3168835412845734, 5]
0.0	0	46.640547640916076	[1, 0]	129.59190642364763	[1.7149651757313986, 5]
0.0	0	47.74517875622147	[1, 0]	138.22921897978688	[2.390847830437983, 5]
0.0	0	22.49989347904339	[1, 0]	145.89704887535794	[8.138860676229331, 5]
0.0	0	22.636524596606133	[1, 0]	94.43183005329574	[3.1975559474155886, 5]
0.0	0	49.438522758914246	[2, 0]	96.79471004519309	[3.518598547573354, 5]
0.0	0	15.892149032892702	[1, 0]	152.00298748385308	[6.656305742883108, 5]
0.0	0	35.05087161171317	[1, 0]	110.18140027101225	[4.622628781915056, 5]
0.0	0	12.948378039945785	[1, 0]	117.18996242598226	[2.1664128204247497, 5]
0.0	0	11.32369470630356	[1, 0]	113.4329901672395	[7.731171854763228, 5]
0.0	0	32.459727203946414	[2, 0]	151.79038180972026	[6.406124553867794, 5]
0.0	0	15.09585426665048	[2, 0]	176.7019935528886	[8.284056371369187, 5]
0.0	0	49.32786623853775	[2, 0]	146.1388711888787	[7.053553497136665, 5]
0.0	0	47.63232397276278	[1, 0]	143.9527047890029	[6.282123479634233, 5]
0.0	0	48.01021126230782	[2, 0]	167.81062541728727	[1.9471044953212573, 5]
0.0	0	19.84894261386874	[1, 0]	142.7737911977534	[3.1623031324016346, 5]
0.0	0	33.837111103353195	[2, 0]	163.49152780088542	[7.059536578196684, 5]
0.0	0	48.664935316335104	[2, 0]	105.86637552456861	[4.33260304858133, 5]
0.0	0	27.05311373420039	[2, 0]	165.59610724054295	[4.015658286964509, 5]
0.0	0	26.45746303170066	[2, 0]	173.7957559111449	[4.204129278991544, 5]
0.0	0	38.4607406936485	[1, 0]	101.94723790441681	[4.30793116908778, 5]
0.0	0	37.06987766382042	[1, 0]	152.69194067639427	[4.21509674105425, 5]
0.0	0	33.94084198400422	[2, 0]	127.65641102873596	[3.7105446325443685, 5]
0.0	0	28.29362705823328	[2, 0]	139.5955941022442	[4.451655648654946, 5]
0.0	0	10.031237257793851	[1, 0]	98.42824397584232	[7.991683034361664, 5]
0.0	0	37.708671678892856	[1, 0]	145.90089667916817	[6.635172759724612, 5]
0.0	0	48.26003542094072	[1, 0]	177.04139333356102	[4.541049095812741, 5]
0.0	0	13.335774875366095	[2, 0]	129.74175295755245	[5.554047069368647, 5]
0.0	0	26.718685392127853	[2, 0]	98.55046480853328	[7.532430002586445, 5]
0.0	0	33.28289860737592	[1, 0]	170.12187326495297	[7.606828518959797, 5]
0.0	0	38.478546691340064	[2, 0]	161.47465611008784	[6.536718228688929, 5]
0.0	0	14.645901054722179	[1, 0]	136.63455906903664	[8.305170892261707, 5]
0.0	0	44.00379635590312	[1, 0]	167.58026356316302	[2.0688608021055677, 5]
0.0	0	15.65978877281153	[1, 0]	134.38524329283817	[2.3341920891659553, 5]
0.0	0	29.018419423743165	[1, 0]	119.89223099885123	[5.370129655764149, 5]
0.0	0	22.570822310295444	[1, 0]	155.80207728341188	[3.9302451119156956, 5]
0.0	0	35.85963733230696	[2, 0]	100.26850502598262	[2.994009321999145, 5]
0.0	0	16.94461286785167	[2, 0]	143.62478308192027	[1.9326883784623907, 5]
0.0	0	49.156426871707076	[2, 0]	157.85535558302104	[5.92608377923923, 5]
0.0	0	10.56637969597815	[1, 0]	165.97782633734394	[4.201692275624408, 5]
0.0	0	35.007808026535805	[2, 0]	168.19898396652277	[6.773007002712277, 5]
0.0	0	23.93806469208205	[2, 0]	102.8890917353239	[7.199169448108113, 5]
0.0	0	27.196853027569645	[2, 0]	156.52005682810568	[1.425960995286117, 5]
0.0	0	21.906974558196215	[2, 0]	153.80221674728062	[5.9346602457989865, 5]
0.0	0	32.47257215068645	[1, 0]	118.9483917505824	[7.830498670596919, 5]
0.0	0	40.6380717692933	[1, 0]	138.1004538398085	[2.807710470537647, 5]
0.0	0	10.5320349610674	[2, 0]	169.62075931635525	[6.460705177354292, 5]
0.0	0	25.105941240770036	[1, 0]	105.54673667206264	[2.6203305663318432, 5]
0.0	0	10.00954478104252	[2, 0]	104.97314616974897	[7.807393318767517, 5]
0.0	0	28.750772205732357	[2, 0]	99.25918789899598	[5.767696315319506, 5]
0.0	0	49.8365879158565	[2, 0]	176.11701153203836	[7.9326702282148425, 5]
0.0	0	15.867474225829593	[2, 0]	137.57212288377278	[2.6018174115159223, 5]
0.0	0	27.84518824936723	[1, 0]	153.11868063858608	[6.307257269400992, 5]
0.0	0	46.29404056595745	[1, 0]	151.2425888468892	[4.100634243649707, 5]
0.0	0	14.219599478526776	[2, 0]	126.08339641126622	[5.358495931474659, 5]
0.0	0	21.314983035288776	[2, 0]	113.07845792698754	[3.7175451399481, 5]
0.0	0	15.62459617599508	[1, 0]	161.60746688506694	[3.3147995163408983, 5]
0.0	0	35.542313887744115	[2, 0]	132.3988821085997	[3.286086171305815, 5]
0.0	0	14.476878460697304	[2, 0]	106.66704787323783	[3.1412825396810558, 5]
0.0	0	27.52819137151834	[2, 0]	117.07144236856823	[4.189611492419247, 5]
0.0	0	49.729853094748435	[1, 0]	123.21325553213565	[3.5746267035486037, 5]
0.0	0	32.10993751666346	[1, 0]	174.10522873997382	[5.311292151669203, 5]
0.0	0	18.076635639401033	[2, 0]	176.99214098411625	[5.386906975268286, 5]
0.0	0	14.471228453793653	[2, 0]	120.14819043205333	[5.302908860973739, 5]
0.0	0	40.409319553842636	[1, 0]	141.59650547479933	[1.427793380405203, 5]
0.0	0	15.65456204278352	[1, 0]	89.5226882008597	[2.0373016195650493, 5]
0.0	0	16.532780442019135	[2, 0]	119.63072243022624	[2.6923296602086775, 5]
0.0	0	31.174476767323068	[2, 0]	129.48940740558305	[4.431304532579541, 5]
0.0	0	33.83610206533251	[1, 0]	166.95740858464234	[4.483614441485171, 5]
0.0	0	34.66609362453411	[2, 0]	104.66949790846459	[4.941047512600589, 5]
0.0	0	17.312099668296362	[2, 0]	97.56679630722314	[6.248026920022838, 5]
0.0	0	48.70871672874358	[2, 0]	178.41355426935542	[5.397981188309795, 5]
0.0	0	23.047024733210364	[2, 0]	98.00291984368329	[4.441020099293356, 5]
0.0	0	22.344480598877798	[2, 0]	146.9595275656547	[5.367536138363747, 5]
0.0	0	42.8707458686868	[1, 0]	94.1980687501335	[4.737460780431323, 5]
0.0	0	25.93301578604458	[1, 0]	123.65095810890683	[6.167031139694391, 5]
0.0	0	39.882458092708326	[2, 0]	153.18729636876873	[7.864366467282229, 5]
0.0	0	33.57177792622745	[1, 0]	134.65422561599814	[5.983726932460844, 5]
0.0	0	29.227581256908334	[2, 0]	104.62071597613792	[6.47473451150507, 5]
0.0	0	37.863857872665946	[2, 0]	170.1938648292682	[2.0587019490925624, 5]
0.0	0	16.973825498316703	[1, 0]	123.59901008817424	[8.116982028013492, 5]
0.0	0	38.13085386647284	[2, 0]	116.7348644862689	[4.300045987970025, 5]
0.0	0	20.685039280485256	[1, 0]	140.35378882246187	[8.113877519319914, 5]
0.0	0	41.70541724551351	[2, 0]	129.47343985649798	[4.069842248870689, 5]
0.0	0	25.215832501823947	[2, 0]	162.43092656959618	[2.727382090575521, 5]
0.0	0	23.65610210693614	[1, 0]	153.2938128287202	[3.937783664557064, 5]
0.0	0	27.865307865403487	[1, 0]	162.71662936273546	[2.7790633865849497, 5]
0.0	0	31.796557510715612	[2, 0]	148.087535220792	[4.955223540238922, 5]
0.0	0	20.42428324153258	[1, 0]	96.27136510887514	[4.150829528392613, 5]
0.0	0	13.667978894486929	[1, 0]	151.57456091449055	[7.009886814373654, 5]
0.0	0	48.13429695353607	[2, 0]	167.86902522233765	[6.512023635953728, 5]
0.0	0	37.0979413732884	[1, 0]	128.37145444131676	[5.873665823908892, 5]
0.0	0	30.074851132300967	[2, 0]	133.24066653348407	[1.7976671137662394, 5]
0.0	0	20.35662744611034	[1, 0]	170.07571655834954	[5.007362560088581, 5]
0.0	0	31.904406523755913	[2, 0]	169.40667623298538	[3.6700687220143395, 5]
0.0	0	24.32079913949451	[1, 0]	162.87132332360213	[5.340987862396248, 5]
0.0	0	12.482069709831897	[1, 0]	90.37596654208292	[4.239453870667496, 5]
0.0	0	13.11349001127487	[1, 0]	129.79649479799397	[7.4099251320564195, 5]
0.0	0	15.906263738448516	[1, 0]	139.63805709139862	[6.115938990626715, 5]
0.0	0	49.73181478408182	[1, 0]	131.4790090253961	[2.307212889542598, 5]
0.0	0	34.316660904869735	[2, 0]	148.72093566805617	[5.3829513430192595, 5]
0.0	0	41.255515568150514	[2, 0]	127.4723203863212	[2.300507757775259, 5]
0.0	0	27.755786498384367	[2, 0]	138.71651495661257	[3.5471967428377864, 5]
0.0	0	37.542338405487854	[1, 0]	167.71045417815958	[1.4032397702871258, 5]
0.0	0	20.753900177660082	[2, 0]	108.27021996880151	[3.9360009153119213, 5]
0.0	0	48.9812180763066	[1, 0]	95.74017133788433	[5.83811440975907, 5]
0.0	0	44.636875708699385	[1, 0]	98.119962374029	[2.084082848579451, 5]
0.0	0	48.74361674871275	[2, 0]	154.38434093056753	[3.4561760319877046, 5]
0.0	0	33.02596039687398	[2, 0]	178.2526189251535	[5.939495592679541, 5]
0.0	0	43.09248944288185	[1, 0]	112.48494718912129	[5.473611922697566, 5]
0.0	0	39.28563618653059	[1, 0]	163.57216847969943	[4.5534384489369115, 5]
0.0	0	33.994041487859946	[2, 0]	140.18858601652502	[4.156690399539475, 5]
0.0	0	29.020762466144514	[2, 0]	100.01561983947275	[5.862224560370206, 5]
0.0	0	42.406236745098205	[1, 0]	135.19996784047174	[3.051736995606967, 5]
0.0	0	22.70143918744015	[2, 0]	102.01181021496146	[1.8877131037869663, 5]
0.0	0	35.93982395214611	[2, 0]	104.89804601027498	[1.4758271251384598, 5]
0.0	0	19.617574140995192	[1, 0]	102.24534651195044	[8.03213990924843, 5]
0.0	0	30.862447048152713	[2, 0]	113.3696143184104	[6.370282882631508, 5]
0.0	0	25.551700938607997	[1, 0]	97.81957803860327	[2.0587008461158542, 5]
0.0	0	37.24669215316425	[2, 0]	133.37446296040878	[6.402037348719519, 5]
0.0	0	45.36655980723128	[1, 0]	109.74240741333631	[6.993585678717693, 5]
0.0	0	43.9168473395289	[1, 0]	160.28937055180364	[3.8482320903336724, 5]
0.0	0	30.232045755676932	[1, 0]	148.9521487833398	[1.6262334175702389, 5]
0.0	0	34.22747234241786	[1, 0]	101.80238465007811	[7.4741808896823585, 5]
0.0	0	40.53218237339168	[1, 0]	107.10256615978244	[4.03192666433588, 5]
0.0	0	13.094628733243763	[1, 0]	114.5196787869407	[2.303871064374839, 5]
0.0	0	14.715039077174602	[1, 0]	131.8225838306625	[2.38270328329074, 5]
0.0	0	16.540278465501174	[1, 0]	111.34300554686641	[3.1999279925700628, 5]
0.0	0	18.537427247364413	[1, 0]	154.23876108090678	[6.168584495975454, 5]
0.0	0	26.0170694020011	[2, 0]	161.02881231720278	[5.7689071701588865, 5]
0.0	0	47.1314866647938	[1, 0]	115.02839725128521	[6.486524326735474, 5]
0.0	0	42.773948312815705	[1, 0]	116.03057441401229	[2.393706699888243, 5]
0.0	0	28.175146275009798	[1, 0]	155.9437866126101	[3.472947214009414, 5]
0.0	0	20.43388914231155	[1, 0]	149.04779491967787	[6.450912323024325, 5]
0.0	0	47.651741501691376	[2, 0]	165.4740726990666	[2.460375924596004, 5]
0.0	0	45.30136536414746	[1, 0]	132.812410159998	[5.755054308644897, 5]
0.0	0	29.41897003290558	[2, 0]	100.43899525203652	[2.373215995011467, 5]
0.0	0	14.5422633280254	[1, 0]	133.59547297848405	[3.6871241884820165, 5]
0.0	0	44.89418549373089	[1, 0]	93.59478346028801	[1.5786783465867622, 5]
0.0	0	10.545458212531448	[1, 0]	156.40485312125892	[7.514036227026344, 5]
0.0	0	10.711509784460286	[2, 0]	117.85688039263901	[3.4747334864690274, 5]
0.0	0	14.617622796834942	[2, 0]	139.13117221161338	[3.548836974095097, 5]
0.0	0	13.112188611793831	[1, 0]	102.56603134696789	[4.408494556559362, 5]
0.0	0	30.18655044911741	[1, 0]	174.12209470011268	[6.691455442010322, 5]
0.0	0	44.095981967446185	[1, 0]	111.43828910996632	[5.253377967036592, 5]
0.0	0	16.021842793718484	[2, 0]	131.894790911489	[6.097200192537522, 5]
0.0	0	17.932763084429055	[2, 0]	169.6315662722393	[3.2288528748393, 5]
0.0	0	40.467837054104585	[2, 0]	115.89818193441917	[4.562229636807841, 5]
0.0	0	36.38946671124263	[2, 0]	132.3258954759231	[2.6795581834825106, 5]
0.0	0	23.453692298498034	[2, 0]	175.47614653313474	[6.282102393461041, 5]
0.0	0	39.88541445838791	[1, 0]	91.84649100837404	[6.6131360531302175, 5]
0.0	0	13.283479277635047	[2, 0]	159.28181292665965	[4.088285660177935, 5]
0.0	0	22.163735597981187	[2, 0]	95.52522589615481	[6.094389438686037, 5]
0.0	0	20.576838204238282	[2, 0]	138.98299569171348	[2.878371618147979, 5]
0.0	0	14.093749819064396	[2, 0]	125.87135957895917	[6.442848545528193, 5]
0.0	0	30.782725371599597	[2, 0]	146.95753889762833	[5.70082974990853, 5]
0.0	0	43.23618531496585	[2, 0]	132.69560084861172	[3.7474832468732067, 5]
0.0	0	45.12040643159807	[1, 0]	94.87136457330436	[5.792145912257514, 5]
0.0	0	49.118022611024294	[2, 0]	128.3366518460098	[7.365110749794412, 5]
0.0	0	13.530111152950305	[2, 0]	106.19188166441467	[5.7338822114756205, 5]
0.0	0	29.13540287540217	[1, 0]	160.27823138308926	[5.947575370042576, 5]
0.0	0	44.06247156871541	[1, 0]	114.11446760986028	[7.278521232955011, 5]
0.0	0	16.719260279162466	[2, 0]	100.4736076536007	[8.088650489836926, 5]
0.0	0	47.47449647637018	[1, 0]	178.9480206039961	[5.972304181579394, 5]
0.0	0	20.262842337010028	[1, 0]	95.10712779137411	[2.974822428378829, 5]
0.0	0	41.137009887976745	[1, 0]	101.64982068693983	[6.858160573123587, 5]
0.0	0	41.36790201461347	[1, 0]	153.63896689275975	[4.17432108130745, 5]
0.0	0	44.58705464548467	[1, 0]	134.64700241656612	[2.3661435485292412, 5]
0.0	0	25.056449310393557	[1, 0]	122.23921045704657	[3.426576279133113, 5]
0.0	0	11.257263619255438	[2, 0]	103.97530821534794	[5.652037021773259, 5]
0.0	0	27.020604825265128	[2, 0]	131.20553985381366	[5.200992039539004, 5]
0.0	0	27.13050765852988	[1, 0]	150.35945750966522	[5.092514724734295, 5]
0.0	0	25.564462542140475	[1, 0]	171.30487854032285	[7.845204556535859, 5]
0.0	0	11.729263235843433	[2, 0]	164.8815681535666	[5.360132806601027, 5]
0.0	0	20.368831343624745	[1, 0]	118.04378847344756	[2.9884129506558192, 5]
0.0	0	26.811116278519734	[2, 0]	172.93548142045645	[2.5276423021311167, 5]
0.0	0	25.818120185415165	[1, 0]	118.98709623234751	[4.4612926792611365, 5]
0.0	0	40.02120839322045	[1, 0]	158.51519133521873	[1.8530618549695708, 5]
0.0	0	27.36754678225505	[2, 0]	113.21079044352601	[2.9330103241429546, 5]
0.0	0	41.07139863800231	[1, 0]	161.1477917787864	[3.623319110869686, 5]
0.0	0	42.503674518630575	[1, 0]	107.25380387678497	[5.921905806311508, 5]
0.0	0	22.741490945232737	[2, 0]	175.93385573323843	[3.106155195171441, 5]
0.0	0	26.687817919237954	[1, 0]	175.7143909373273	[8.16421341722161, 5]
0.0	0	24.10820060808318	[2, 0]	102.19305012442034	[7.71032644998147, 5]
0.0	0	13.650885511043906	[1, 0]	153.76265897367335	[4.005469892738281, 5]
0.0	0	19.8852693038638	[2, 0]	154.0787733888634	[1.5090832952924982, 5]
0.0	0	11.226364547367718	[2, 0]	142.43057982998366	[7.153745734203971, 5]
0.0	0	10.424626024831408	[2, 0]	145.60011924568434	[4.724692110614383, 5]
0.0	0	28.497300282361095	[1, 0]	156.8940667516547	[2.628908079185069, 5]
0.0	0	38.51577240960181	[1, 0]	171.78521991257165	[7.215847399930086, 5]
0.0	0	42.22256765229543	[1, 0]	114.80084460634575	[7.697336111855903, 5]
0.0	0	17.60712459196966	[1, 0]	100.98421218547882	[4.044697408721306, 5]
0.0	0	42.78277766012991	[1, 0]	121.87975581873292	[6.7449853721729776, 5]
0.0	0	39.83437688202079	[1, 0]	128.7829114189613	[5.628381212079381, 5]
0.0	0	20.4267667209474	[2, 0]	126.06965413956527	[4.517890306854874, 5]
0.0	0	44.3736560038657	[1, 0]	115.66013107130208	[6.943195742256586, 5]
0.0	0	38.76184773726172	[1, 0]	157.99460208203482	[1.907464132609153, 5]
0.0	0	13.605994267686018	[2, 0]	140.8784139901152	[2.3392489338905493, 5]
0.0	0	24.683554443823454	[1, 0]	132.3146726668307	[2.1867769644994874, 5]
0.0	0	44.8836969346667	[1, 0]	171.77967122433523	[5.547798107024311, 5]
0.0	0	49.01927617621499	[2, 0]	91.93016820770015	[6.919706125132705, 5]
0.0	0	14.721260896425052	[2, 0]	103.85869273360072	[7.50733826516423, 5]
0.0	0	12.069158078042484	[2, 0]	164.03013685274152	[2.284699065550638, 5]
0.0	0	12.30510836608386	[2, 0]	119.91153669418877	[7.709317262242524, 5]
0.0	0	36.862986071460355	[1, 0]	138.26165270569817	[8.130842748615093, 5]
0.0	0	47.99879995857794	[1, 0]	150.25612624044518	[6.125220869521384, 5]
0.0	0	42.13222586890098	[2, 0]	133.623673760002	[3.752529533013241, 5]
0.0	0	29.45693268554552	[2, 0]	98.94568197325104	[2.689385851407986, 5]
0.0	0	11.232051028156407	[2, 0]	144.88678267632426	[5.737434339989973, 5]
0.0	0	44.66403225284332	[2, 0]	172.03378029734705	[4.386335113149263, 5]
0.0	0	42.78812918594606	[1, 0]	178.969794543478	[2.2716513525740463, 5]
0.0	0	10.61933490297471	[2, 0]	97.82066565432393	[5.368371839193067, 5]
0.0	0	48.72703621840604	[2, 0]	157.33891472487574	[2.0945708627017963, 5]
0.0	0	14.002472743992305	[1, 0]	105.42305224130044	[2.9333075039583423, 5]
0.0	0	25.315555729874397	[1, 0]	138.5729709470275	[1.6647692979504043, 5]
0.0	0	14.685576514081667	[1, 0]	162.17441164192869	[4.544282674484207, 5]
0.0	0	25.097242655956457	[2, 0]	172.86394031860885	[2.7748475751248374, 5]
0.0	0	40.57914808300274	[2, 0]	163.1305150551392	[7.462277711274271, 5]
0.0	0	18.475485247034356	[1, 0]	145.85678280269985	[5.6557016929390285, 5]
0.0	0	43.48385511127449	[2, 0]	98.49015274668196	[4.65413127023093, 5]
0.0	0	37.86883624592208	[1, 0]	134.60183572727166	[2.1193508033714963, 5]
0.0	0	25.64159353456472	[2, 0]	115.02211304044576	[8.035956356145363, 5]
0.0	0	13.47332676573902	[2, 0]	90.80618116195181	[5.690009155844614, 5]
0.0	0	21.07325537317947	[2, 0]	115.01003033814655	[6.386742927599566, 5]
0.0	0	49.50480039715612	[2, 0]	122.43038742348682	[5.559234673533331, 5]
0.0	0	38.526265167899574	[1, 0]	93.1786822424445	[5.85313167070777, 5]
0.0	0	46.928253845831655	[1, 0]	112.5007286232144	[1.6486300764844408, 5]
0.0	0	18.34826843979837	[2, 0]	164.59208003546837	[2.2124059058330703, 5]
0.0	0	48.09425633091167	[1, 0]	129.4947717846647	[7.237718834280904, 5]
0.0	0	46.8186069659248	[1, 0]	133.7276611401815	[7.065560624826908, 5]
0.0	0	47.49523638589865	[1, 0]	134.44533815777132	[6.452662966066117, 5]
0.0	0	48.75226204841959	[2, 0]	94.49195506594137	[4.706410244414336, 5]
0.0	0	48.60169662525996	[2, 0]	90.80066386487205	[3.3963619162399117, 5]
0.0	0	22.053249080730247	[2, 0]	95.43934560137943	[7.5561064609413, 5]
0.0	0	19.843190638514123	[1, 0]	134.95089525191062	[6.172611103125612, 5]
0.0	0	42.66168443396321	[2, 0]	171.7689539501012	[8.049862486486685, 5]
0.0	0	24.97695787510462	[1, 0]	161.20775017741693	[5.965666244069244, 5]
0.0	0	42.98647835479586	[2, 0]	120.74746305905728	[6.099618055172647, 5]
0.0	0	28.908643837788727	[1, 0]	116.30434670686881	[6.245783156468251, 5]
0.0	0	30.77721629456102	[2, 0]	119.56624660648573	[4.2067540988862655, 5]
0.0	0	26.58364633085693	[2, 0]	100.55078413487053	[3.5378800008765423, 5]
0.0	0	28.100216945986524	[2, 0]	109.83943262679098	[5.107921928552313, 5]
0.0	0	36.448477404647775	[2, 0]	175.78886353431258	[6.868925373030828, 5]
0.0	0	17.178395253818255	[1, 0]	115.90906626825414	[7.6977334539892865, 5]
0.0	0	22.786649926012092	[1, 0]	139.37553987657537	[2.185137253458838, 5]
0.0	0	21.58563987982678	[2, 0]	137.6438292759188	[3.8402600330498413, 5]
0.0	0	30.92922852012547	[2, 0]	170.63405328058434	[6.126614585810803, 5]
0.0	0	10.809715044438645	[1, 0]	93.51914047640159	[2.0092979752104583, 5]
0.0	0	38.367051138629385	[1, 0]	166.87906924475195	[5.919046989572839, 5]
0.0	0	45.64347310307276	[1, 0]	101.91323643632481	[4.452762041607859, 5]
0.0	0	28.252510561053793	[1, 0]	161.11270735537994	[1.6369638496863361, 5]
0.0	0	28.828854339946947	[2, 0]	113.08488539373933	[6.265010169637404, 5]
0.0	0	37.600425776562524	[1, 0]	89.33469157921907	[2.5956114056436017, 5]
0.0	0	45.68245732158358	[2, 0]	114.13654686736606	[6.645302328467277, 5]
0.0	0	13.001947893674323	[1, 0]	160.42881564218752	[2.330809300284959, 5]
0.0	0	38.55003626489492	[1, 0]	149.91134244276395	[4.278757464943087, 5]
0.0	0	40.01107671824227	[1, 0]	177.23296658421796	[1.624448337640328, 5]
0.0	0	20.915905350179	[2, 0]	148.94675117539427	[4.483362303374163, 5]
0.0	0	26.33403477545794	[2, 0]	134.110836240133	[2.8353332739800448, 5]
0.0	0	22.93175641663976	[2, 0]	96.43751377814057	[6.329357487559619, 5]
0.0	0	38.67413518394118	[2, 0]	114.02609951909844	[4.20309057997336, 5]
0.0	0	10.659428406223931	[1, 0]	108.55936005500452	[2.7730093140791805, 5]
0.0	0	47.620188165649296	[1, 0]	145.94362710300695	[6.050295064207293, 5]
0.0	0	48.12849235932324	[2, 0]	142.89723208401938	[7.018158953325612, 5]
0.0	0	48.754925940604096	[2, 0]	101.029200451311	[3.359522621084161, 5]
0.0	0	49.09313295634467	[2, 0]	125.98840027255319	[1.9884635268278283, 5]
0.0	0	27.92638746061119	[1, 0]	93.9175129478185	[6.652296820652399, 5]
0.0	0	43.92801715922356	[2, 0]	139.74772858066157	[2.858705483731627, 5]
0.0	0	27.641561270166367	[2, 0]	135.28733349720514	[8.080176270485374, 5]
0.0	0	29.973043983831484	[2, 0]	92.8898793683739	[3.6939772630479855, 5]
0.0	0	24.86186276175815	[1, 0]	95.76073712369168	[8.273784243467787, 5]
0.0	0	33.3307508128628	[2, 0]	142.23616309340454	[2.919476826227849, 5]
0.0	0	49.22957579048851	[2, 0]	135.89198662983296	[5.040607273255541, 5]
0.0	0	47.14116237777892	[1, 0]	140.2474119281731	[6.043304440395761, 5]
0.0	0	39.41051762854026	[1, 0]	101.3318497690368	[5.767554033822515, 5]
0.0	0	23.455494530635992	[1, 0]	104.02811522532923	[6.371741454086959, 5]
0.0	0	12.669527421594546	[2, 0]	114.31513707084912	[7.57114031729018, 5]
0.0	0	46.02782680522952	[2, 0]	120.97335802174538	[2.3570653509082184, 5]
0.0	0	48.279134197265705	[2, 0]	129.3083530713766	[7.586852456073885, 5]
0.0	0	36.47492002460025	[1, 0]	99.13462779614261	[3.938722362797027, 5]
0.0	0	42.50058159417086	[2, 0]	157.47149899953968	[2.5773174680286726, 5]
0.0	0	41.84873279706973	[2, 0]	119.05194969271662	[3.270495653297048, 5]
0.0	0	35.34169366704329	[2, 0]	160.05206432415963	[2.6965890426400856, 5]
0.0	0	16.446954762997276	[1, 0]	109.88427452765306	[7.974583256877989, 5]
0.0	0	26.275560406113918	[2, 0]	90.90026737798303	[3.720095347777485, 5]
0.0	0	34.76338791272548	[1, 0]	166.9808820157877	[2.2259923576614495, 5]
0.0	0	20.443828907006576	[2, 0]	132.82874398252017	[7.117277628995113, 5]
0.0	0	47.61156489595219	[2, 0]	93.14333909475985	[7.3429311031227815, 5]
0.0	0	24.060394724648283	[2, 0]	173.71036337916613	[5.9199054799733695, 5]
0.0	0	29.56136916927287	[2, 0]	163.5637023516314	[4.436644739646906, 5]
0.0	0	22.051541195515636	[2, 0]	122.65201640247443	[4.695499561526372, 5]
0.0	0	30.237728205842632	[2, 0]	149.2503842869681	[7.995742489116044, 5]
0.0	0	14.342834788327956	[1, 0]	114.5320627654464	[2.908501146288365, 5]
0.0	0	40.878666451941264	[2, 0]	155.32978934292007	[5.672069144566159, 5]
0.0	0	21.118861450183395	[1, 0]	167.6081656918883	[3.5320098985470785, 5]
0.0	0	10.41558413895112	[1, 0]	167.84159769664905	[8.195306969345026, 5]
0.0	0	15.736792837435827	[2, 0]	176.08941442013298	[1.6098980032112467, 5]
0.0	0	30.758624401850415	[2, 0]	100.34324336404818	[7.471172849191282, 5]
0.0	0	16.28844513857287	[2, 0]	92.25387306085345	[7.420514267503986, 5]
0.0	0	39.317070011139634	[2, 0]	102.41496570175654	[8.129113030026387, 5]
0.0	0	32.850700374608294	[2, 0]	100.24168171692574	[2.6058654987008585, 5]
0.0	0	25.28225798040962	[1, 0]	125.59881536561045	[7.521154299001409, 5]
0.0	0	38.96088092520585	[1, 0]	146.76494578903117	[4.535850990375549, 5]
0.0	0	16.426207549787502	[2, 0]	159.05166605729107	[6.55683174584762, 5]
0.0	0	23.568658082260086	[1, 0]	155.3038200710328	[4.083703274822543, 5]
0.0	0	35.28919498035585	[1, 0]	103.41433746399396	[4.649057844205492, 5]
0.0	0	32.75882434556295	[2, 0]	107.85924433825302	[5.042649246554589, 5]
0.0	0	17.905230065401696	[2, 0]	94.06194830917634	[6.805728364188322, 5]
0.0	0	49.47035943849825	[1, 0]	142.79232448182685	[4.2573367411516, 5]
0.0	0	45.24818309364498	[2, 0]	161.74191620137316	[3.404003416068075, 5]
0.0	0	23.731750176066335	[2, 0]	117.6947179224919	[2.953284712272701, 5]
0.0	0	41.99564789002044	[1, 0]	101.86183875162821	[3.59396972702341, 5]
0.0	0	17.705955487527362	[1, 0]	106.5755013349336	[4.907569948298233, 5]
0.0	0	34.63845609053677	[1, 0]	158.70006823456754	[3.947791375449212, 5]
0.0	0	35.99462427495078	[1, 0]	89.89339180019945	[2.9467819429465854, 5]
0.0	0	12.302971018417589	[2, 0]	123.34587016467589	[7.3581155312554145, 5]
0.0	0	14.915135793803923	[2, 0]	168.01899684022888	[3.0010743894416225, 5]
0.0	0	28.101409552375287	[1, 0]	107.60034550878396	[3.6642745476982044, 5]
0.0	0	17.136955677416257	[1, 0]	98.64365071435644	[1.8325156249418317, 5]
0.0	0	48.33830478975779	[1, 0]	163.53835538351333	[4.985630350684275, 5]
0.0	0	12.988914361424433	[1, 0]	93.99010074744086	[4.52340665336939, 5]
0.0	0	10.804784949676483	[1, 0]	124.68841263264503	[7.583929907377775, 5]
0.0	0	16.680346365905343	[1, 0]	119.64045069042058	[2.0192104373364295, 5]
0.0	0	43.46133408461097	[2, 0]	110.04177241979453	[4.696103800995555, 5]
0.0	0	21.475591694005608	[1, 0]	106.28069005812846	[2.4805008190173066, 5]
0.0	0	32.2933606450569	[1, 0]	111.76687861007159	[6.523772533774388, 5]
0.0	0	19.523773027168073	[1, 0]	108.02831769146414	[4.615160362136514, 5]
0.0	0	39.717686414554976	[2, 0]	137.7795736208351	[6.288448397075573, 5]
0.0	0	44.341880125050814	[2, 0]	122.42298338114668	[7.092837087176487, 5]
0.0	0	15.303512698852082	[2, 0]	132.8033253682967	[2.081002949427889, 5]
0.0	0	25.00932633940518	[2, 0]	154.73547057055333	[4.134589739090962, 5]
0.0	0	35.23715119673975	[1, 0]	90.40151152852422	[3.4504143534654603, 5]
0.0	0	29.05370066544075	[1, 0]	172.54217320066442	[3.953727579242425, 5]
0.0	0	42.37329952917044	[1, 0]	138.17723795171267	[4.141929144280717, 5]
0.0	0	21.74166619972086	[2, 0]	108.08134795097746	[4.00772847976051, 5]
0.0	0	33.406693863804456	[1, 0]	148.18348358454142	[5.157570739666656, 5]
0.0	0	32.83079767468564	[1, 0]	142.84529056117123	[4.257013400570923, 5]
0.0	0	30.950385425493604	[2, 0]	132.6263901446315	[3.2129849591848143, 5]
0.0	0	17.37730247483598	[2, 0]	99.19573470585165	[2.0756691456534466, 5]
0.0	0	30.134039857821207	[2, 0]	91.37941925524902	[5.301804311465927, 5]
0.0	0	41.22714081614292	[2, 0]	100.99054512383347	[5.001259645691102, 5]
0.0	0	47.367845759241	[1, 0]	139.52356092368748	[3.87761110853789, 5]
0.0	0	27.08584633740178	[1, 0]	121.25523744507406	[6.825635466597455, 5]
0.0	0	33.80110268497783	[1, 0]	114.67597673102844	[3.080682428331428, 5]
0.0	0	49.986516548091274	[1, 0]	160.9414892301597	[5.639043112020072, 5]
0.0	0	49.93507572348997	[2, 0]	112.5859274603766	[6.878682548519757, 5]
0.0	0	14.003788336182573	[2, 0]	148.35778800948057	[3.1483442883785946, 5]
0.0	0	41.63794135904241	[1, 0]	116.0562237677723	[4.246388500622784, 5]
0.0	0	41.61958846720212	[2, 0]	167.76233782088042	[7.190030941229185, 5]
0.0	0	45.51759828707529	[2, 0]	145.6199163371825	[3.4432256243505353, 5]
0.0	0	39.77817910125544	[2, 0]	133.85341271421828	[7.562020268321627, 5]
0.0	0	24.793994446052615	[2, 0]	90.87453430536955	[3.2189265633265323, 5]
0.0	0	42.61288408780832	[1, 0]	113.55192514292483	[5.616558603408793, 5]
0.0	0	20.346245402469346	[1, 0]	133.91508323365997	[6.343526113331941, 5]
0.0	0	46.04342607866743	[1, 0]	136.6048206416024	[8.32415119791264, 5]
0.0	0	11.144954096045579	[1, 0]	157.49814109829063	[4.192067307597533, 5]
0.0	0	28.39220220979026	[2, 0]	150.73173885039571	[5.038494410958764, 5]
0.0	0	16.63765444035794	[2, 0]	123.75243700042978	[3.867669977666846, 5]
0.0	0	49.611003039269605	[1, 0]	178.2405587124029	[5.680086883971709, 5]
0.0	0	19.848065098729847	[2, 0]	156.88731177869775	[8.008605015288596, 5]
0.0	0	14.300780459998066	[2, 0]	144.74339256665448	[7.261922942772533, 5]
0.0	0	35.86751310725683	[2, 0]	114.57318770473228	[7.417034229083238, 5]
0.0	0	12.203412459892721	[2, 0]	162.1104425863228	[5.990428378806588, 5]
0.0	0	19.734826799675584	[2, 0]	102.2586020144555	[2.045614038880773, 5]
0.0	0	45.12381506823169	[1, 0]	113.24331681648414	[4.411269656231548, 5]
0.0	0	17.166382972136404	[2, 0]	124.57228038723997	[3.4788417626569856, 5]
0.0	0	45.623589019085834	[2, 0]	114.32387571729987	[5.092416300761242, 5]
0.0	0	33.67713918533887	[2, 0]	117.61321315593271	[6.687965344222082, 5]
0.0	0	39.78068894198515	[2, 0]	101.13842935650786	[2.9133725368487755, 5]
0.0	0	34.462963866073025	[2, 0]	101.38422343649432	[5.903077494788573, 5]
0.0	0	40.73876708982948	[2, 0]	157.83370852253958	[7.672802514350917, 5]
0.0	0	13.167629186419529	[2, 0]	151.4824623690626	[5.581885129422466, 5]
0.0	0	10.480143806955892	[2, 0]	94.05928110030665	[7.651211425941822, 5]
0.0	0	39.8507508550802	[2, 0]	154.6324841631768	[6.010036980314518, 5]
0.0	0	34.11268597602227	[1, 0]	106.34600058004683	[2.985006830918288, 5]
0.0	0	25.681445201935666	[2, 0]	114.46195111766852	[3.07253008168274, 5]
0.0	0	12.825581567983196	[2, 0]	90.6612093839192	[6.69796428221795, 5]
0.0	0	48.79158909603034	[2, 0]	171.93777331338728	[2.354692062005145, 5]
0.0	0	36.42552495023075	[1, 0]	149.57390801417662	[3.6309800680891056, 5]
0.0	0	47.83276469043383	[1, 0]	92.01270955604305	[7.907043067352384, 5]
0.0	0	23.10283150847657	[1, 0]	114.62552972669695	[4.677709589696648, 5]
0.0	0	38.53799183992358	[1, 0]	134.01390902375863	[6.59642074023858, 5]
0.0	0	26.273764504882926	[1, 0]	110.82294027571004	[7.875610934592544, 5]
0.0	0	38.41649194807774	[2, 0]	174.9376821384181	[3.8615137112022766, 5]
0.0	0	46.79112923034525	[1, 0]	109.3048402306985	[6.600809714837388, 5]
0.0	0	27.72043086818716	[2, 0]	177.45380364274024	[1.7754187057105262, 5]
0.0	0	14.783016959601275	[1, 0]	159.02875177913833	[1.8675571929762487, 5]
0.0	0	45.12039508807633	[2, 0]	143.95774893967587	[3.8884257751866107, 5]
0.0	0	37.884843234356495	[2, 0]	126.27536264214342	[4.2362585884763515, 5]
0.0	0	24.461231414725596	[1, 0]	171.67647236465	[5.557908307312594, 5]
0.0	0	49.49719486823476	[1, 0]	160.64833884674871	[1.6280043208160933, 5]
0.0	0	47.99122782268218	[2, 0]	115.4867239661494	[3.9029306638647734, 5]
0.0	0	47.61507771087167	[1, 0]	174.8851633872033	[4.152172851631311, 5]
0.0	0	34.09529795592692	[1, 0]	115.73721198525254	[4.562009479153145, 5]
0.0	0	10.994531743408912	[1, 0]	166.4863262753932	[6.669706395827368, 5]
0.0	0	15.750583443528809	[1, 0]	144.9171454594789	[2.164143353229199, 5]
0.0	0	30.952140259898727	[2, 0]	159.45739679122067	[1.549673133171498, 5]
0.0	0	44.12344569000582	[2, 0]	118.51188457270929	[6.102038741517468, 5]
0.0	0	18.649584423490005	[1, 0]	109.3747792045591	[2.985368201981989, 5]
0.0	0	17.82806075479325	[2, 0]	134.08895425204628	[3.153460159003713, 5]
0.0	0	34.91031656191772	[2, 0]	144.34898350486577	[6.440047160686138, 5]
0.0	0	18.025258472028398	[1, 0]	177.4624933505747	[6.3258272173707555, 5]
0.0	0	49.81933610024194	[2, 0]	173.779991052406	[6.0972414028663895, 5]
0.0	0	21.38967869175983	[2, 0]	155.07293940776856	[2.8510533373430893, 5]
0.0	0	37.84950916943868	[1, 0]	109.9722151640841	[8.120652769699038, 5]
0.0	0	29.43526495468	[2, 0]	173.78829015506022	[3.2977605192357857, 5]
0.0	0	19.09998737227288	[2, 0]	123.20877512898988	[1.918075479760446, 5]
0.0	0	30.12200703819747	[2, 0]	174.68838250689788	[3.23685503453121, 5]
0.0	0	14.961100220234565	[1, 0]	96.88867404687497	[8.124527674596246, 5]
0.0	0	40.46202150880208	[2, 0]	126.85584937461635	[7.394905818855652, 5]
0.0	0	17.058278951594293	[2, 0]	159.7869093700228	[7.602861120898728, 5]
0.0	0	20.13292254831431	[1, 0]	176.87387216137586	[5.711258660499144, 5]
0.0	0	42.43852086526063	[2, 0]	164.79873692604662	[4.574945303071861, 5]
0.0	0	40.39574734592186	[1, 0]	157.48130577570635	[4.260949550973069, 5]
0.0	0	44.56904910110184	[1, 0]	95.31411516983748	[4.451716790946547, 5]
0.0	0	17.70402419792709	[1, 0]	161.84361944933454	[1.8478419246992002, 5]
0.0	0	10.304795942408463	[2, 0]	174.3321139905126	[4.322109884088274, 5]
0.0	0	26.104252027058088	[1, 0]	120.63507824534385	[3.086733068873855, 5]
0.0	0	24.292558242002894	[1, 0]	136.7255248781633	[7.653865498252544, 5]
0.0	0	27.13985118848865	[1, 0]	126.04539521309253	[3.3076794461601673, 5]
0.0	0	34.36667543371178	[2, 0]	173.33033769625055	[1.598668844457548, 5]
0.0	0	16.871867094370266	[2, 0]	100.52771102484189	[1.8841011046971177, 5]
0.0	0	39.61071518361942	[1, 0]	92.46641268956249	[2.1499250072367326, 5]
0.0	0	48.10087651315187	[1, 0]	174.90386754006138	[5.650505785688011, 5]
0.0	0	49.77844172734791	[2, 0]	160.52973109411639	[8.174994209754498, 5]
0.0	0	27.74480590775052	[1, 0]	103.03081237810628	[2.9774506394764306, 5]
0.0	0	44.65788061353928	[1, 0]	141.78049400062733	[3.158013865523043, 5]
0.0	0	18.059441946449603	[1, 0]	101.53659083163951	[3.2011330928739135, 5]
0.0	0	15.82536610208978	[1, 0]	171.7125672872163	[6.691866154844715, 5]
0.0	0	16.039477418039446	[1, 0]	110.13523774574543	[2.496678509438908, 5]
0.0	0	40.53136192594599	[2, 0]	148.42092364508633	[4.007527267972663, 5]
0.0	0	31.096389841690605	[1, 0]	165.9013759325362	[8.210082855581033, 5]
0.0	0	14.429301373215866	[2, 0]	126.16279082879012	[7.898199315269609, 5]
0.0	0	26.9516594923681	[2, 0]	136.87520650964598	[7.200936823026635, 5]
0.0	0	42.649120315505314	[1, 0]	125.60127025316017	[7.905964058612202, 5]
0.0	0	18.85552480206629	[2, 0]	124.11062651772687	[2.1018475988065295, 5]
0.0	0	29.018163127273905	[1, 0]	162.92145589387397	[2.2835916303648163, 5]
0.0	0	28.986765672018663	[2, 0]	171.43594169122602	[4.159627098594738, 5]
0.0	0	39.97094125613486	[1, 0]	109.388663254265	[4.913525662158271, 5]
0.0	0	35.514329467533244	[2, 0]	157.1881484524671	[3.000195994420055, 5]
0.0	0	17.44800853266529	[1, 0]	109.11861418165358	[3.075884591947695, 5]
0.0	0	15.351128262873905	[1, 0]	163.60669721785536	[6.885366383593451, 5]
0.0	0	26.071421682950312	[1, 0]	112.70931863014971	[5.136711960187532, 5]
0.0	0	30.730625276238136	[1, 0]	174.7877563604671	[1.8131289334554024, 5]
0.0	0	24.22048348271826	[1, 0]	144.2167162801585	[1.7448416731158705, 5]
0.0	0	33.688247336837414	[2, 0]	134.66461804395192	[1.4650078215495668, 5]
0.0	0	26.944409463202863	[1, 0]	147.09349051973092	[8.306290182923627, 5]
0.0	0	10.109676075746295	[1, 0]	158.15062689432094	[4.039813674671708, 5]
0.0	0	30.506955378056116	[2, 0]	169.37462886737734	[7.629730527452076, 5]
0.0	0	24.139695225911957	[1, 0]	124.54882186769683	[4.2585557197812705, 5]
0.0	0	37.7712619334748	[2, 0]	145.6217594076842	[2.0051279595468268, 5]
0.0	0	34.935237709942086	[1, 0]	162.62219502586225	[7.903315396087864, 5]
0.0	0	42.09900681127639	[2, 0]	90.88724744552302	[1.6335207717546607, 5]
0.0	0	38.890336856424774	[1, 0]	126.0771291229199	[4.498014027896899, 5]
0.0	0	15.546128509201075	[1, 0]	137.62131154060307	[4.614966070627775, 5]
0.0	0	47.59854198569482	[2, 0]	164.02687320621004	[3.1511476879821134, 5]
0.0	0	38.81329600067489	[2, 0]	131.4149038309485	[6.952362542473593, 5]
0.0	0	44.69799914732768	[2, 0]	114.31172172881027	[3.4251909653316157, 5]
0.0	0	28.88478167038678	[1, 0]	120.67325365425708	[7.306370931786316, 5]
0.0	0	42.67265112940244	[1, 0]	110.95466895708819	[6.431079641256517, 5]
0.0	0	16.20257649923122	[1, 0]	157.05628540608467	[7.401895434357796, 5]
0.0	0	39.10092070516896	[2, 0]	140.06086083339935	[2.0503630423797423, 5]
0.0	0	45.99706740284481	[2, 0]	90.83543665799027	[1.8894782109758628, 5]
0.0	0	46.392362502780344	[2, 0]	134.49140104421878	[4.75405637652117, 5]
0.0	0	39.968091133711994	[1, 0]	154.46773600379464	[7.61417587160158, 5]
0.0	0	14.097567486898296	[2, 0]	130.98273750592566	[3.0439959213465686, 5]
0.0	0	23.10880913026423	[2, 0]	159.3191698210328	[8.108385800493549, 5]
0.0	0	24.430586406987093	[1, 0]	125.81340106315236	[4.8717675689629285, 5]
0.0	0	33.65022105836711	[1, 0]	173.72209378040105	[5.297230357250358, 5]
0.0	0	23.100574923914934	[1, 0]	141.45894280675589	[5.2569061902047896, 5]
0.0	0	26.06600818052346	[1, 0]	121.35314516159416	[1.976293789729739, 5]
0.0	0	45.25080387216341	[2, 0]	165.85011275237918	[4.5523069101996745, 5]
0.0	0	43.53247211558061	[2, 0]	145.95347396801097	[2.3732699960871004, 5]
0.0	0	25.313954906958166	[2, 0]	109.59346264490213	[2.3213280708482236, 5]
0.0	0	29.87881032603988	[2, 0]	138.01888914937422	[4.988070927947877, 5]
0.0	0	19.78251454070127	[1, 0]	145.00216480991162	[6.1396933598400265, 5]
0.0	0	13.993356681000455	[2, 0]	167.49578609969677	[7.419512393651216, 5]
0.0	0	36.533542828885686	[1, 0]	140.83916629245454	[2.0944696143207846, 5]
0.0	0	30.423790386969237	[1, 0]	99.0233337521674	[7.6211874173713365, 5]
0.0	0	12.25614868108194	[2, 0]	153.06951871200738	[7.91779793719828, 5]
0.0	0	45.12579396428365	[1, 0]	91.9911266083788	[7.8674590824112585, 5]
0.0	0	19.1040463637909	[1, 0]	112.35444183709251	[8.22950633140118, 5]
0.0	0	28.689341156622458	[2, 0]	160.54979398755376	[4.047976547506544, 5]
0.0	0	30.961648718867384	[2, 0]	153.3210711177582	[3.272149572437777, 5]
0.0	0	19.0350382390397	[1, 0]	176.57048770627577	[3.3562581947260073, 5]
0.0	0	48.14159882286027	[1, 0]	90.64504978974746	[7.875252152325904, 5]
0.0	0	33.14247586264419	[1, 0]	102.97737734343373	[3.753952082275839, 5]
0.0	0	43.653852016451204	[1, 0]	102.63211512001682	[3.477823787341508, 5]
0.0	0	21.682267501655723	[2, 0]	101.17474076117112	[7.755599623995275, 5]
0.0	0	19.835402927153126	[1, 0]	91.73799758272555	[3.644462652558206, 5]
0.0	0	19.694803991646747	[1, 0]	107.02478919055099	[6.868125247708326, 5]
0.0	0	49.56944014134762	[2, 0]	104.58014242933878	[5.733974244722614, 5]
0.0	0	14.239964598407072	[1, 0]	115.04372812299633	[8.23496748724316, 5]
0.0	0	30.78238094798186	[1, 0]	129.80037207251934	[3.728034397790679, 5]
0.0	0	46.19037917072317	[2, 0]	153.0362026704899	[6.904495914464227, 5]
0.0	0	48.528323666254394	[2, 0]	133.6624115349519	[7.278150429452968, 5]
0.0	0	24.221172653102627	[1, 0]	105.43178888735603	[7.201731777476262, 5]
0.0	0	27.982893206678174	[1, 0]	145.80333861551526	[5.840891807678629, 5]
0.0	0	35.57435623689939	[1, 0]	116.21584562071067	[6.2432031508463215, 5]
0.0	0	10.158511386611712	[1, 0]	140.72434128329567	[7.812982268318813, 5]
0.0	0	49.723221672173665	[2, 0]	121.2166469572293	[8.142053995557879, 5]
0.0	0	48.87778719220515	[2, 0]	145.676584409819	[4.461378905238173, 5]
0.0	0	15.970793913512649	[1, 0]	172.44743436497328	[8.09173930017802, 5]
0.0	0	19.149010089192156	[2, 0]	150.67847347130333	[6.599737398246542, 5]
0.0	0	21.05806608577532	[1, 0]	131.64092959364316	[3.9330789196635227, 5]
0.0	0	15.05188609734814	[2, 0]	92.65578119689292	[2.741359686901909, 5]
0.0	0	20.71141418704733	[2, 0]	142.4125305185207	[3.8927152773422997, 5]
0.0	0	36.2880319624805	[2, 0]	154.6246147029338	[6.084300910429687, 5]
0.0	0	36.630184465443214	[1, 0]	109.6792359930529	[8.093129160828711, 5]
0.0	0	10.884684903268047	[1, 0]	134.99843379839703	[8.159408484973865, 5]
0.0	0	21.267363749493583	[1, 0]	100.94048337883028	[7.884541318212078, 5]
0.0	0	10.532687043641454	[2, 0]	115.66336414068628	[2.447810644064518, 5]
0.0	0	44.90972074035011	[2, 0]	144.4632551998138	[2.288597861125885, 5]
0.0	0	23.90424033293461	[1, 0]	155.47171117745688	[8.066849188889256, 5]
0.0	0	44.947129374765694	[1, 0]	139.00216036108793	[8.254479650606234, 5]
0.0	0	45.87357580159106	[2, 0]	174.5156590227026	[8.258064563028881, 5]
0.0	0	36.880957611724526	[1, 0]	97.12654003591791	[3.7265652228044726, 5]
0.0	0	15.657767733407585	[2, 0]	156.0884265554225	[6.560756853100194, 5]
0.0	0	18.501645562096623	[2, 0]	138.20720473134543	[4.813180204909908, 5]
0.0	0	29.108282284932216	[2, 0]	151.50504170431026	[1.9790863970942594, 5]
0.0	0	30.364685857904718	[1, 0]	146.33173591626726	[5.877164613004534, 5]
0.0	0	31.0272730033182	[1, 0]	127.46856791883475	[1.5928815007646329, 5]
0.0	0	12.689947553937913	[2, 0]	165.8077403028773	[7.010238219432926, 5]
0.0	0	41.44112879344057	[2, 0]	177.29383664378875	[5.349469717033658, 5]
0.0	0	48.94506268613256	[2, 0]	111.1664174639237	[1.9057189665105996, 5]
0.0	0	36.34332866562945	[1, 0]	140.42214137959945	[1.6607669299101617, 5]
0.0	0	17.399022201787577	[2, 0]	152.2347905010311	[3.5185424371160403, 5]
0.0	0	16.581335139442757	[1, 0]	143.14245849430466	[7.762189016057754, 5]
0.0	0	35.56595805262603	[2, 0]	147.2227048194298	[7.352728216603234, 5]
0.0	0	33.177353226383346	[1, 0]	106.43013852108567	[1.7919693451154464, 5]
0.0	0	15.666664868116579	[1, 0]	91.57517400809974	[3.3006278320510107, 5]
0.0	0	24.80989669388612	[1, 0]	167.50266851427386	[5.312264555441146, 5]
0.0	0	13.421754060482892	[1, 0]	164.59509360422953	[4.273489926996609, 5]
0.0	0	24.117264981524514	[2, 0]	112.22917065632424	[5.305933402946893, 5]
0.0	0	26.220095123260343	[1, 0]	176.46351036887648	[5.2306506525722085, 5]
0.0	0	28.56050563617709	[1, 0]	108.37466835866451	[2.240323466700647, 5]
0.0	0	39.32212523614902	[1, 0]	119.94886460481807	[3.9203137153092045, 5]
0.0	0	18.780917258411794	[2, 0]	119.5674065865267	[8.29040064629396, 5]
0.0	0	22.978918666319217	[2, 0]	114.63712163734972	[5.309504613272685, 5]
0.0	0	34.78246250988999	[2, 0]	101.45076782901182	[5.659534515629285, 5]
0.0	0	13.266219771346078	[2, 0]	149.24319905611824	[2.065257752425806, 5]
0.0	0	43.6065391180338	[1, 0]	177.77271159090304	[2.127207407302383, 5]
0.0	0	37.171552786936985	[2, 0]	117.33453357088507	[3.380067261543438, 5]
0.0	0	47.17382131763468	[2, 0]	156.93328207087902	[3.3137020614014765, 5]
0.0	0	37.344437617872046	[2, 0]	157.20048785687135	[2.1977853014000672, 5]
0.0	0	10.893533928537787	[1, 0]	100.3191916578158	[3.849844260155429, 5]
0.0	0	41.13718918571344	[1, 0]	147.1333231615996	[6.0073293147141245, 5]
0.0	0	34.25225388646946	[1, 0]	116.05773726391487	[5.860092794548376, 5]
0.0	0	42.66767461165268	[1, 0]	128.82250713706918	[2.149907335588192, 5]
0.0	0	11.003509916324756	[2, 0]	148.7520756970097	[6.551526590603121, 5]
0.0	0	32.94650727225907	[2, 0]	155.98891055260384	[7.53035061235733, 5]
0.0	0	35.549978946476905	[2, 0]	135.6679095695656	[7.040200856819479, 5]
0.0	0	38.83140565534883	[1, 0]	155.03982434825775	[2.9152079196959235, 5]
0.0	0	39.451387231667304	[1, 0]	138.65164450050102	[1.8624181132738136, 5]
0.0	0	32.65729070388924	[2, 0]	97.50175600793187	[5.295605799950581, 5]
0.0	0	10.05229850825752	[1, 0]	145.82121815842976	[7.6332423929542585, 5]
0.0	0	49.91506134021906	[1, 0]	177.28868996640205	[1.9968151498303568, 5]
0.0	0	18.348955232711024	[2, 0]	110.5043197663629	[6.802398266622737, 5]
0.0	0	47.75772544939016	[1, 0]	153.85810560394714	[5.447693641346242, 5]
0.0	0	49.161532037027754	[2, 0]	148.0292716461065	[6.0969823751328684, 5]
0.0	0	26.77887831558967	[1, 0]	130.1843833929082	[2.074045164444643, 5]
0.0	0	40.93549162281014	[1, 0]	111.07631606588664	[3.70373481302911, 5]
0.0	0	41.835558543363234	[2, 0]	102.72586953723476	[8.035066653417282, 5]
0.0	0	26.03968770861415	[2, 0]	103.4067325913166	[4.837657115670636, 5]
0.0	0	40.2292677676644	[1, 0]	93.91853337971148	[3.0274334727467904, 5]
0.0	0	39.20256093174609	[2, 0]	95.07734988904986	[1.6689103822058031, 5]
0.0	0	31.175267872636702	[2, 0]	110.39066167299347	[5.419932747728264, 5]
0.0	0	10.210998068728937	[1, 0]	126.06721868756	[7.291150137077321, 5]
0.0	0	42.04978345878822	[1, 0]	146.55307026784544	[6.032435367921156, 5]
0.0	0	47.770158203303566	[1, 0]	177.36164217492376	[7.952641231662035, 5]
0.0	0	31.202363573223614	[2, 0]	106.10125694644981	[4.380230952775991, 5]
0.0	0	47.170009177279	[2, 0]	141.58458191608517	[3.9923463087986715, 5]
0.0	0	30.961387732691612	[2, 0]	127.59226616233573	[4.217514499353085, 5]
0.0	0	37.053273961235575	[1, 0]	165.62805759559245	[6.412915861470682, 5]
0.0	0	23.522977402991295	[1, 0]	143.87011222651526	[6.990380571113424, 5]
0.0	0	23.091517041387156	[2, 0]	126.60145419772806	[5.298272830818323, 5]
0.0	0	26.565088395569195	[2, 0]	126.54030424407148	[5.716179921031121, 5]
0.0	0	26.414353301901638	[1, 0]	124.87775884065938	[5.659589429903006, 5]
0.0	0	10.581892377383687	[2, 0]	117.9917435222674	[2.482520363236735, 5]
0.0	0	38.55994955334692	[2, 0]	106.36964374567921	[5.119277960101898, 5]
0.0	0	15.043876108313013	[1, 0]	113.65569090767879	[3.082655501219263, 5]
0.0	0	18.265957853620932	[1, 0]	176.5200928825808	[3.0598546444315677, 5]
0.0	0	24.69360880983731	[2, 0]	119.11548265917465	[5.923702023086832, 5]
0.0	0	36.93638789521437	[2, 0]	166.99113161075644	[4.49471707198617, 5]
0.0	0	26.457405603792964	[2, 0]	127.00586672888898	[3.057930335432052, 5]
0.0	0	33.278243919569924	[2, 0]	161.20406539080938	[7.15264224730286, 5]
0.0	0	17.435819095772867	[1, 0]	159.08413420709826	[4.391125671546436, 5]
0.0	0	44.693708849558085	[2, 0]	124.64389220531243	[8.001347119222814, 5]
0.0	0	11.41511366371953	[2, 0]	100.19857528986307	[3.461377478514787, 5]
0.0	0	46.870592780309124	[1, 0]	112.5843561909654	[5.380325293595589, 5]
0.0	0	30.385542672076237	[1, 0]	111.51340950797005	[4.357001989970045, 5]
0.0	0	26.651832220410494	[2, 0]	137.826623433229	[8.243437059531608, 5]
0.0	0	19.27254434004121	[1, 0]	92.26065416781415	[8.301957800323107, 5]
0.0	0	46.506861098301506	[1, 0]	131.48727012161095	[1.527572357658442, 5]
0.0	0	21.092223739210375	[1, 0]	115.57146840520457	[4.931383441379108, 5]
0.0	0	23.38481283323652	[2, 0]	167.2514789313414	[5.836425998354495, 5]
0.0	0	11.973242894312996	[1, 0]	129.32220230315903	[5.5486636969518, 5]
0.0	0	24.774388152121215	[1, 0]	91.17837719614717	[4.0120102476947, 5]
0.0	0	22.056188488287333	[1, 0]	97.0604592683977	[5.364188804955798, 5]
0.0	0	48.25565546768181	[1, 0]	118.44675366485588	[7.102488735329796, 5]
0.0	0	40.15224166202735	[2, 0]	130.31586760963188	[1.4965021968708816, 5]
0.0	0	48.87402576197153	[2, 0]	137.16131796854387	[3.7655269354691683, 5]
0.0	0	38.26303640804813	[2, 0]	142.25636462118567	[2.3414996399221275, 5]
0.0	0	43.34964676696625	[1, 0]	99.34766179602487	[7.174260898107881, 5]
0.0	0	23.97126879851162	[1, 0]	107.66345818667696	[2.992207924452084, 5]
0.0	0	36.106379496457556	[1, 0]	153.38358390513588	[4.198563878890901, 5]
0.0	0	47.72642534075173	[2, 0]	166.1497760187184	[5.916966172568231, 5]
0.0	0	30.026461399049328	[1, 0]	102.27383109999008	[5.442054255690235, 5]
0.0	0	39.67701721267048	[1, 0]	110.68388174461394	[1.775515348031159, 5]
0.0	0	40.56335198994953	[2, 0]	91.61983095546462	[7.741272214292927, 5]
0.0	0	49.46078030199064	[2, 0]	171.7595323189954	[7.35798349674492, 5]
0.0	0	32.39518736040556	[1, 0]	122.58006881921615	[5.261526290492103, 5]
0.0	0	34.8476747598566	[2, 0]	98.49187969369618	[6.232698003480371, 5]
0.0	0	21.06226601401172	[1, 0]	150.40398051179608	[2.2342414476611294, 5]
0.0	0	34.580481868745174	[2, 0]	100.52615150241323	[5.186246804833468, 5]
0.0	0	16.946222810589422	[1, 0]	122.65732384314155	[4.839629402288738, 5]
0.0	0	26.741248512759242	[1, 0]	136.58459591695123	[1.7059467002568165, 5]
0.0	0	44.8059965974226	[2, 0]	91.01858856298973	[5.390610431948066, 5]
0.0	0	11.181486857406247	[2, 0]	170.6396235559481	[7.964173642426731, 5]
0.0	0	46.66522648613239	[2, 0]	100.93124481203569	[7.959664868031301, 5]
0.0	0	15.802727975419963	[2, 0]	143.49148513819154	[3.1647179377226413, 5]
0.0	0	22.05090887608664	[2, 0]	152.78040031164733	[5.128447623063206, 5]
0.0	0	36.63069759799151	[2, 0]	120.57911736438025	[2.921748338894901, 5]
0.0	0	47.70852704595644	[1, 0]	173.6832666253252	[2.012981683537993, 5]
0.0	0	46.99785221712552	[2, 0]	164.96049239763616	[2.514974242752526, 5]
0.0	0	16.06294054528903	[1, 0]	97.4371234134753	[4.508850683246174, 5]
0.0	0	13.576345273077035	[2, 0]	92.47884873158644	[2.0108787551387395, 5]
0.0	0	33.990859572898415	[2, 0]	175.059568590075	[3.2478231701530533, 5]
0.0	0	45.00297519565466	[1, 0]	98.14544101861921	[1.4896701482079857, 5]
0.0	0	27.07208739636472	[1, 0]	122.7739930804323	[6.664471315559897, 5]
0.0	0	19.315118051704456	[2, 0]	93.64333005981425	[5.683959067707006, 5]
0.0	0	47.66354797020912	[2, 0]	125.10500196391129	[4.9189685809739085, 5]
0.0	0	42.25776091332219	[2, 0]	152.44763181912086	[7.872124499261453, 5]
0.0	0	37.71593451480526	[1, 0]	122.42811001986935	[2.135449176391211, 5]
0.0	0	12.90598051062645	[1, 0]	117.50538106531253	[3.246333344882093, 5]
0.0	0	25.397755181771053	[1, 0]	171.22255956505273	[5.61737182540928, 5]
0.0	0	40.595962346048324	[1, 0]	126.91826135888886	[5.698188008018794, 5]
0.0	0	19.12599493717993	[1, 0]	176.85637535281538	[5.2969109998346315, 5]
0.0	0	38.230130626231215	[1, 0]	92.65752351539818	[2.9225098030323773, 5]
0.0	0	46.67741901022625	[2, 0]	167.14554192569796	[6.421047839351511, 5]
0.0	0	35.52124093526095	[1, 0]	145.1151194899929	[7.607450298594224, 5]
0.0	0	22.37974233054822	[1, 0]	106.48928364840611	[7.103610115465538, 5]
0.0	0	25.013082944632906	[2, 0]	176.59291588242007	[5.930158354173044, 5]
0.0	0	42.42248601161001	[2, 0]	113.87340163174169	[7.23945711405277, 5]
0.0	0	42.83974559061918	[1, 0]	122.07446094414559	[2.867168953512379, 5]
0.0	0	35.48290700876194	[1, 0]	95.16656977198244	[4.115118147008427, 5]
0.0	0	43.195912895210675	[1, 0]	153.2163486282461	[7.001103774895159, 5]
0.0	0	38.35985797331962	[2, 0]	148.68094012199873	[6.532478469719499, 5]
0.0	0	29.181948483762064	[2, 0]	111.71627156215969	[6.270586698377686, 5]
0.0	0	37.66252139419861	[1, 0]	141.1230327628088	[5.503889158464022, 5]
0.0	0	11.661925794461188	[1, 0]	149.02857548311178	[7.806351934196444, 5]
0.0	0	26.032434581105473	[1, 0]	139.80479501207412	[7.642429832988681, 5]
0.0	0	12.774134998773647	[1, 0]	92.49152604028866	[7.087963366010082, 5]
0.0	0	19.98169326396884	[2, 0]	125.88944560068987	[6.898686814462368, 5]
0.0	0	13.797661004415863	[1, 0]	165.97401690027425	[7.510656042565875, 5]
0.0	0	49.36338185710975	[1, 0]	159.10801525205082	[3.5157032576143243, 5]
0.0	0	39.72490600400498	[2, 0]	171.44548969631015	[6.549696286569214, 5]
0.0	0	15.731764219379187	[1, 0]	117.36055020272863	[5.223236370028691, 5]
0.0	0	29.793556656858257	[2, 0]	132.5201332250645	[5.926988772729763, 5]
0.0	0	20.90859975526495	[1, 0]	128.74778945991946	[5.2428681178878955, 5]
0.0	0	39.26534042814225	[1, 0]	110.61127497945603	[2.6389182256413872, 5]
0.0	0	25.315303617338724	[1, 0]	148.8421076049938	[3.3408227262763686, 5]
0.0	0	38.36332707536884	[2, 0]	90.24212586717944	[6.735699134978169, 5]
0.0	0	15.300448455491964	[2, 0]	112.18067263027389	[1.7243844487358067, 5]
0.0	0	12.304801581223833	[1, 0]	167.8448594181656	[5.192082311844474, 5]
0.0	0	48.87528446855437	[1, 0]	126.06006249330461	[3.931539205840009, 5]
0.0	0	45.382616685364695	[1, 0]	146.0149551450514	[5.360801682665446, 5]
0.0	0	41.9877368882396	[1, 0]	176.0236437165069	[1.7638284468344954, 5]
0.0	0	10.282563230487877	[2, 0]	152.47743874076943	[3.9486818615198005, 5]
0.0	0	40.028235635455445	[1, 0]	147.00715882537628	[4.320365622660875, 5]
0.0	0	22.490367025446886	[1, 0]	164.35944261482894	[2.8164260848609413, 5]
0.0	0	19.82769108327153	[2, 0]	125.04412101991588	[5.08171545420113, 5]
0.0	0	34.31217532932308	[2, 0]	144.5685922850995	[3.6734759409393525, 5]
0.0	0	39.90611585733462	[2, 0]	96.23099986726031	[6.389240504862435, 5]
0.0	0	29.02215483189664	[1, 0]	164.08476427388257	[7.435934067243162, 5]
0.0	0	19.997371887806715	[1, 0]	158.5826715120185	[2.760505752927602, 5]
0.0	0	26.093295337162992	[1, 0]	115.4055735743159	[5.727518917169894, 5]
0.0	0	11.09279705790323	[1, 0]	112.72456986902398	[1.9487093339436514, 5]
0.0	0	36.03331203630943	[2, 0]	172.80383587891703	[3.169586244520513, 5]
0.0	0	27.147846330670355	[1, 0]	153.23397977693423	[3.6528129788607706, 5]
0.0	0	37.48512402758855	[2, 0]	154.35362626742432	[5.990789397528354, 5]
0.0	0	33.994629600215355	[2, 0]	158.65740225731673	[6.9910538293827695, 5]
0.0	0	33.73225321727277	[1, 0]	113.01089898527741	[3.1547406435784624, 5]
0.0	0	24.38715621910204	[1, 0]	167.01799675561597	[4.442560060583347, 5]
0.0	0	45.69913849190687	[1, 0]	106.72803126207154	[2.9462736724332252, 5]
0.0	0	20.261296631388287	[2, 0]	91.76804922830487	[3.0463128182799704, 5]
0.0	0	11.517763731876261	[1, 0]	92.39416984522322	[2.4190829986164304, 5]
0.0	0	43.367864272559586	[1, 0]	148.7509309839606	[4.624258513096472, 5]
0.0	0	11.609483964062726	[1, 0]	156.1105696049253	[3.625190595740022, 5]
0.0	0	20.749251613841437	[2, 0]	102.39260469669132	[4.189126046172088, 5]
0.0	0	20.489535220730666	[2, 0]	120.85815322000809	[7.7816435868428195, 5]
0.0	0	28.85265778732563	[1, 0]	97.71210343523451	[7.719916028748682, 5]
0.0	0	43.116767056053455	[1, 0]	117.32697419392164	[4.217502344798437, 5]
0.0	0	45.49341088554557	[1, 0]	142.27285978103916	[7.609111913814647, 5]
0.0	0	26.35134526395757	[2, 0]	126.23329217464965	[2.3256541465310834, 5]
0.0	0	21.61966027016883	[2, 0]	171.75196838981552	[8.212707782712199, 5]
0.0	0	23.17319398555364	[2, 0]	162.60882019927686	[2.663460467588328, 5]
0.0	0	22.475208784463806	[2, 0]	98.57338303319406	[6.976273388932353, 5]
0.0	0	38.83517839520529	[2, 0]	113.25622820639869	[7.401923451862309, 5]
0.0	0	48.87680351397765	[2, 0]	122.53241052227375	[6.6820133893434335, 5]
0.0	0	21.042618304411196	[1, 0]	137.66316925164273	[6.106675954450588, 5]
0.0	0	44.03033830122769	[2, 0]	134.72591590444247	[7.737099056327277, 5]
0.0	0	45.8409173577901	[2, 0]	95.87195618822365	[6.555862622593479, 5]
0.0	0	42.41443136939092	[1, 0]	113.7627867571077	[2.2004390538717584, 5]
0.0	0	29.813542876644895	[2, 0]	155.56754103193293	[3.386897005138841, 5]
0.0	0	36.31027467971281	[1, 0]	98.30473846290447	[6.359239950262175, 5]
0.0	0	35.351504222164735	[1, 0]	141.10187739721482	[5.280396125011712, 5]
0.0	0	12.566886273926263	[2, 0]	107.58049673314527	[1.5939421367309643, 5]
0.0	0	36.69318251857814	[1, 0]	127.15526925648717	[8.202172242132052, 5]
0.0	0	48.41887029436856	[2, 0]	161.55358873316712	[2.6646201734751522, 5]
0.0	0	38.65803144989021	[2, 0]	120.27307240380281	[8.076084111452955, 5]
0.0	0	14.78515499196764	[1, 0]	132.4789696024542	[4.321748335206089, 5]
0.0	0	42.427307793253874	[2, 0]	129.1084611009704	[8.044702574334258, 5]
0.0	0	41.15247181643481	[1, 0]	176.24855000461153	[3.9876560361705295, 5]
0.0	0	37.85318390076126	[2, 0]	102.21274261317471	[7.882410730196662, 5]
0.0	0	28.6843596803525	[1, 0]	160.11698990379762	[3.4189270498154705, 5]
0.0	0	33.05321672806436	[2, 0]	100.71131748513406	[1.916619594274157, 5]
0.0	0	10.589426704081543	[2, 0]	128.54755098602797	[3.333305563204567, 5]
0.0	0	11.813113198016005	[1, 0]	106.8386150603749	[7.5180777629666, 5]
0.0	0	38.537935310405885	[2, 0]	118.0948655387012	[4.413653583928756, 5]
0.0	0	31.60466440293981	[2, 0]	126.53605568499972	[1.9375284261343289, 5]
0.0	0	10.778533326111662	[2, 0]	105.09097519913476	[4.808185414533121, 5]
0.0	0	32.998143285184895	[1, 0]	166.6818922672889	[3.4547584277098546, 5]
0.0	0	19.05102313314022	[1, 0]	167.47366567398615	[3.046092660044374, 5]
0.0	0	40.289680851800576	[1, 0]	167.0047282134051	[4.815727790519327, 5]
0.0	0	16.924455384460668	[1, 0]	94.02405646982173	[2.8800983837628715, 5]
0.0	0	35.63380611833801	[2, 0]	130.5248230577768	[2.488646267719658, 5]
0.0	0	31.722702313173112	[1, 0]	150.95346529643473	[2.4730488192338393, 5]
0.0	0	33.14079203870527	[2, 0]	175.94331507958807	[6.334883325057424, 5]
0.0	0	18.94518990419794	[2, 0]	132.15447232366284	[4.124190772329764, 5]
0.0	0	29.10828130997148	[2, 0]	95.94520932826913	[2.1707743354065387, 5]
0.0	0	34.18515015009241	[1, 0]	90.84162663012678	[7.057460058100041, 5]
0.0	0	45.4593529487863	[2, 0]	170.20676186387777	[7.975979025537961, 5]
0.0	0	27.634175255500285	[2, 0]	140.2504455419952	[6.935155458320762, 5]
0.0	0	35.05735461381448	[2, 0]	177.65720780536503	[2.7556126535687406, 5]
0.0	0	14.407517508300863	[2, 0]	111.04049613546391	[3.71700502777959, 5]
0.0	0	38.30334291371492	[2, 0]	162.37408299568068	[7.3797239009455184, 5]
0.0	0	47.055545731765534	[2, 0]	155.1050999311517	[2.66267161534492, 5]
0.0	0	26.4448390581771	[2, 0]	93.53726095213172	[2.219971711984492, 5]
0.0	0	26.38896917402306	[1, 0]	125.7313244687056	[7.0875069779599835, 5]
0.0	0	36.21353588280042	[2, 0]	157.22412323810357	[5.158289078875805, 5]
0.0	0	32.98489069830612	[1, 0]	171.9986272508492	[4.986046508766917, 5]
0.0	0	16.68602156117353	[1, 0]	99.36405894559337	[5.54355570974486, 5]
0.0	0	17.313925195630983	[2, 0]	122.529553760379	[5.609654200368647, 5]
0.0	0	15.720591927340594	[2, 0]	153.7682476188141	[7.848010175961523, 5]
0.0	0	32.37119979511006	[1, 0]	143.50449245101782	[7.757527434231577, 5]
0.0	0	15.78712917613581	[2, 0]	112.0252846655513	[5.60751641734759, 5]
0.0	0	29.285681972716574	[2, 0]	122.16403374069067	[1.6073986207009716, 5]
0.0	0	31.73420168748253	[1, 0]	130.93984308618514	[8.074186238764604, 5]
0.0	0	11.599328229344072	[2, 0]	139.2894419154205	[6.214535723027885, 5]
0.0	0	44.01816561796339	[1, 0]	91.31424725078026	[2.4484270762206104, 5]
0.0	0	35.741816064243196	[2, 0]	153.80873877857243	[7.076388843388173, 5]
0.0	0	39.57984113095839	[2, 0]	148.01220062380173	[6.837572019270336, 5]
0.0	0	32.89749380621552	[2, 0]	91.06095995834774	[3.1004785080260473, 5]
0.0	0	39.37204088846989	[1, 0]	122.80636500087869	[6.098671165390231, 5]
0.0	0	28.158281836130282	[2, 0]	175.06252658620298	[7.324488294937371, 5]
0.0	0	33.671989568481315	[2, 0]	142.87044028827455	[7.766785132588953, 5]
0.0	0	16.93779032054614	[2, 0]	119.9479195840073	[7.101720405968725, 5]
0.0	0	25.801323282887584	[1, 0]	136.79538204804072	[6.551742829173919, 5]
0.0	0	38.62855601107882	[2, 0]	107.73353581018853	[4.789278712162132, 5]
0.0	0	20.27184938731589	[2, 0]	116.79129862039038	[1.7312849125524497, 5]
0.0	0	28.207329155248487	[1, 0]	105.4960952473769	[4.75273356230801, 5]
0.0	0	38.844320888173904	[1, 0]	107.31183231625303	[6.636237904175236, 5]
0.0	0	22.626888764476742	[2, 0]	126.326670662396	[5.5440000538427565, 5]
0.0	0	40.633120090156446	[1, 0]	117.40237391604082	[3.716029785805386, 5]
0.0	0	21.078994846433936	[1, 0]	101.3554847462834	[8.148284979935658, 5]
0.0	0	28.038878307455768	[1, 0]	138.2428867687962	[3.683614601055617, 5]
0.0	0	22.52398247491973	[1, 0]	163.04017114485578	[4.782350724855373, 5]
0.0	0	46.86531589082469	[2, 0]	130.04162566957763	[7.851990415374368, 5]
0.0	0	14.832589592726395	[2, 0]	100.46824490968099	[2.319578482544291, 5]
0.0	0	14.405041948765614	[1, 0]	115.09344516017816	[4.994543621536395, 5]
0.0	0	11.617920315026273	[2, 0]	118.93957272325495	[4.258029312023014, 5]
0.0	0	30.942361011058885	[1, 0]	139.45707192113528	[6.747831600785471, 5]
0.0	0	49.277391621161215	[1, 0]	174.97675953218305	[7.984212477182967, 5]
0.0	0	34.62012547743622	[1, 0]	114.30209366355474	[4.232888738821142, 5]
0.0	0	40.99467318607027	[2, 0]	89.26499647883239	[3.9804359832012004, 5]
0.0	0	43.29283856634146	[2, 0]	104.5759104594265	[5.912824320790032, 5]
0.0	0	30.272679450673945	[1, 0]	136.8526565813087	[2.0890625302897092, 5]
0.0	0	10.93796975078862	[1, 0]	124.35395760509473	[1.946967125958337, 5]
0.0	0	29.379538702906217	[1, 0]	174.23077433103157	[3.2299966918132905, 5]
0.0	0	14.188853310703294	[2, 0]	173.45082232967218	[8.324411306663707, 5]
0.0	0	32.8378583148415	[1, 0]	146.1821004795194	[8.220654944352276, 5]
0.0	0	13.315983500076305	[2, 0]	108.25387730261242	[2.719610899896291, 5]
0.0	0	31.219904571400132	[1, 0]	126.13309274338712	[8.316963108518475, 5]
0.0	0	21.705570809229204	[2, 0]	166.74791344279802	[2.0817595936931124, 5]
0.0	0	16.566787431594804	[2, 0]	101.26887782336541	[3.5681961941655147, 5]
0.0	0	15.32137741611508	[2, 0]	158.63291430284303	[6.203926364738368, 5]
0.0	0	26.861380537956745	[2, 0]	139.9237794477368	[6.879638197251792, 5]
0.0	0	15.739172846328183	[2, 0]	134.89102540229004	[3.3887728299546738, 5]
0.0	0	49.66810201485883	[1, 0]	139.36108031027038	[3.075620807528699, 5]
0.0	0	16.505002332165514	[1, 0]	152.95336385765816	[6.247232919059188, 5]
0.0	0	49.91287810392833	[1, 0]	120.21292410999048	[4.309218018042143, 5]
0.0	0	42.80168961281686	[2, 0]	96.4947470482643	[7.500354644826126, 5]
0.0	0	39.80994970143536	[1, 0]	166.47901483307433	[7.898554383273696, 5]
0.0	0	47.2506762622564	[1, 0]	132.8045844541944	[8.121271469240938, 5]
0.0	0	29.24408225288658	[2, 0]	177.2259557300743	[7.977362402551333, 5]
0.0	0	41.24609064218602	[1, 0]	167.60564691866108	[4.9232357405328315, 5]
0.0	0	45.50168171205304	[2, 0]	173.0977983823355	[5.324273060418234, 5]
0.0	0	47.594157747233155	[1, 0]	155.164359618527	[1.9137495135199956, 5]
